Image,Value,Label
0,34.631294,0
1,111.69702,0
2,83.97559,0
3,129.51897,0
4,170.80513,0
5,163.73863,0
6,223.68588,0
7,135.69676,0
8,67.66909,0
9,174.6389,0
10,169.58846,0
11,86.41539,0
12,172.04642,0
13,90.63116,0
14,-8.638563,0
15,105.80404,0
16,163.87804,0
17,128.6449,0
18,200.743,0
19,89.69207,0
20,219.14542,0
21,172.4244,0
22,93.3883,0
23,143.48228,0
24,-0.52878386,0
25,100.28915,0
26,12.446581,0
27,192.50432,0
28,167.42223,0
29,42.50025,0
30,205.16888,0
31,49.283802,0
32,53.112617,0
33,46.497467,0
34,195.15625,0
35,176.53065,0
36,133.73714,0
37,78.61914,0
38,224.71312,0
39,89.47733,0
40,60.823875,0
41,185.2535,0
42,278.38843,0
43,158.60608,0
44,175.45601,0
45,114.931725,0
46,251.5208,0
47,157.17972,0
48,81.00475,0
49,103.16871,0
50,121.80723,0
51,209.74751,0
52,163.4397,0
53,144.73799,0
54,74.10787,0
55,50.625088,0
56,196.17033,0
57,78.39445,0
58,217.49925,0
59,155.55978,0
60,129.53514,0
61,89.17701,0
62,152.12175,0
63,34.65133,0
64,236.64433,0
65,163.66853,0
66,108.674446,0
67,68.95579,0
68,149.62758,0
69,71.12333,0
70,47.63308,0
71,87.71711,0
72,169.7588,0
73,270.76755,0
74,189.0601,0
75,-0.87167937,0
76,200.38542,0
77,286.90094,0
78,1.1149273,0
79,-30.212122,0
80,73.0846,1
81,8.63818,1
82,126.18023,1
83,101.77703,1
84,103.862595,1
85,58.324642,1
86,79.509575,1
87,81.43252,1
88,101.958244,1
89,99.48994,1
90,73.760445,1
91,52.01393,1
92,79.78657,1
93,116.75732,1
94,134.7137,1
95,62.70244,1
96,158.86736,1
97,54.85743,1
98,18.83499,1
99,101.45884,1
100,62.519142,1
101,68.286125,1
102,135.23071,1
103,63.513924,1
104,44.141693,1
105,66.113815,1
106,136.25908,1
107,117.131294,1
108,64.1729,1
109,35.930626,1
110,125.507935,1
111,69.78561,1
112,80.65107,1
113,71.905556,1
114,97.27665,1
115,26.078968,1
116,148.30928,1
117,80.52283,1
118,90.75798,1
119,66.2739,1
120,23.523634,1
121,103.00149,1
122,65.403984,1
123,58.088516,1
124,16.499487,1
125,56.06777,1
126,150.96873,1
127,14.742758,1
128,74.268776,1
129,106.28094,1
130,123.950066,1
131,87.981995,1
132,78.16749,1
133,63.093838,1
134,37.56829,1
135,36.460335,1
136,49.527294,1
137,13.06983,1
138,96.49387,1
139,106.43549,1
140,84.65896,1
141,60.428703,1
142,118.14268,1
143,47.340508,1
144,102.191986,1
145,76.13194,1
146,20.27707,1
147,34.406235,1
148,112.086,1
149,113.8958,1
150,100.977715,1
151,152.71156,1
152,142.82521,1
153,72.16537,1
154,136.03024,1
155,107.5645,1
156,117.46,1
157,63.945717,1
158,63.722305,1
159,107.56697,1
160,55.511963,2
161,87.78045,2
162,31.933401,2
163,103.412636,2
164,172.32677,2
165,67.166695,2
166,-19.400206,2
167,225.50432,2
168,-33.6868,2
169,44.527855,2
170,28.346163,2
171,125.80759,2
172,24.533869,2
173,85.150154,2
174,255.16492,2
175,52.785416,2
176,28.313349,2
177,-2.44026,2
178,93.19911,2
179,80.85253,2
180,38.250153,2
181,86.75142,2
182,37.12896,2
183,-20.626104,2
184,112.97181,2
185,28.24412,2
186,107.18405,2
187,61.521343,2
188,48.29863,2
189,36.71615,2
190,70.581184,2
191,164.14796,2
192,-24.895758,2
193,120.25234,2
194,49.007206,2
195,153.71187,2
196,-15.839476,2
197,115.05411,2
198,-14.388731,2
199,16.673311,2
200,24.812162,2
201,211.55473,2
202,-47.119682,2
203,-152.36308,2
204,-73.87411,2
205,-17.199492,2
206,119.32015,2
207,12.544214,2
208,178.42375,2
209,15.856142,2
210,61.704155,2
211,-73.946884,2
212,249.41454,2
213,-3.2188396,2
214,68.27158,2
215,125.30554,2
216,76.904495,2
217,32.834427,2
218,156.7212,2
219,92.26786,2
220,-39.385437,2
221,40.936623,2
222,39.950394,2
223,118.454865,2
224,-16.49177,2
225,76.576866,2
226,-164.197,2
227,47.036896,2
228,11.850946,2
229,158.26956,2
230,-59.30001,2
231,100.039055,2
232,3.298769,2
233,46.35424,2
234,107.39283,2
235,74.64689,2
236,155.25792,2
237,202.7866,2
238,-9.973963,2
239,129.38652,2
240,124.95768,3
241,34.5472,3
242,47.05497,3
243,80.04033,3
244,182.44429,3
245,69.119286,3
246,144.34984,3
247,79.299644,3
248,138.96147,3
249,-10.241653,3
250,168.62846,3
251,106.01739,3
252,161.83458,3
253,204.67775,3
254,81.19559,3
255,164.12917,3
256,39.035816,3
257,244.12495,3
258,158.58263,3
259,123.04607,3
260,147.64613,3
261,180.56851,3
262,185.9547,3
263,110.922585,3
264,83.65119,3
265,149.19809,3
266,151.2679,3
267,165.24132,3
268,98.80744,3
269,62.758392,3
270,75.22872,3
271,106.35974,3
272,181.36887,3
273,106.15087,3
274,185.64848,3
275,-15.773188,3
276,131.45766,3
277,2.8952007,3
278,120.6214,3
279,101.87337,3
280,114.65737,3
281,115.924644,3
282,107.63633,3
283,181.54593,3
284,31.19261,3
285,129.29898,3
286,149.3867,3
287,249.05815,3
288,145.34097,3
289,133.61903,3
290,80.5817,3
291,66.12969,3
292,223.60547,3
293,38.347336,3
294,177.24345,3
295,172.52727,3
296,112.05129,3
297,32.25145,3
298,186.17847,3
299,149.79721,3
300,89.78613,3
301,194.12265,3
302,2.142809,3
303,81.27988,3
304,139.82607,3
305,119.67007,3
306,87.862816,3
307,9.245552,3
308,91.34215,3
309,103.50307,3
310,239.08556,3
311,88.953316,3
312,100.98993,3
313,146.20018,3
314,157.04015,3
315,115.606575,3
316,32.248535,3
317,109.129,3
318,141.95946,3
319,45.579468,3
320,100.965744,4
321,71.599556,4
322,71.45625,4
323,90.27723,4
324,82.61618,4
325,62.507603,4
326,106.85307,4
327,61.658318,4
328,147.58986,4
329,57.38731,4
330,69.564575,4
331,39.96706,4
332,60.88903,4
333,25.564882,4
334,91.27029,4
335,46.659645,4
336,60.01057,4
337,99.86305,4
338,0.2942943,4
339,151.3415,4
340,60.69198,4
341,77.04384,4
342,93.30603,4
343,72.14994,4
344,66.7751,4
345,94.40532,4
346,102.2376,4
347,-15.366552,4
348,41.520294,4
349,95.57143,4
350,137.80287,4
351,18.054766,4
352,81.924904,4
353,123.2504,4
354,-51.53427,4
355,127.34578,4
356,-56.95379,4
357,33.631447,4
358,117.8001,4
359,34.18356,4
360,48.729065,4
361,104.73485,4
362,55.75805,4
363,54.123295,4
364,92.59855,4
365,4.4136524,4
366,52.7387,4
367,32.82125,4
368,70.62309,4
369,15.324484,4
370,-46.209015,4
371,83.96209,4
372,-5.5126667,4
373,52.23609,4
374,48.821655,4
375,125.137825,4
376,89.49687,4
377,66.185585,4
378,121.61483,4
379,106.64021,4
380,117.6401,4
381,13.3333,4
382,144.81387,4
383,113.16422,4
384,50.564186,4
385,55.84922,4
386,142.59393,4
387,158.00696,4
388,67.64145,4
389,74.798004,4
390,-66.32769,4
391,96.79886,4
392,85.84698,4
393,20.898012,4
394,32.53107,4
395,-49.406456,4
396,144.23997,4
397,115.988266,4
398,25.289347,4
399,71.325356,4
400,101.49807,5
401,161.62509,5
402,144.8138,5
403,134.26051,5
404,149.84901,5
405,123.92769,5
406,157.42363,5
407,217.41893,5
408,138.3487,5
409,189.27724,5
410,88.060844,5
411,217.94292,5
412,48.381657,5
413,220.83943,5
414,256.6732,5
415,164.58228,5
416,94.35523,5
417,129.6071,5
418,159.50388,5
419,228.9971,5
420,204.48323,5
421,20.986925,5
422,228.9467,5
423,228.47264,5
424,69.64579,5
425,114.3704,5
426,180.70284,5
427,264.34833,5
428,209.35406,5
429,147.61687,5
430,217.12361,5
431,200.56563,5
432,191.84648,5
433,90.76504,5
434,190.02126,5
435,103.39859,5
436,130.9496,5
437,228.10939,5
438,223.6079,5
439,124.15638,5
440,153.691,5
441,208.13335,5
442,196.14848,5
443,163.41539,5
444,123.94605,5
445,202.1856,5
446,220.54805,5
447,95.38774,5
448,306.6618,5
449,143.46217,5
450,86.55157,5
451,-14.812262,5
452,159.07681,5
453,102.90951,5
454,133.91096,5
455,207.71764,5
456,108.54113,5
457,261.02795,5
458,162.66861,5
459,180.02681,5
460,188.81755,5
461,279.14655,5
462,194.63705,5
463,17.505404,5
464,192.076,5
465,137.08633,5
466,177.8471,5
467,182.11478,5
468,126.35047,5
469,224.72435,5
470,122.3559,5
471,93.56411,5
472,208.05278,5
473,94.25284,5
474,160.74602,5
475,190.24574,5
476,178.20027,5
477,106.89837,5
478,62.879417,5
479,178.78276,5
480,131.7304,6
481,-62.520836,6
482,188.61324,6
483,13.520475,6
484,87.9357,6
485,53.24996,6
486,205.94186,6
487,197.33707,6
488,89.61845,6
489,-40.437977,6
490,49.685226,6
491,158.60164,6
492,11.986708,6
493,103.24462,6
494,42.3881,6
495,139.16298,6
496,133.11186,6
497,138.17477,6
498,-14.995337,6
499,-121.67353,6
500,128.85057,6
501,28.700495,6
502,124.85053,6
503,9.55398,6
504,129.35707,6
505,158.3871,6
506,30.283373,6
507,68.38554,6
508,-54.576347,6
509,-2.2705898,6
510,106.29009,6
511,203.93086,6
512,9.466959,6
513,149.25325,6
514,-6.6925755,6
515,95.49594,6
516,121.7735,6
517,54.062073,6
518,74.1965,6
519,122.88969,6
520,57.61184,6
521,176.66216,6
522,-65.20749,6
523,147.06615,6
524,-138.45879,6
525,112.33547,6
526,-61.211807,6
527,134.95667,6
528,52.756134,6
529,155.92717,6
530,50.184128,6
531,108.7968,6
532,31.935198,6
533,99.82679,6
534,-20.886137,6
535,87.69815,6
536,53.862923,6
537,290.83484,6
538,130.15422,6
539,31.776705,6
540,-53.520405,6
541,39.316734,6
542,63.641636,6
543,125.296555,6
544,-9.692419,6
545,83.31759,6
546,124.698784,6
547,-85.90594,6
548,157.3907,6
549,63.43323,6
550,134.43166,6
551,16.453554,6
552,152.73982,6
553,98.52006,6
554,144.4497,6
555,111.79021,6
556,126.829216,6
557,-68.458885,6
558,-19.643522,6
559,56.78346,6
560,179.36916,7
561,109.0887,7
562,127.04643,7
563,189.47282,7
564,254.47829,7
565,219.01515,7
566,158.05098,7
567,216.21619,7
568,240.88823,7
569,97.68311,7
570,106.88688,7
571,121.21387,7
572,152.11583,7
573,198.43889,7
574,141.3206,7
575,126.889275,7
576,184.13972,7
577,88.47265,7
578,179.1809,7
579,137.96312,7
580,89.956764,7
581,104.04275,7
582,128.9784,7
583,185.40953,7
584,161.27611,7
585,159.9441,7
586,194.83434,7
587,176.83043,7
588,137.23409,7
589,219.19995,7
590,262.61462,7
591,77.60285,7
592,154.54196,7
593,146.22618,7
594,165.26329,7
595,172.80714,7
596,212.10571,7
597,274.6933,7
598,140.32472,7
599,297.28525,7
600,248.16739,7
601,172.7061,7
602,206.51723,7
603,137.87828,7
604,164.42317,7
605,181.9915,7
606,137.45222,7
607,243.1397,7
608,181.84492,7
609,141.57085,7
610,225.00389,7
611,117.24726,7
612,156.22215,7
613,149.03868,7
614,209.68849,7
615,90.004616,7
616,201.4087,7
617,159.59132,7
618,16.059488,7
619,277.2411,7
620,52.938286,7
621,171.8946,7
622,214.18251,7
623,74.79374,7
624,64.73555,7
625,170.18971,7
626,97.883064,7
627,139.36229,7
628,145.50008,7
629,162.4367,7
630,233.33833,7
631,83.93908,7
632,104.87946,7
633,136.15517,7
634,232.10432,7
635,187.29918,7
636,193.73686,7
637,181.9168,7
638,80.67022,7
639,144.25964,7
640,324.72586,8
641,142.17494,8
642,105.95144,8
643,165.40709,8
644,294.75452,8
645,106.85732,8
646,216.45506,8
647,169.45735,8
648,178.09438,8
649,184.2315,8
650,314.2335,8
651,126.26233,8
652,337.33945,8
653,208.8227,8
654,236.06035,8
655,224.60368,8
656,90.66926,8
657,157.47966,8
658,214.27704,8
659,281.70062,8
660,275.76846,8
661,247.49818,8
662,290.13885,8
663,198.03246,8
664,223.49689,8
665,93.035324,8
666,268.11432,8
667,105.1713,8
668,212.1703,8
669,359.33313,8
670,233.7743,8
671,192.22176,8
672,175.3136,8
673,307.52167,8
674,206.89037,8
675,295.52948,8
676,157.97586,8
677,241.38661,8
678,188.57463,8
679,178.10167,8
680,256.54044,8
681,188.97818,8
682,216.15332,8
683,128.44908,8
684,238.52986,8
685,149.49416,8
686,126.09974,8
687,373.60406,8
688,272.42102,8
689,180.62749,8
690,276.9572,8
691,300.24738,8
692,191.81563,8
693,325.37158,8
694,230.62556,8
695,209.812,8
696,296.96802,8
697,176.79297,8
698,169.15611,8
699,288.92358,8
700,354.25174,8
701,220.31592,8
702,128.83449,8
703,161.48634,8
704,290.30206,8
705,211.12587,8
706,198.7946,8
707,220.0478,8
708,196.42381,8
709,326.6005,8
710,114.323204,8
711,202.55797,8
712,205.00183,8
713,130.08492,8
714,214.84059,8
715,292.8229,8
716,147.11256,8
717,158.06618,8
718,172.83182,8
719,146.1016,8
720,162.58867,9
721,242.7377,9
722,164.79984,9
723,173.18388,9
724,178.30887,9
725,150.3427,9
726,118.10404,9
727,94.62248,9
728,165.74283,9
729,169.91632,9
730,163.8195,9
731,98.63757,9
732,120.7043,9
733,126.655174,9
734,161.13734,9
735,114.231125,9
736,168.83548,9
737,142.06224,9
738,182.99612,9
739,161.73126,9
740,119.188126,9
741,185.05412,9
742,56.975304,9
743,153.68181,9
744,22.921907,9
745,98.4887,9
746,92.76023,9
747,159.79234,9
748,86.19779,9
749,181.81606,9
750,147.15862,9
751,113.02727,9
752,106.56275,9
753,166.32486,9
754,190.08473,9
755,99.57196,9
756,140.58334,9
757,100.94751,9
758,172.40906,9
759,59.773956,9
760,129.8436,9
761,231.67064,9
762,95.40533,9
763,217.84605,9
764,176.69771,9
765,135.18445,9
766,136.19215,9
767,137.04373,9
768,127.11677,9
769,53.918854,9
770,197.49695,9
771,174.34918,9
772,129.59996,9
773,145.3104,9
774,189.92667,9
775,119.22404,9
776,243.23476,9
777,142.14575,9
778,2.292879,9
779,91.296425,9
780,181.34212,9
781,127.20818,9
782,121.7406,9
783,115.38563,9
784,186.72644,9
785,140.76302,9
786,75.645004,9
787,77.56965,9
788,121.11991,9
789,173.00908,9
790,212.57558,9
791,131.49236,9
792,223.27345,9
793,141.55669,9
794,154.11888,9
795,173.38069,9
796,112.64008,9
797,143.41692,9
798,225.50624,9
799,73.649956,9
