Image,Value,Label
0,-209.0939,0
1,-71.88117,0
2,-79.60652,0
3,-262.64066,0
4,-135.99916,0
5,-91.06963,0
6,-171.68341,0
7,-188.3646,0
8,-160.33229,0
9,-183.34811,0
10,-166.74062,0
11,-176.66734,0
12,-228.28853,0
13,-147.49011,0
14,-133.64214,0
15,-122.29789,0
16,-160.2636,0
17,-215.94464,0
18,-196.74243,0
19,-205.1363,0
20,-320.04965,0
21,-142.71349,0
22,-254.62427,0
23,-107.030464,0
24,-258.313,0
25,-57.796467,0
26,-186.34035,0
27,-93.06927,0
28,-253.76582,0
29,-111.72636,0
30,-157.26892,0
31,-229.57726,0
32,-130.1535,0
33,-223.51062,0
34,-260.7674,0
35,-166.65637,0
36,-64.36799,0
37,-123.90989,0
38,-189.99095,0
39,-224.09482,0
40,-148.70833,0
41,-145.05377,0
42,-252.25604,0
43,-101.35853,0
44,-134.58421,0
45,-248.28476,0
46,-285.36032,0
47,-133.92502,0
48,-67.66463,0
49,-72.30956,0
50,-183.29863,0
51,-167.0415,0
52,-108.87792,0
53,-195.75394,0
54,-163.71442,0
55,-157.92957,0
56,-171.1401,0
57,-41.714455,0
58,-291.80057,0
59,-134.33286,0
60,-186.48093,0
61,-152.27985,0
62,-100.75799,0
63,-293.5152,0
64,-198.48318,0
65,-293.09494,0
66,-143.65808,0
67,-117.93392,0
68,-97.51446,0
69,-187.28084,0
70,-265.43863,0
71,-254.35019,0
72,-147.71425,0
73,-337.6707,0
74,-155.2229,0
75,-149.02628,0
76,-245.6885,0
77,-292.57498,0
78,-177.6682,0
79,-148.11739,0
80,-71.347115,1
81,-21.504154,1
82,-72.36516,1
83,-41.8813,1
84,-59.40023,1
85,-53.6986,1
86,-42.667664,1
87,-53.612022,1
88,-73.57264,1
89,-75.07563,1
90,-35.458183,1
91,-48.647038,1
92,-34.77555,1
93,-90.54856,1
94,-84.101265,1
95,-33.72082,1
96,-95.541756,1
97,-47.60827,1
98,-62.358627,1
99,-70.96433,1
100,-44.78611,1
101,-47.449417,1
102,-95.378975,1
103,-40.856667,1
104,-43.325157,1
105,-48.379402,1
106,-56.73948,1
107,-71.928154,1
108,-59.342587,1
109,-64.12305,1
110,-70.89565,1
111,-55.498898,1
112,-80.50093,1
113,-62.789,1
114,-73.79981,1
115,-48.764477,1
116,-85.47094,1
117,-59.413845,1
118,-75.80503,1
119,-52.854862,1
120,-48.294754,1
121,-60.57572,1
122,-25.022682,1
123,-61.92324,1
124,-37.34806,1
125,-48.136574,1
126,-83.40978,1
127,-41.01782,1
128,-37.84765,1
129,-51.406055,1
130,-76.726204,1
131,-48.67099,1
132,-49.60592,1
133,-67.916695,1
134,-37.753883,1
135,-59.360863,1
136,-74.53563,1
137,-54.151966,1
138,-64.99099,1
139,-65.284096,1
140,-51.142036,1
141,-43.146595,1
142,-60.10943,1
143,-51.8753,1
144,-37.937183,1
145,-60.08077,1
146,-51.72926,1
147,-59.232857,1
148,-72.31936,1
149,-59.847733,1
150,-82.20725,1
151,-70.21668,1
152,-68.712776,1
153,-74.11385,1
154,-91.7217,1
155,-69.87816,1
156,-102.25392,1
157,-56.578835,1
158,-44.323433,1
159,-63.00578,1
160,-69.940506,2
161,-200.91776,2
162,-128.42616,2
163,-32.583645,2
164,-133.10957,2
165,-211.59111,2
166,-93.01359,2
167,-152.54466,2
168,-111.15763,2
169,-143.5059,2
170,-115.22438,2
171,-180.1045,2
172,-139.96873,2
173,-135.34523,2
174,-135.45842,2
175,-197.50287,2
176,-110.9619,2
177,-220.86049,2
178,-245.46121,2
179,-216.6037,2
180,-33.794834,2
181,-224.547,2
182,-250.17847,2
183,-142.55365,2
184,-123.087524,2
185,-77.19976,2
186,-258.08624,2
187,-122.7584,2
188,-46.129723,2
189,-62.3243,2
190,-121.01959,2
191,-124.79948,2
192,-191.83582,2
193,-108.25747,2
194,-116.11053,2
195,-102.73116,2
196,-205.39359,2
197,-152.25888,2
198,-118.21969,2
199,-202.46663,2
200,-93.16414,2
201,-119.42307,2
202,-135.84592,2
203,-63.165688,2
204,-51.0165,2
205,-70.13512,2
206,-79.64106,2
207,-218.54163,2
208,-177.41467,2
209,-187.04314,2
210,-174.6771,2
211,-223.865,2
212,-223.765,2
213,-139.47253,2
214,-208.40152,2
215,-242.39732,2
216,-114.550095,2
217,-66.08196,2
218,-172.41513,2
219,-155.92778,2
220,-198.81903,2
221,-233.10097,2
222,-145.17981,2
223,-47.502815,2
224,-43.899204,2
225,-44.197838,2
226,-46.248528,2
227,-106.67362,2
228,-123.529594,2
229,-105.07084,2
230,-92.328476,2
231,-181.41817,2
232,-126.134575,2
233,-113.26509,2
234,-211.66881,2
235,-230.02695,2
236,-79.432365,2
237,-121.00295,2
238,-98.28864,2
239,-172.62599,2
240,-95.07822,3
241,-83.2857,3
242,-46.22359,3
243,-44.97743,3
244,-119.868065,3
245,-60.94397,3
246,-119.52159,3
247,-59.925034,3
248,-139.57172,3
249,-69.625114,3
250,-124.28469,3
251,-70.149765,3
252,-98.326195,3
253,-137.71106,3
254,-95.41591,3
255,-168.29335,3
256,-63.45459,3
257,-106.7093,3
258,-130.24399,3
259,-116.65293,3
260,-102.700874,3
261,-110.539894,3
262,-133.65564,3
263,-61.8922,3
264,-70.722496,3
265,-137.03612,3
266,-107.37225,3
267,-112.31667,3
268,-183.3974,3
269,-89.41433,3
270,-74.85456,3
271,-93.09563,3
272,-129.03517,3
273,-108.94059,3
274,-97.91424,3
275,-54.96019,3
276,-131.94894,3
277,-33.146828,3
278,-137.77731,3
279,-204.09323,3
280,-121.43381,3
281,-125.76722,3
282,-147.15591,3
283,-86.04063,3
284,-124.40266,3
285,-94.89207,3
286,-126.10795,3
287,-126.886055,3
288,-111.95876,3
289,-208.83498,3
290,-75.47497,3
291,-72.67256,3
292,-105.20557,3
293,-99.53831,3
294,-146.74635,3
295,-218.72534,3
296,-110.31986,3
297,-80.9807,3
298,-122.21795,3
299,-220.03224,3
300,-121.067924,3
301,-134.99916,3
302,-43.388847,3
303,-75.63827,3
304,-112.770615,3
305,-78.073,3
306,-96.85499,3
307,-49.762474,3
308,-30.426334,3
309,-114.28922,3
310,-198.54488,3
311,-96.00535,3
312,-104.14047,3
313,-77.41546,3
314,-116.16117,3
315,-136.31213,3
316,-59.902866,3
317,-137.38773,3
318,-70.98712,3
319,-133.52908,3
320,-164.03163,4
321,-67.713356,4
322,-55.679295,4
323,-110.90286,4
324,-129.631,4
325,-93.88624,4
326,-91.557884,4
327,-76.94852,4
328,-156.36052,4
329,-100.78522,4
330,-72.74075,4
331,-92.890465,4
332,-69.665474,4
333,-120.1432,4
334,-111.05298,4
335,-58.613174,4
336,-71.11382,4
337,-159.78001,4
338,-59.212376,4
339,-147.33426,4
340,-200.422,4
341,-49.315147,4
342,-132.7071,4
343,-116.27021,4
344,-82.72761,4
345,-97.97869,4
346,-87.42785,4
347,-178.93279,4
348,-36.89728,4
349,-82.48014,4
350,-115.8715,4
351,-156.2738,4
352,-116.47959,4
353,-134.68713,4
354,-178.9535,4
355,-128.95619,4
356,-189.69089,4
357,-153.61697,4
358,-145.56711,4
359,-67.15313,4
360,-85.77106,4
361,-145.1752,4
362,-121.387215,4
363,-69.586685,4
364,-143.5423,4
365,-74.767624,4
366,-183.25735,4
367,-108.899826,4
368,-96.54165,4
369,-65.70177,4
370,-59.321583,4
371,-110.98475,4
372,-45.014412,4
373,-47.56851,4
374,-147.97993,4
375,-97.611534,4
376,-119.487915,4
377,-76.97259,4
378,-113.31485,4
379,-159.6728,4
380,-120.70447,4
381,-56.6215,4
382,-94.86061,4
383,-60.15911,4
384,-149.11029,4
385,-73.93638,4
386,-83.415436,4
387,-118.96083,4
388,-117.35284,4
389,-213.81776,4
390,-136.4679,4
391,-79.95248,4
392,-111.19401,4
393,-142.77274,4
394,-68.17248,4
395,-138.96051,4
396,-168.56374,4
397,-90.66155,4
398,-103.160736,4
399,-84.29818,4
400,-104.626175,5
401,-39.176235,5
402,-126.550545,5
403,-131.86491,5
404,-89.25909,5
405,-100.32729,5
406,-132.7353,5
407,-88.65389,5
408,-101.66256,5
409,-121.30032,5
410,-59.441154,5
411,-36.243343,5
412,-62.735474,5
413,-57.722687,5
414,-91.248436,5
415,-115.07418,5
416,-150.9508,5
417,-78.50187,5
418,-159.27472,5
419,-98.073456,5
420,-117.93822,5
421,-76.32065,5
422,-219.77422,5
423,-112.179695,5
424,-90.326485,5
425,-98.71376,5
426,-110.7486,5
427,-102.25451,5
428,-54.818718,5
429,-40.79692,5
430,-151.79768,5
431,-69.51621,5
432,-76.600395,5
433,-110.35709,5
434,-65.89002,5
435,-103.52091,5
436,-175.86786,5
437,-129.3611,5
438,-119.45982,5
439,-220.85649,5
440,-100.418236,5
441,-155.34506,5
442,-68.66457,5
443,-78.50612,5
444,-100.77103,5
445,-57.21515,5
446,-123.06989,5
447,-109.83402,5
448,-152.21843,5
449,-159.4023,5
450,-75.08036,5
451,-50.36325,5
452,-74.88243,5
453,-58.96641,5
454,-107.1445,5
455,-73.19022,5
456,-82.831154,5
457,-88.15515,5
458,-76.44503,5
459,-119.746346,5
460,-59.017117,5
461,-98.222565,5
462,-91.253586,5
463,-92.95645,5
464,-160.49988,5
465,-65.83285,5
466,-105.97318,5
467,-154.60242,5
468,-14.962823,5
469,-67.48261,5
470,-34.25972,5
471,-69.66061,5
472,-84.918434,5
473,-192.24904,5
474,-50.714424,5
475,-171.85754,5
476,-47.69426,5
477,-48.05011,5
478,-202.3127,5
479,-78.1359,5
480,-95.00868,6
481,-41.885437,6
482,-99.47805,6
483,-40.074898,6
484,-60.15021,6
485,-88.981636,6
486,-149.23703,6
487,-183.58058,6
488,-113.121315,6
489,-108.35826,6
490,-71.097534,6
491,-101.22709,6
492,-75.506294,6
493,-50.63426,6
494,-56.255608,6
495,-172.63397,6
496,-112.50707,6
497,-75.96142,6
498,-90.46763,6
499,-226.67862,6
500,-118.54821,6
501,-47.788887,6
502,-75.42344,6
503,-51.50382,6
504,-95.797455,6
505,-150.16467,6
506,-101.2971,6
507,-83.14067,6
508,-74.68488,6
509,-113.65968,6
510,-130.78366,6
511,-92.49303,6
512,-119.0459,6
513,-89.71722,6
514,-86.335945,6
515,-70.1036,6
516,-135.2911,6
517,-75.83215,6
518,-72.94555,6
519,-60.19668,6
520,-118.42944,6
521,-83.02173,6
522,-87.90786,6
523,-74.16224,6
524,-214.68616,6
525,-48.096832,6
526,-69.866394,6
527,-54.611755,6
528,-99.76874,6
529,-112.845665,6
530,-84.21113,6
531,-130.321,6
532,-162.3176,6
533,-58.840523,6
534,-134.07074,6
535,-107.00353,6
536,-98.92197,6
537,-106.67719,6
538,-50.16919,6
539,-67.05746,6
540,-44.169563,6
541,-32.978745,6
542,-59.301994,6
543,-93.380905,6
544,-84.76035,6
545,-64.67449,6
546,-95.38704,6
547,-109.68448,6
548,-135.23605,6
549,-63.357883,6
550,-169.28221,6
551,-109.11424,6
552,-87.352745,6
553,-122.6523,6
554,-154.14445,6
555,-66.219635,6
556,-109.50176,6
557,-133.13403,6
558,-163.53482,6
559,-105.52747,6
560,-119.3913,7
561,-80.385704,7
562,-65.04845,7
563,-120.630516,7
564,-137.25046,7
565,-184.29388,7
566,-168.2354,7
567,-89.83068,7
568,-153.54172,7
569,-171.59857,7
570,-194.4642,7
571,-62.856903,7
572,-136.64081,7
573,-184.49974,7
574,-128.27278,7
575,-144.83466,7
576,-209.60905,7
577,-126.37329,7
578,-135.42131,7
579,-150.103,7
580,-92.35978,7
581,-38.037525,7
582,-82.99769,7
583,-120.584984,7
584,-118.86485,7
585,-93.53359,7
586,-134.44742,7
587,-133.64944,7
588,-45.118576,7
589,-164.87305,7
590,-209.72205,7
591,-91.17413,7
592,-87.1368,7
593,-207.59889,7
594,-175.39288,7
595,-145.73935,7
596,-124.684586,7
597,-203.86748,7
598,-115.33944,7
599,-170.5199,7
600,-205.53073,7
601,-87.51305,7
602,-222.34433,7
603,-140.31255,7
604,-137.54407,7
605,-128.08704,7
606,-111.765274,7
607,-206.66685,7
608,-81.458305,7
609,-51.43048,7
610,-203.80847,7
611,-136.37238,7
612,-102.7518,7
613,-109.15577,7
614,-122.29908,7
615,-51.153427,7
616,-164.16138,7
617,-176.87476,7
618,-94.29525,7
619,-251.4422,7
620,-67.060555,7
621,-121.62318,7
622,-121.69636,7
623,-98.25415,7
624,-28.019396,7
625,-186.28503,7
626,-109.978874,7
627,-76.679375,7
628,-53.87022,7
629,-103.25315,7
630,-162.30864,7
631,-67.56519,7
632,-105.44868,7
633,-108.42815,7
634,-126.59135,7
635,-119.75863,7
636,-124.9908,7
637,-115.28495,7
638,-184.41647,7
639,-86.179955,7
640,-285.04666,8
641,-83.10552,8
642,-120.29201,8
643,-80.7418,8
644,-145.66774,8
645,-66.46656,8
646,-174.48166,8
647,-92.901054,8
648,-107.109344,8
649,-90.27216,8
650,-140.35104,8
651,-94.05137,8
652,-156.0131,8
653,-195.30547,8
654,-134.8224,8
655,-76.44622,8
656,-74.09982,8
657,-93.1767,8
658,-61.77585,8
659,-334.73593,8
660,-173.18935,8
661,-121.93757,8
662,-129.16537,8
663,-146.43294,8
664,-281.2048,8
665,-101.566086,8
666,-224.01277,8
667,-61.524323,8
668,-106.08906,8
669,-164.33725,8
670,-99.32823,8
671,-37.630066,8
672,-197.87714,8
673,-205.27957,8
674,-84.66479,8
675,-151.35814,8
676,-126.60473,8
677,-121.62812,8
678,-97.554085,8
679,-85.8807,8
680,-157.93208,8
681,-109.60205,8
682,-127.72259,8
683,-114.03619,8
684,-135.13684,8
685,-120.63952,8
686,-109.29057,8
687,-192.93918,8
688,-108.06431,8
689,-83.39505,8
690,-141.668,8
691,-156.75005,8
692,-91.93791,8
693,-182.50842,8
694,-117.103676,8
695,-94.46683,8
696,-191.1094,8
697,-75.69478,8
698,-105.1623,8
699,-113.608025,8
700,-153.32874,8
701,-120.13261,8
702,-94.95618,8
703,-94.166725,8
704,-166.59232,8
705,-164.75516,8
706,-141.1861,8
707,-148.52225,8
708,-60.073174,8
709,-134.88843,8
710,-99.74054,8
711,-98.10849,8
712,-163.03284,8
713,-88.75129,8
714,-84.983475,8
715,-140.92781,8
716,-113.921295,8
717,-89.958534,8
718,-116.669785,8
719,-110.24247,8
720,-77.98423,9
721,-114.15806,9
722,-199.16713,9
723,-190.9625,9
724,-131.55286,9
725,-70.17315,9
726,-41.775173,9
727,-119.87997,9
728,-97.86396,9
729,-209.35316,9
730,-157.66565,9
731,-37.35401,9
732,-133.70334,9
733,-111.14039,9
734,-65.383026,9
735,-109.907234,9
736,-62.551186,9
737,-152.41083,9
738,-165.8212,9
739,-72.264595,9
740,-148.40302,9
741,-121.27669,9
742,-133.34697,9
743,-126.912254,9
744,-208.99641,9
745,-196.59946,9
746,-57.78367,9
747,-84.67852,9
748,-57.290173,9
749,-101.280754,9
750,-97.484,9
751,-83.46708,9
752,-156.5322,9
753,-105.18963,9
754,-95.23951,9
755,-59.83618,9
756,-71.38374,9
757,-43.070583,9
758,-233.20773,9
759,-36.851063,9
760,-41.847897,9
761,-129.59233,9
762,-145.14342,9
763,-109.07803,9
764,-149.6196,9
765,-129.38818,9
766,-53.24749,9
767,-129.20663,9
768,-36.92164,9
769,-40.54759,9
770,-89.74032,9
771,-59.18346,9
772,-157.8267,9
773,-51.362217,9
774,-96.07473,9
775,-21.421461,9
776,-115.27266,9
777,-39.630905,9
778,-129.55566,9
779,-49.928665,9
780,-157.6689,9
781,-189.39459,9
782,-104.85331,9
783,-61.099937,9
784,-117.89266,9
785,-105.10227,9
786,-198.30731,9
787,-27.204338,9
788,-58.61949,9
789,-57.837643,9
790,-126.19648,9
791,-146.19435,9
792,-133.01358,9
793,-137.68259,9
794,-148.4146,9
795,-113.56877,9
796,-105.220314,9
797,-42.00972,9
798,-109.8865,9
799,-99.01153,9
