Image,Value,Label
0,128.40407,0
1,27.660204,0
2,66.28838,0
3,108.78136,0
4,43.6159,0
5,48.711952,0
6,52.690437,0
7,117.06269,0
8,113.65541,0
9,86.51414,0
10,-32.22808,0
11,52.44352,0
12,187.23282,0
13,122.78202,0
14,99.90409,0
15,45.079388,0
16,-9.5040455,0
17,97.07571,0
18,133.37659,0
19,82.59261,0
20,118.03571,0
21,31.762156,0
22,128.92046,0
23,27.164976,0
24,122.87216,0
25,2.637485,0
26,110.717735,0
27,30.961397,0
28,79.20446,0
29,69.96026,0
30,-4.557387,0
31,-81.29169,0
32,69.56469,0
33,-32.746723,0
34,84.36556,0
35,45.68207,0
36,68.345184,0
37,13.798204,0
38,45.621353,0
39,-68.40079,0
40,122.75885,0
41,92.39643,0
42,51.823982,0
43,35.44583,0
44,35.36801,0
45,108.610275,0
46,40.18107,0
47,85.92126,0
48,12.018471,0
49,28.852354,0
50,12.535641,0
51,55.48866,0
52,54.925602,0
53,-2.1647363,0
54,18.058376,0
55,67.57644,0
56,93.339264,0
57,34.25881,0
58,80.32046,0
59,-43.95174,0
60,64.93843,0
61,120.60972,0
62,69.224236,0
63,54.473824,0
64,21.100473,0
65,127.61454,0
66,95.57547,0
67,74.92878,0
68,30.729479,0
69,41.78983,0
70,88.38725,0
71,-25.611101,0
72,128.5476,0
73,64.42676,0
74,119.4032,0
75,112.32202,0
76,16.96803,0
77,81.676346,0
78,99.45689,0
79,62.496597,0
80,-16.54797,1
81,-39.106117,1
82,-43.97483,1
83,-41.636524,1
84,-42.78097,1
85,-24.019005,1
86,-43.993355,1
87,-37.83786,1
88,-31.87863,1
89,-34.063446,1
90,-59.4743,1
91,-44.901035,1
92,-44.193604,1
93,-4.0868325,1
94,-42.320595,1
95,-56.011753,1
96,-49.56476,1
97,-32.379448,1
98,-15.441313,1
99,-15.386202,1
100,-26.428984,1
101,-60.224625,1
102,-7.332415,1
103,-51.683517,1
104,-33.656807,1
105,-23.692574,1
106,-41.758038,1
107,-34.818672,1
108,-27.79143,1
109,-29.8769,1
110,-29.94287,1
111,-16.143358,1
112,-26.66519,1
113,-4.9004045,1
114,-46.240532,1
115,-31.027956,1
116,-38.285492,1
117,-62.358383,1
118,-15.234152,1
119,-42.202507,1
120,-17.300034,1
121,-33.864433,1
122,-31.432264,1
123,-20.410208,1
124,-19.708344,1
125,-48.070023,1
126,-43.944763,1
127,-24.7685,1
128,-22.141949,1
129,-56.138077,1
130,-56.40731,1
131,-36.766487,1
132,-35.42275,1
133,-44.955223,1
134,-37.834282,1
135,-22.69208,1
136,-19.250109,1
137,-25.601645,1
138,-33.527054,1
139,-30.537981,1
140,-50.18646,1
141,-55.79418,1
142,-31.199354,1
143,-27.853853,1
144,-35.020245,1
145,-22.00265,1
146,-9.769024,1
147,-15.918245,1
148,-29.684278,1
149,-18.67322,1
150,-15.940832,1
151,-33.78547,1
152,-37.562508,1
153,-16.479284,1
154,-26.677717,1
155,-15.482176,1
156,-35.66278,1
157,-48.984837,1
158,-41.029854,1
159,-20.145578,1
160,-19.65513,2
161,-17.96346,2
162,33.71112,2
163,-40.65858,2
164,61.233555,2
165,8.5893955,2
166,51.5288,2
167,90.596504,2
168,81.70908,2
169,2.9462981,2
170,-13.107008,2
171,22.97571,2
172,64.50939,2
173,60.91736,2
174,60.85456,2
175,58.266014,2
176,42.621933,2
177,52.87725,2
178,118.9486,2
179,38.251045,2
180,12.924379,2
181,35.82881,2
182,60.76854,2
183,26.64577,2
184,80.90514,2
185,-27.392271,2
186,-44.766567,2
187,83.99978,2
188,-5.452273,2
189,-43.967823,2
190,18.185183,2
191,-16.293947,2
192,5.1202483,2
193,22.384806,2
194,31.765127,2
195,39.90444,2
196,82.09892,2
197,59.958645,2
198,41.669464,2
199,135.45355,2
200,24.969454,2
201,12.065393,2
202,25.58393,2
203,38.310547,2
204,11.649462,2
205,-43.372463,2
206,23.967676,2
207,105.91158,2
208,18.005816,2
209,54.446663,2
210,29.31241,2
211,109.09189,2
212,106.77829,2
213,19.638704,2
214,47.70797,2
215,26.755075,2
216,36.769608,2
217,0.2818333,2
218,93.98625,2
219,-4.8620057,2
220,47.557076,2
221,32.84295,2
222,34.33519,2
223,12.903456,2
224,-12.705351,2
225,-27.234144,2
226,22.556894,2
227,-5.979094,2
228,58.59947,2
229,44.6105,2
230,19.519167,2
231,-6.0861745,2
232,25.888716,2
233,54.206352,2
234,123.849655,2
235,92.13169,2
236,-8.161062,2
237,82.975464,2
238,-14.540865,2
239,57.41457,2
240,59.261787,3
241,34.293884,3
242,-17.937023,3
243,60.28874,3
244,65.788185,3
245,45.26039,3
246,114.156425,3
247,67.60033,3
248,29.255098,3
249,9.145559,3
250,60.557,3
251,57.656292,3
252,70.35569,3
253,34.29438,3
254,69.60728,3
255,68.30341,3
256,49.004673,3
257,13.806826,3
258,57.519295,3
259,128.91779,3
260,63.18483,3
261,-1.8654007,3
262,38.511772,3
263,22.8888,3
264,12.293383,3
265,117.964485,3
266,15.134394,3
267,5.37256,3
268,151.55807,3
269,76.150986,3
270,37.0974,3
271,66.50277,3
272,6.729318,3
273,0.9373566,3
274,62.890396,3
275,15.554052,3
276,119.7109,3
277,52.063866,3
278,67.77116,3
279,-52.046974,3
280,20.376932,3
281,90.97952,3
282,107.0839,3
283,120.518295,3
284,50.86236,3
285,57.67006,3
286,137.65704,3
287,105.97506,3
288,58.965973,3
289,76.1156,3
290,27.90714,3
291,23.54244,3
292,44.36891,3
293,46.85772,3
294,52.626648,3
295,-6.7179933,3
296,60.108707,3
297,57.443214,3
298,66.64075,3
299,172.16176,3
300,107.84397,3
301,146.08157,3
302,20.798792,3
303,-8.116285,3
304,29.34231,3
305,17.270311,3
306,43.336807,3
307,4.834102,3
308,-15.930471,3
309,66.20155,3
310,126.2132,3
311,14.86191,3
312,33.022377,3
313,0.11098635,3
314,40.921417,3
315,58.89878,3
316,-26.647635,3
317,102.961945,3
318,5.90616,3
319,43.97628,3
320,147.95355,4
321,59.27309,4
322,76.850136,4
323,51.188618,4
324,106.00213,4
325,76.23653,4
326,98.93579,4
327,24.688293,4
328,33.29844,4
329,16.881517,4
330,92.458984,4
331,86.513,4
332,72.68999,4
333,45.59262,4
334,34.599255,4
335,76.62054,4
336,10.347055,4
337,149.08385,4
338,61.37406,4
339,56.28284,4
340,115.290405,4
341,28.19906,4
342,142.37788,4
343,117.24731,4
344,88.048225,4
345,45.797493,4
346,7.98282,4
347,20.737444,4
348,28.81739,4
349,59.769135,4
350,94.28617,4
351,122.23671,4
352,125.15849,4
353,24.129675,4
354,106.40066,4
355,106.234535,4
356,156.29892,4
357,79.676414,4
358,72.42856,4
359,49.48271,4
360,101.31497,4
361,69.055855,4
362,110.032524,4
363,0.25423872,4
364,40.38668,4
365,115.851204,4
366,146.02718,4
367,106.06342,4
368,37.16512,4
369,38.581947,4
370,78.02326,4
371,76.137505,4
372,33.36562,4
373,12.164106,4
374,119.14916,4
375,52.632164,4
376,50.820503,4
377,39.527443,4
378,105.31937,4
379,98.04229,4
380,134.19682,4
381,80.85962,4
382,10.953116,4
383,35.910038,4
384,135.15282,4
385,43.271767,4
386,51.547867,4
387,43.596737,4
388,105.99611,4
389,47.399887,4
390,119.76176,4
391,54.018948,4
392,69.4233,4
393,127.0555,4
394,62.058197,4
395,102.40755,4
396,81.95813,4
397,0.42474902,4
398,116.243355,4
399,121.40073,4
400,129.87534,5
401,73.837006,5
402,1.6279236,5
403,70.0843,5
404,46.277054,5
405,173.76024,5
406,38.9773,5
407,62.93318,5
408,87.283714,5
409,1.7767044,5
410,127.674385,5
411,63.97177,5
412,-54.68239,5
413,28.574373,5
414,140.77536,5
415,-30.942213,5
416,205.62723,5
417,157.37807,5
418,-29.896797,5
419,62.399807,5
420,172.66095,5
421,197.85028,5
422,-50.2749,5
423,114.856636,5
424,-9.312325,5
425,-74.163445,5
426,15.632071,5
427,120.31686,5
428,82.38912,5
429,67.19631,5
430,134.05786,5
431,71.943275,5
432,153.21194,5
433,59.573486,5
434,55.320114,5
435,154.17993,5
436,-81.26383,5
437,12.234125,5
438,-23.823246,5
439,-102.27453,5
440,-6.6455445,5
441,97.00231,5
442,110.507,5
443,30.859762,5
444,-71.35709,5
445,91.43804,5
446,82.77659,5
447,197.23135,5
448,130.41219,5
449,-47.755016,5
450,43.08362,5
451,63.016068,5
452,13.423745,5
453,70.426155,5
454,25.728888,5
455,56.08362,5
456,145.38707,5
457,130.64893,5
458,66.47811,5
459,37.359146,5
460,66.1853,5
461,100.81628,5
462,158.78375,5
463,169.859,5
464,-6.15194,5
465,31.079662,5
466,75.17881,5
467,-55.1653,5
468,88.81933,5
469,97.200615,5
470,72.86545,5
471,136.40538,5
472,129.74309,5
473,93.13311,5
474,80.002304,5
475,24.249102,5
476,136.28008,5
477,47.446995,5
478,-28.508091,5
479,94.346275,5
480,-2.4094987,6
481,78.52572,6
482,40.54342,6
483,96.13434,6
484,22.338339,6
485,95.840416,6
486,50.877884,6
487,106.969826,6
488,166.25677,6
489,154.51567,6
490,59.39433,6
491,-2.9667954,6
492,53.701363,6
493,68.29409,6
494,110.88796,6
495,95.27717,6
496,95.12424,6
497,116.89942,6
498,37.993027,6
499,206.8158,6
500,53.304245,6
501,77.565895,6
502,20.424097,6
503,101.62072,6
504,22.833742,6
505,40.70131,6
506,174.57504,6
507,127.997246,6
508,131.92696,6
509,163.52417,6
510,138.7514,6
511,98.01748,6
512,38.26135,6
513,75.38848,6
514,56.308273,6
515,44.726265,6
516,44.196373,6
517,26.480822,6
518,19.405722,6
519,8.73918,6
520,145.95566,6
521,48.982372,6
522,113.26267,6
523,98.97576,6
524,203.57281,6
525,55.992397,6
526,103.81359,6
527,76.71268,6
528,153.08397,6
529,16.138384,6
530,38.00333,6
531,84.68277,6
532,197.06575,6
533,-15.614199,6
534,141.71826,6
535,56.80763,6
536,166.00137,6
537,87.008766,6
538,20.437769,6
539,85.50823,6
540,103.29143,6
541,26.239473,6
542,-11.337711,6
543,9.833605,6
544,106.40674,6
545,37.511696,6
546,74.25378,6
547,121.417816,6
548,63.596428,6
549,42.111633,6
550,86.87214,6
551,84.30181,6
552,11.901278,6
553,72.27181,6
554,130.45792,6
555,89.94533,6
556,57.609154,6
557,94.10859,6
558,95.80079,6
559,45.36656,6
560,79.156166,7
561,23.901667,7
562,20.323229,7
563,34.164864,7
564,67.384514,7
565,98.888115,7
566,89.98754,7
567,40.33298,7
568,74.84028,7
569,137.91248,7
570,100.63224,7
571,71.77947,7
572,51.004257,7
573,128.37418,7
574,35.26957,7
575,85.96818,7
576,88.58637,7
577,45.88273,7
578,91.37651,7
579,40.595985,7
580,61.644768,7
581,26.47175,7
582,47.69207,7
583,83.35599,7
584,52.86154,7
585,93.97477,7
586,63.944324,7
587,65.022514,7
588,36.64257,7
589,75.62792,7
590,158.91832,7
591,55.80475,7
592,109.87737,7
593,88.94695,7
594,61.771957,7
595,74.100105,7
596,62.765434,7
597,135.62305,7
598,93.703896,7
599,118.25028,7
600,55.79371,7
601,-17.219767,7
602,83.794624,7
603,84.93624,7
604,67.94472,7
605,61.29341,7
606,63.61236,7
607,114.08683,7
608,14.555086,7
609,55.23578,7
610,75.24089,7
611,151.88174,7
612,104.52131,7
613,72.33099,7
614,68.408745,7
615,16.385834,7
616,67.7756,7
617,108.408394,7
618,53.930016,7
619,151.21065,7
620,91.57815,7
621,62.679432,7
622,90.28208,7
623,45.78177,7
624,14.8259945,7
625,153.64624,7
626,47.731552,7
627,37.070374,7
628,35.790443,7
629,94.42527,7
630,105.058426,7
631,37.137257,7
632,73.93479,7
633,11.560021,7
634,89.302345,7
635,86.304436,7
636,58.92643,7
637,79.681175,7
638,84.03636,7
639,48.07361,7
640,140.21245,8
641,71.655655,8
642,98.41049,8
643,-7.328421,8
644,85.34998,8
645,31.933823,8
646,44.205193,8
647,18.057676,8
648,32.3572,8
649,77.750626,8
650,49.282036,8
651,37.926704,8
652,109.31367,8
653,269.67352,8
654,109.68406,8
655,89.23685,8
656,62.25261,8
657,72.39714,8
658,33.64892,8
659,174.5666,8
660,129.40776,8
661,86.860756,8
662,48.505722,8
663,93.58886,8
664,178.52441,8
665,88.66771,8
666,91.086235,8
667,48.87767,8
668,9.55208,8
669,107.93156,8
670,73.55358,8
671,56.07235,8
672,90.843285,8
673,89.43503,8
674,24.091028,8
675,47.602245,8
676,104.80457,8
677,94.91837,8
678,70.945854,8
679,84.54637,8
680,71.521034,8
681,99.76575,8
682,117.7651,8
683,126.58835,8
684,20.487787,8
685,89.67447,8
686,95.13643,8
687,91.799225,8
688,31.31471,8
689,66.479836,8
690,19.78662,8
691,128.35454,8
692,71.60499,8
693,102.85155,8
694,56.256462,8
695,-8.995565,8
696,127.59083,8
697,40.74499,8
698,-19.762259,8
699,82.49204,8
700,61.910347,8
701,-6.8956056,8
702,54.972282,8
703,56.557686,8
704,48.034874,8
705,92.63544,8
706,109.618996,8
707,-21.14681,8
708,10.9540615,8
709,61.05567,8
710,53.152664,8
711,10.409445,8
712,-27.059584,8
713,63.07087,8
714,31.454119,8
715,56.81214,8
716,128.36784,8
717,44.032513,8
718,86.98777,8
719,50.931484,8
720,79.282394,9
721,78.4423,9
722,60.206593,9
723,226.82588,9
724,84.49525,9
725,57.338375,9
726,58.652954,9
727,133.06302,9
728,72.69506,9
729,68.77687,9
730,74.37071,9
731,63.45712,9
732,137.32712,9
733,122.44974,9
734,38.513584,9
735,30.238094,9
736,85.00179,9
737,170.02286,9
738,89.378105,9
739,60.368885,9
740,179.60854,9
741,155.00127,9
742,129.9764,9
743,101.19003,9
744,122.5887,9
745,132.70155,9
746,39.608677,9
747,74.658295,9
748,64.2808,9
749,76.168144,9
750,83.77889,9
751,108.06548,9
752,259.17566,9
753,77.5206,9
754,207.08159,9
755,79.57561,9
756,60.462616,9
757,90.54479,9
758,142.90486,9
759,47.648415,9
760,60.52059,9
761,110.301956,9
762,177.90482,9
763,80.69014,9
764,115.94365,9
765,88.82826,9
766,99.74432,9
767,124.60784,9
768,26.45964,9
769,49.311756,9
770,40.5467,9
771,34.20299,9
772,92.78701,9
773,43.459015,9
774,52.80582,9
775,71.07902,9
776,88.883415,9
777,44.999763,9
778,174.74994,9
779,105.31308,9
780,135.25099,9
781,80.41993,9
782,-0.20910108,9
783,56.89013,9
784,83.06076,9
785,119.0642,9
786,112.9278,9
787,54.831974,9
788,57.964157,9
789,81.78804,9
790,97.54138,9
791,60.506016,9
792,100.90864,9
793,153.09099,9
794,145.46321,9
795,119.421165,9
796,126.0521,9
797,39.97071,9
798,74.121254,9
799,24.475632,9
