Image,Value,Label
0,-159.48814,0
1,-147.25241,0
2,-138.08151,0
3,-93.45071,0
4,-150.2886,0
5,-146.2235,0
6,-88.916756,0
7,-164.59703,0
8,-139.17447,0
9,-150.82538,0
10,-149.90985,0
11,-125.6646,0
12,-130.54546,0
13,-157.7908,0
14,-157.10547,0
15,-186.181,0
16,-141.22278,0
17,-130.2061,0
18,-105.76015,0
19,-154.55922,0
20,-112.00211,0
21,-154.48022,0
22,-127.761475,0
23,-163.52557,0
24,-192.51402,0
25,-157.8236,0
26,-159.10611,0
27,-179.42522,0
28,-128.9092,0
29,-129.29817,0
30,-140.4455,0
31,-126.900246,0
32,-161.93698,0
33,-129.36124,0
34,-107.71801,0
35,-72.11989,0
36,-122.78059,0
37,-87.37338,0
38,-154.07973,0
39,-112.65756,0
40,-148.1942,0
41,-154.50589,0
42,-136.88226,0
43,-129.7808,0
44,-180.10706,0
45,-121.580025,0
46,-99.578476,0
47,-138.43118,0
48,-167.5978,0
49,-157.8093,0
50,-66.665985,0
51,-163.20114,0
52,-99.92066,0
53,-133.7045,0
54,-106.84877,0
55,-128.44165,0
56,-118.59233,0
57,-160.34946,0
58,-81.33174,0
59,-149.37036,0
60,-137.34998,0
61,-175.80222,0
62,-140.98949,0
63,-124.82584,0
64,-147.02563,0
65,-97.11374,0
66,-120.433495,0
67,-161.86372,0
68,-155.80577,0
69,-121.6305,0
70,-89.59182,0
71,-117.284966,0
72,-150.35553,0
73,-74.16521,0
74,-145.26337,0
75,-225.21802,0
76,-97.97218,0
77,-37.477398,0
78,-199.66435,0
79,-212.10175,0
80,-111.62265,1
81,-149.17738,1
82,-111.60218,1
83,-136.53929,1
84,-120.220634,1
85,-107.66563,1
86,-130.10208,1
87,-149.22983,1
88,-131.01007,1
89,-105.101715,1
90,-125.35394,1
91,-133.52162,1
92,-148.22095,1
93,-107.39185,1
94,-140.52345,1
95,-131.28792,1
96,-124.33432,1
97,-137.47356,1
98,-117.95157,1
99,-116.96368,1
100,-131.24608,1
101,-143.67111,1
102,-110.11501,1
103,-141.48828,1
104,-135.7095,1
105,-127.67406,1
106,-145.29355,1
107,-120.04199,1
108,-127.71681,1
109,-132.88156,1
110,-130.10126,1
111,-133.24529,1
112,-110.073425,1
113,-129.56879,1
114,-118.93425,1
115,-121.11872,1
116,-118.499916,1
117,-124.11171,1
118,-117.96457,1
119,-136.91426,1
120,-130.13704,1
121,-124.258156,1
122,-141.26344,1
123,-106.75074,1
124,-132.03537,1
125,-126.40359,1
126,-119.75399,1
127,-133.22049,1
128,-136.16525,1
129,-118.20971,1
130,-129.90305,1
131,-138.14693,1
132,-140.43387,1
133,-118.35407,1
134,-117.880394,1
135,-115.87183,1
136,-117.7194,1
137,-128.5358,1
138,-112.24174,1
139,-135.24179,1
140,-127.92904,1
141,-136.91959,1
142,-133.906,1
143,-123.611176,1
144,-141.99683,1
145,-122.4619,1
146,-121.92765,1
147,-120.76338,1
148,-111.06983,1
149,-125.26269,1
150,-125.46868,1
151,-139.33267,1
152,-174.63948,1
153,-120.1554,1
154,-101.6663,1
155,-110.63203,1
156,-101.31183,1
157,-133.20184,1
158,-135.45824,1
159,-115.00518,1
160,-99.05274,2
161,-176.2501,2
162,-86.40337,2
163,-147.58542,2
164,-88.800224,2
165,-109.48649,2
166,-168.28522,2
167,-123.132256,2
168,-172.10689,2
169,-146.41385,2
170,-152.14362,2
171,-144.76483,2
172,-164.30255,2
173,-111.025185,2
174,-85.831856,2
175,-150.90633,2
176,-151.17697,2
177,-145.78506,2
178,-95.92474,2
179,-123.409996,2
180,-99.237686,2
181,-104.33129,2
182,-125.73803,2
183,-171.25092,2
184,-117.819595,2
185,-194.92209,2
186,-14.105212,2
187,-70.734795,2
188,-143.78291,2
189,-156.99484,2
190,-110.258705,2
191,-131.74295,2
192,-98.19509,2
193,-139.47672,2
194,-138.28151,2
195,-30.611183,2
196,-174.2859,2
197,-84.46071,2
198,-172.28644,2
199,-141.03171,2
200,-143.08755,2
201,-128.80699,2
202,-140.13072,2
203,-277.52206,2
204,-182.31935,2
205,-148.16391,2
206,-102.844345,2
207,-166.1588,2
208,-138.37904,2
209,-145.05798,2
210,-105.39193,2
211,-181.70425,2
212,-62.49513,2
213,-121.41772,2
214,-79.98257,2
215,-77.410866,2
216,-131.39407,2
217,-126.85091,2
218,-111.27508,2
219,-197.20633,2
220,-161.29285,2
221,-167.47215,2
222,-106.21281,2
223,-110.60106,2
224,-188.02116,2
225,-248.11166,2
226,-251.70927,2
227,-132.08224,2
228,-123.869225,2
229,-164.95242,2
230,-175.87119,2
231,-49.010536,2
232,-127.2239,2
233,-247.70477,2
234,-72.9921,2
235,-96.80619,2
236,-133.55748,2
237,-113.168816,2
238,-139.0465,2
239,-98.51393,2
240,-110.478645,3
241,-79.35998,3
242,-100.945206,3
243,-70.61542,3
244,-72.1751,3
245,-81.6896,3
246,-33.15584,3
247,-126.40435,3
248,-126.50416,3
249,-145.85707,3
250,-111.398766,3
251,-123.67571,3
252,-52.83396,3
253,-112.27994,3
254,-71.15531,3
255,-36.551,3
256,-120.399666,3
257,-96.25741,3
258,-76.53559,3
259,-33.612583,3
260,-58.36538,3
261,-98.492294,3
262,-101.16828,3
263,-95.3469,3
264,-131.21835,3
265,-30.687122,3
266,-106.5599,3
267,-97.71119,3
268,-159.23865,3
269,-160.05208,3
270,-126.26527,3
271,-61.87941,3
272,-81.92998,3
273,-64.976974,3
274,-54.892567,3
275,-93.60343,3
276,-120.698006,3
277,-105.282875,3
278,-93.222115,3
279,-49.28353,3
280,-122.11285,3
281,-104.44703,3
282,-47.046444,3
283,1.1038024,3
284,-86.01569,3
285,-113.37117,3
286,-60.7422,3
287,-3.5847733,3
288,-77.96492,3
289,-1.4291489,3
290,-85.66108,3
291,-125.13553,3
292,-77.71259,3
293,-132.47188,3
294,-94.68685,3
295,-53.06175,3
296,-108.380394,3
297,-139.99103,3
298,-55.54128,3
299,-69.36992,3
300,-148.23007,3
301,-22.528774,3
302,-118.08538,3
303,-80.5088,3
304,-115.981415,3
305,-81.81823,3
306,-77.577675,3
307,-105.4634,3
308,-127.60416,3
309,-118.64827,3
310,-48.81059,3
311,-117.74572,3
312,-128.39308,3
313,-97.19279,3
314,-105.835945,3
315,-111.603615,3
316,-85.2252,3
317,-133.37961,3
318,-135.16475,3
319,-187.91444,3
320,-18.811886,4
321,-43.164776,4
322,-33.065662,4
323,-36.591694,4
324,-23.196205,4
325,-30.716194,4
326,-17.675964,4
327,-53.320637,4
328,-52.850323,4
329,-60.77494,4
330,-28.815548,4
331,-65.66621,4
332,-31.463917,4
333,-84.91033,4
334,-27.104218,4
335,-19.399014,4
336,-69.306915,4
337,-25.949127,4
338,-25.025337,4
339,-10.480067,4
340,-33.199337,4
341,-42.725254,4
342,-13.317142,4
343,-41.25413,4
344,-14.762652,4
345,-30.78862,4
346,-46.087963,4
347,-40.79306,4
348,-68.36093,4
349,-53.668636,4
350,-0.52589345,4
351,-136.88992,4
352,9.823228,4
353,-7.8264003,4
354,-65.73891,4
355,-17.447102,4
356,-101.82379,4
357,-40.517513,4
358,0.92214656,4
359,-57.03606,4
360,-29.551323,4
361,-38.226097,4
362,-76.90056,4
363,-74.18758,4
364,-60.100243,4
365,-64.39176,4
366,-41.487354,4
367,-39.069736,4
368,16.162899,4
369,-50.17789,4
370,-76.650185,4
371,-26.332493,4
372,-53.38535,4
373,-40.514263,4
374,-34.26711,4
375,3.060231,4
376,-32.358154,4
377,-69.04863,4
378,4.465405,4
379,0.77593684,4
380,-15.500308,4
381,-38.470608,4
382,-47.953632,4
383,-0.3749268,4
384,-69.67059,4
385,-74.716965,4
386,-6.3079867,4
387,-31.470901,4
388,-15.855987,4
389,-31.0075,4
390,-125.059975,4
391,-9.916202,4
392,-18.031498,4
393,-62.436085,4
394,-96.14496,4
395,-84.06922,4
396,-5.332088,4
397,-55.591473,4
398,-30.889256,4
399,-31.237698,4
400,-126.46293,5
401,-35.05985,5
402,-25.964367,5
403,43.711773,5
404,-13.687587,5
405,-54.86141,5
406,0.097790465,5
407,-74.47961,5
408,4.2704434,5
409,-22.299225,5
410,-65.717285,5
411,-30.305683,5
412,-53.933014,5
413,-74.0094,5
414,-6.2569118,5
415,-33.67877,5
416,-83.923515,5
417,-77.76837,5
418,-18.035872,5
419,6.5578504,5
420,29.25652,5
421,-111.58854,5
422,31.517788,5
423,48.48061,5
424,-49.900078,5
425,-46.582233,5
426,-29.953217,5
427,44.0908,5
428,-33.076008,5
429,-13.635459,5
430,30.260601,5
431,-22.18052,5
432,-4.5066943,5
433,-73.351456,5
434,-48.484013,5
435,12.014737,5
436,0.94644046,5
437,0.6239097,5
438,64.051094,5
439,1.7584913,5
440,-13.732848,5
441,21.555126,5
442,-12.665713,5
443,-87.13253,5
444,-25.018389,5
445,-1.2349904,5
446,44.44551,5
447,-103.3841,5
448,97.74467,5
449,-1.311662,5
450,-14.026191,5
451,-63.50962,5
452,25.341621,5
453,-43.86893,5
454,-63.852432,5
455,31.593315,5
456,-63.071594,5
457,18.640316,5
458,-20.79779,5
459,65.02813,5
460,17.100727,5
461,-16.854687,5
462,-104.215706,5
463,-65.5667,5
464,17.243786,5
465,-13.469054,5
466,36.642506,5
467,4.5298123,5
468,-23.081852,5
469,-30.326347,5
470,-17.41018,5
471,-89.508415,5
472,-14.59492,5
473,18.666454,5
474,-39.592716,5
475,5.9544683,5
476,-30.16257,5
477,-85.02429,5
478,22.4777,5
479,-37.756336,5
480,-69.61929,6
481,-94.94866,6
482,-70.5543,6
483,-83.94326,6
484,-53.007065,6
485,-42.04884,6
486,-83.60357,6
487,-57.601055,6
488,-90.3276,6
489,-124.93405,6
490,-116.36071,6
491,-59.13657,6
492,-101.31617,6
493,-59.643776,6
494,-96.38241,6
495,-2.1679757,6
496,-43.196896,6
497,-41.590874,6
498,-30.539776,6
499,-121.305016,6
500,-63.746376,6
501,-101.120544,6
502,-78.26998,6
503,-132.25232,6
504,-73.47262,6
505,-42.002724,6
506,-107.07377,6
507,-75.01179,6
508,-67.56843,6
509,-99.76507,6
510,-40.672573,6
511,-35.57984,6
512,-56.706562,6
513,-59.830166,6
514,-53.363186,6
515,-60.644897,6
516,-47.01256,6
517,-79.06206,6
518,-80.09556,6
519,-42.893116,6
520,-75.73862,6
521,-36.345604,6
522,-86.46729,6
523,-65.783134,6
524,-91.944176,6
525,-42.565163,6
526,-32.789658,6
527,-53.1522,6
528,-70.92749,6
529,-49.74531,6
530,-80.59156,6
531,-62.77611,6
532,-75.53069,6
533,-79.70052,6
534,-48.476265,6
535,-71.025734,6
536,-74.38745,6
537,-16.589344,6
538,-71.92228,6
539,-95.41816,6
540,-88.38087,6
541,-78.34873,6
542,-73.15201,6
543,-71.00878,6
544,-73.07697,6
545,-60.79574,6
546,-25.610878,6
547,-63.054077,6
548,-46.421455,6
549,-49.8444,6
550,-37.223686,6
551,-122.18413,6
552,-21.01432,6
553,-43.666836,6
554,-63.402527,6
555,-54.54149,6
556,-45.29616,6
557,-127.84198,6
558,-44.66534,6
559,-98.19266,6
560,78.43032,7
561,39.763283,7
562,12.199357,7
563,74.108604,7
564,72.61964,7
565,91.90321,7
566,55.448727,7
567,77.5213,7
568,86.95593,7
569,32.407207,7
570,70.53544,7
571,37.245625,7
572,72.97483,7
573,75.5654,7
574,29.643837,7
575,77.13824,7
576,96.61257,7
577,-4.82278,7
578,74.2745,7
579,70.41479,7
580,36.596626,7
581,53.522522,7
582,43.566433,7
583,88.81983,7
584,45.53146,7
585,42.883327,7
586,84.393684,7
587,37.245872,7
588,44.96238,7
589,46.899437,7
590,110.83414,7
591,54.267796,7
592,47.221714,7
593,56.38621,7
594,101.183784,7
595,44.17973,7
596,26.466103,7
597,96.306625,7
598,57.203037,7
599,143.75816,7
600,65.85295,7
601,11.527303,7
602,164.84258,7
603,98.49572,7
604,90.6551,7
605,84.88802,7
606,57.811913,7
607,82.99539,7
608,56.181637,7
609,34.576603,7
610,124.25619,7
611,14.48821,7
612,21.985065,7
613,82.47617,7
614,88.071,7
615,-6.5424533,7
616,98.06079,7
617,97.75227,7
618,-26.520927,7
619,73.62615,7
620,-26.70484,7
621,93.25363,7
622,92.99368,7
623,6.9806237,7
624,-44.20892,7
625,72.25189,7
626,8.535472,7
627,72.00742,7
628,47.315727,7
629,75.32421,7
630,120.9642,7
631,10.952384,7
632,63.99552,7
633,30.05935,7
634,101.75422,7
635,103.225975,7
636,93.65504,7
637,81.87031,7
638,-1.4601281,7
639,11.719237,7
640,143.2821,8
641,12.582372,8
642,36.394512,8
643,-5.6689343,8
644,61.13313,8
645,18.058414,8
646,22.836102,8
647,-4.5063357,8
648,25.038898,8
649,70.28306,8
650,77.37279,8
651,57.52373,8
652,108.15933,8
653,27.226261,8
654,50.77667,8
655,79.5075,8
656,16.081865,8
657,43.141518,8
658,15.148366,8
659,128.75125,8
660,39.044285,8
661,47.152473,8
662,24.843273,8
663,59.610172,8
664,94.92137,8
665,3.8278854,8
666,141.48135,8
667,15.798919,8
668,37.33756,8
669,65.695885,8
670,47.05913,8
671,25.096241,8
672,65.29229,8
673,144.71622,8
674,-10.476409,8
675,52.283276,8
676,52.880436,8
677,57.1802,8
678,25.255886,8
679,47.63452,8
680,43.920013,8
681,26.848907,8
682,72.787476,8
683,30.918736,8
684,-0.4008286,8
685,54.13456,8
686,-34.287155,8
687,169.09781,8
688,24.371479,8
689,39.443714,8
690,143.15186,8
691,101.6874,8
692,62.84805,8
693,116.5393,8
694,116.769905,8
695,63.50245,8
696,98.98964,8
697,11.417203,8
698,14.757119,8
699,81.66214,8
700,106.14304,8
701,62.740726,8
702,55.09271,8
703,18.483604,8
704,73.460266,8
705,87.97102,8
706,71.00752,8
707,50.38116,8
708,29.429298,8
709,60.683975,8
710,51.726887,8
711,33.138794,8
712,36.500362,8
713,25.76197,8
714,36.249424,8
715,53.895473,8
716,-22.548367,8
717,14.532262,8
718,38.510838,8
719,23.754185,8
720,82.963905,9
721,116.391365,9
722,102.09594,9
723,90.22476,9
724,86.39654,9
725,115.344795,9
726,52.815624,9
727,57.561573,9
728,71.394226,9
729,138.96753,9
730,63.6795,9
731,82.95953,9
732,76.49562,9
733,97.322,9
734,94.99032,9
735,71.139336,9
736,70.14135,9
737,112.27939,9
738,82.8277,9
739,67.43542,9
740,83.444145,9
741,74.249695,9
742,4.6894765,9
743,132.05453,9
744,26.393398,9
745,57.96286,9
746,30.183102,9
747,77.1083,9
748,28.887775,9
749,99.230576,9
750,84.100296,9
751,84.91958,9
752,17.751781,9
753,101.82666,9
754,63.19195,9
755,54.038734,9
756,58.05815,9
757,38.924416,9
758,94.603096,9
759,34.308125,9
760,49.55554,9
761,122.45524,9
762,2.4471977,9
763,88.60406,9
764,101.7058,9
765,91.8443,9
766,75.50399,9
767,108.74754,9
768,71.671326,9
769,36.538254,9
770,101.96671,9
771,69.905205,9
772,98.90594,9
773,76.80343,9
774,92.81718,9
775,51.779087,9
776,119.60208,9
777,90.23024,9
778,18.362354,9
779,66.24102,9
780,83.668594,9
781,80.83312,9
782,37.75143,9
783,35.989475,9
784,88.35868,9
785,94.97134,9
786,31.269783,9
787,25.121181,9
788,59.220085,9
789,105.60754,9
790,46.563213,9
791,47.70961,9
792,138.57587,9
793,70.40437,9
794,78.076256,9
795,131.46313,9
796,101.79493,9
797,69.14423,9
798,151.53976,9
799,66.94994,9
