Image,Value,Label
0,-546.1977,0
1,-251.67204,0
2,-367.5557,0
3,-448.4646,0
4,-344.03024,0
5,-371.28546,0
6,-377.5385,0
7,-571.6289,0
8,-463.16696,0
9,-458.12482,0
10,-262.24158,0
11,-369.68195,0
12,-665.30664,0
13,-489.39526,0
14,-416.44037,0
15,-355.68375,0
16,-271.02118,0
17,-501.3016,0
18,-539.33246,0
19,-419.1398,0
20,-604.5421,0
21,-366.70947,0
22,-487.9395,0
23,-325.36993,0
24,-506.72693,0
25,-246.5496,0
26,-443.2735,0
27,-390.8945,0
28,-497.13196,0
29,-323.6555,0
30,-343.44073,0
31,-245.51408,0
32,-349.63794,0
33,-302.5031,0
34,-545.33374,0
35,-357.61176,0
36,-425.28522,0
37,-267.66156,0
38,-463.37268,0
39,-203.53276,0
40,-443.6444,0
41,-509.29138,0
42,-557.2989,0
43,-315.4096,0
44,-393.687,0
45,-524.7971,0
46,-413.5907,0
47,-444.4369,0
48,-263.94565,0
49,-300.80032,0
50,-274.57477,0
51,-420.13684,0
52,-329.62674,0
53,-291.27008,0
54,-277.81387,0
55,-374.892,0
56,-480.12296,0
57,-276.43692,0
58,-539.79333,0
59,-198.5145,0
60,-407.1294,0
61,-427.64264,0
62,-417.23364,0
63,-464.72067,0
64,-394.81036,0
65,-584.5585,0
66,-440.81583,0
67,-389.98065,0
68,-321.6524,0
69,-309.25848,0
70,-409.56927,0
71,-361.63116,0
72,-523.3523,0
73,-514.9979,0
74,-550.86316,0
75,-445.92633,0
76,-355.0188,0
77,-569.66223,0
78,-408.59543,0
79,-426.99808,0
80,-90.46054,1
81,-145.61281,1
82,-130.485,1
83,-129.51976,1
84,-100.02339,1
85,-74.00309,1
86,-112.34221,1
87,-140.01262,1
88,-137.0248,1
89,-125.106995,1
90,-94.4281,1
91,-82.02259,1
92,-87.27451,1
93,-126.09846,1
94,-183.92216,1
95,-100.69809,1
96,-154.63759,1
97,-82.70158,1
98,-74.94204,1
99,-154.11073,1
100,-157.15025,1
101,-76.46597,1
102,-138.41553,1
103,-71.44087,1
104,-78.66539,1
105,-171.37038,1
106,-126.675186,1
107,-126.834274,1
108,-82.15109,1
109,-105.108154,1
110,-117.511345,1
111,-163.38666,1
112,-109.89079,1
113,-109.42903,1
114,-112.71565,1
115,-63.905945,1
116,-173.69987,1
117,-80.84726,1
118,-107.577774,1
119,-90.5372,1
120,-79.40823,1
121,-145.48383,1
122,-75.98195,1
123,-69.97829,1
124,-110.18292,1
125,-68.46476,1
126,-180.04457,1
127,-72.03135,1
128,-93.949425,1
129,-73.07681,1
130,-114.426315,1
131,-115.36108,1
132,-166.95297,1
133,-74.84829,1
134,-61.043556,1
135,-80.12837,1
136,-95.38725,1
137,-72.39845,1
138,-74.247116,1
139,-139.71652,1
140,-97.836914,1
141,-98.96187,1
142,-107.82931,1
143,-79.03774,1
144,-126.4162,1
145,-119.54163,1
146,-81.774704,1
147,-82.882484,1
148,-149.821,1
149,-129.16634,1
150,-107.75123,1
151,-120.92352,1
152,-334.24753,1
153,-96.08363,1
154,-181.61009,1
155,-122.68599,1
156,-165.68846,1
157,-78.379425,1
158,-113.62545,1
159,-124.27564,1
160,-113.8878,2
161,-317.61908,2
162,-192.74646,2
163,-297.10773,2
164,-323.71957,2
165,-303.71536,2
166,-225.49307,2
167,-410.1488,2
168,-271.70477,2
169,-245.42488,2
170,-200.50044,2
171,-312.3085,2
172,-294.24847,2
173,-296.82788,2
174,-337.2359,2
175,-398.26556,2
176,-254.36638,2
177,-299.27167,2
178,-396.90176,2
179,-325.25592,2
180,-157.16585,2
181,-342.35095,2
182,-420.1778,2
183,-318.96387,2
184,-230.00906,2
185,-243.00734,2
186,-215.28209,2
187,-237.04953,2
188,-163.21507,2
189,-142.7654,2
190,-179.62343,2
191,-192.97197,2
192,-195.8312,2
193,-354.0276,2
194,-179.01695,2
195,-145.98412,2
196,-412.8895,2
197,-236.3951,2
198,-306.67816,2
199,-526.816,2
200,-264.2688,2
201,-330.47534,2
202,-158.21983,2
203,-437.75,2
204,-274.9005,2
205,-164.29146,2
206,-245.60344,2
207,-501.3181,2
208,-321.5952,2
209,-437.20718,2
210,-305.7919,2
211,-451.60095,2
212,-484.8676,2
213,-207.52199,2
214,-254.79567,2
215,-254.42339,2
216,-208.42732,2
217,-138.19762,2
218,-393.1111,2
219,-429.25015,2
220,-373.56833,2
221,-436.59753,2
222,-266.6806,2
223,-219.35349,2
224,-181.98064,2
225,-379.22418,2
226,-456.2482,2
227,-248.49496,2
228,-239.0898,2
229,-333.39368,2
230,-295.2815,2
231,-209.10544,2
232,-206.46161,2
233,-562.5815,2
234,-313.04074,2
235,-408.51733,2
236,-225.83511,2
237,-309.11713,2
238,-173.78185,2
239,-317.7542,2
240,-290.89014,3
241,-216.18445,3
242,-193.37361,3
243,-253.14973,3
244,-349.77182,3
245,-278.759,3
246,-342.72375,3
247,-303.4669,3
248,-276.66766,3
249,-260.88812,3
250,-341.18988,3
251,-216.96031,3
252,-290.037,3
253,-292.39478,3
254,-248.62749,3
255,-305.17776,3
256,-285.50864,3
257,-296.893,3
258,-310.24567,3
259,-394.19464,3
260,-335.01276,3
261,-257.5136,3
262,-328.64227,3
263,-244.41188,3
264,-277.78003,3
265,-343.89703,3
266,-248.87979,3
267,-250.74431,3
268,-581.4413,3
269,-411.9066,3
270,-270.41925,3
271,-259.8405,3
272,-248.64601,3
273,-187.14061,3
274,-303.4898,3
275,-203.64738,3
276,-434.02606,3
277,-224.28882,3
278,-392.5165,3
279,-182.84032,3
280,-250.17358,3
281,-373.42685,3
282,-368.2359,3
283,-322.12152,3
284,-257.39365,3
285,-276.08765,3
286,-380.1584,3
287,-347.45502,3
288,-363.72107,3
289,-326.76166,3
290,-256.78024,3
291,-294.21887,3
292,-324.89777,3
293,-311.1181,3
294,-354.0445,3
295,-321.11395,3
296,-341.6613,3
297,-379.55487,3
298,-265.29208,3
299,-461.06744,3
300,-444.09244,3
301,-402.15057,3
302,-141.6844,3
303,-173.28465,3
304,-143.6488,3
305,-217.90685,3
306,-248.53468,3
307,-130.36449,3
308,-216.53864,3
309,-382.75848,3
310,-570.6168,3
311,-167.8743,3
312,-270.388,3
313,-211.15012,3
314,-280.44107,3
315,-301.8001,3
316,-117.376,3
317,-425.0667,3
318,-221.13585,3
319,-481.1571,3
320,-438.99542,4
321,-222.45613,4
322,-226.50658,4
323,-247.0239,4
324,-364.49014,4
325,-268.74457,4
326,-307.17096,4
327,-202.07103,4
328,-248.97949,4
329,-132.02791,4
330,-276.64008,4
331,-322.65222,4
332,-282.56976,4
333,-275.16895,4
334,-212.5495,4
335,-214.9646,4
336,-140.96239,4
337,-422.74188,4
338,-238.68329,4
339,-231.43268,4
340,-391.61005,4
341,-131.83583,4
342,-376.78494,4
343,-273.00793,4
344,-280.2442,4
345,-232.7226,4
346,-164.60378,4
347,-295.3734,4
348,-168.91542,4
349,-220.68956,4
350,-325.30295,4
351,-301.7237,4
352,-361.9272,4
353,-200.60695,4
354,-353.08398,4
355,-303.72534,4
356,-432.66473,4
357,-318.9759,4
358,-287.35736,4
359,-206.98799,4
360,-243.0952,4
361,-306.24725,4
362,-291.7635,4
363,-145.00087,4
364,-269.60803,4
365,-308.3098,4
366,-463.38922,4
367,-289.6498,4
368,-215.53018,4
369,-175.95332,4
370,-298.4807,4
371,-287.16614,4
372,-175.56206,4
373,-100.6888,4
374,-404.9582,4
375,-287.37915,4
376,-228.2515,4
377,-197.84352,4
378,-323.7058,4
379,-262.6369,4
380,-354.09872,4
381,-208.7342,4
382,-164.30559,4
383,-147.77171,4
384,-387.89252,4
385,-210.47575,4
386,-229.23248,4
387,-233.5888,4
388,-286.97742,4
389,-345.05353,4
390,-321.48578,4
391,-157.75163,4
392,-247.47153,4
393,-336.12195,4
394,-185.59999,4
395,-291.92578,4
396,-354.72083,4
397,-154.21318,4
398,-344.49677,4
399,-326.06625,4
400,-447.1298,5
401,-279.33887,5
402,-250.0174,5
403,-245.08098,5
404,-277.48602,5
405,-460.50397,5
406,-303.55966,5
407,-357.42462,5
408,-308.69202,5
409,-284.3465,5
410,-412.6964,5
411,-277.95966,5
412,-47.05525,5
413,-232.83252,5
414,-447.98743,5
415,-209.27681,5
416,-491.55273,5
417,-423.9909,5
418,-235.36868,5
419,-283.44867,5
420,-458.77112,5
421,-495.69507,5
422,-255.0479,5
423,-404.1535,5
424,-220.77373,5
425,-132.0577,5
426,-181.7166,5
427,-443.78464,5
428,-354.3418,5
429,-299.06366,5
430,-449.5242,5
431,-293.49548,5
432,-394.65973,5
433,-398.79175,5
434,-315.11975,5
435,-389.07135,5
436,-138.9656,5
437,-254.63754,5
438,-144.30508,5
439,-143.33041,5
440,-201.21983,5
441,-442.52197,5
442,-392.36154,5
443,-220.77596,5
444,-126.41023,5
445,-324.11298,5
446,-315.93787,5
447,-479.53198,5
448,-465.22025,5
449,-152.56892,5
450,-208.36317,5
451,-227.53381,5
452,-200.68791,5
453,-323.60312,5
454,-209.90993,5
455,-287.4129,5
456,-508.18362,5
457,-389.0702,5
458,-249.80193,5
459,-235.47899,5
460,-216.0172,5
461,-393.70532,5
462,-467.2026,5
463,-386.753,5
464,-216.70047,5
465,-131.02144,5
466,-415.52515,5
467,-209.81651,5
468,-269.92734,5
469,-409.0713,5
470,-234.05562,5
471,-421.78644,5
472,-463.7728,5
473,-267.32446,5
474,-319.16153,5
475,-261.55988,5
476,-417.63397,5
477,-299.1066,5
478,-171.44398,5
479,-385.5503,5
480,-193.41655,6
481,-281.41968,6
482,-300.23322,6
483,-399.19806,6
484,-168.80873,6
485,-376.5005,6
486,-365.37274,6
487,-465.09518,6
488,-652.91406,6
489,-515.4924,6
490,-364.04752,6
491,-212.84537,6
492,-258.05435,6
493,-280.14594,6
494,-355.02087,6
495,-383.44153,6
496,-418.9363,6
497,-380.13953,6
498,-249.73102,6
499,-640.73804,6
500,-257.62085,6
501,-346.3421,6
502,-211.76888,6
503,-388.35434,6
504,-289.65457,6
505,-348.95007,6
506,-530.92175,6
507,-450.90808,6
508,-365.31177,6
509,-602.3258,6
510,-465.53766,6
511,-362.0987,6
512,-301.26398,6
513,-374.88055,6
514,-267.35556,6
515,-270.66034,6
516,-336.67737,6
517,-247.83038,6
518,-302.31476,6
519,-158.4618,6
520,-550.386,6
521,-328.6042,6
522,-422.9941,6
523,-393.6203,6
524,-465.59088,6
525,-278.00366,6
526,-323.3839,6
527,-320.7104,6
528,-485.0689,6
529,-199.00464,6
530,-264.41125,6
531,-365.6523,6
532,-614.98706,6
533,-147.64229,6
534,-425.7537,6
535,-379.25674,6
536,-482.03958,6
537,-362.53986,6
538,-255.16225,6
539,-367.8946,6
540,-295.85883,6
541,-243.94745,6
542,-178.72664,6
543,-317.70218,6
544,-337.98566,6
545,-261.23563,6
546,-306.91385,6
547,-361.25116,6
548,-316.91144,6
549,-291.69128,6
550,-365.865,6
551,-409.85022,6
552,-269.62817,6
553,-352.66675,6
554,-435.28076,6
555,-363.7038,6
556,-372.03366,6
557,-396.1853,6
558,-344.92114,6
559,-329.16238,6
560,-165.56026,7
561,-51.518387,7
562,-34.501457,7
563,-159.91074,7
564,-227.24815,7
565,-186.44481,7
566,-276.0738,7
567,-138.64517,7
568,-173.56755,7
569,-211.55478,7
570,-261.8192,7
571,-137.7295,7
572,-109.03956,7
573,-319.89163,7
574,-100.15201,7
575,-161.81685,7
576,-224.56822,7
577,-154.83223,7
578,-183.78996,7
579,-132.80339,7
580,-95.64567,7
581,-71.46929,7
582,-87.26724,7
583,-235.7062,7
584,-159.96379,7
585,-278.8475,7
586,-112.16245,7
587,-190.19577,7
588,-68.187744,7
589,-282.75677,7
590,-423.44897,7
591,-104.24187,7
592,-248.9847,7
593,-271.3347,7
594,-142.44783,7
595,-176.06728,7
596,-307.7765,7
597,-282.4998,7
598,-218.35579,7
599,-237.5588,7
600,-257.888,7
601,-49.69329,7
602,-193.86617,7
603,-123.06496,7
604,-124.77926,7
605,-172.2625,7
606,-218.82234,7
607,-341.68607,7
608,-122.96886,7
609,-120.8468,7
610,-193.4064,7
611,-254.91678,7
612,-270.195,7
613,-159.74675,7
614,-146.44554,7
615,-60.055943,7
616,-168.1343,7
617,-181.5095,7
618,-126.563835,7
619,-343.72098,7
620,-251.18152,7
621,-100.24914,7
622,-207.18063,7
623,-157.01689,7
624,-54.14795,7
625,-311.42053,7
626,-110.897354,7
627,-35.320057,7
628,-87.17506,7
629,-137.72466,7
630,-168.98985,7
631,-76.53678,7
632,-167.77985,7
633,-70.01897,7
634,-301.86325,7
635,-127.873505,7
636,-170.7182,7
637,-144.06395,7
638,-265.9284,7
639,-135.4967,7
640,-510.0886,8
641,-294.01718,8
642,-249.09206,8
643,-126.2634,8
644,-326.50284,8
645,-130.68431,8
646,-285.3244,8
647,-147.0148,8
648,-230.55186,8
649,-222.12192,8
650,-285.85797,8
651,-200.98491,8
652,-343.43686,8
653,-571.05145,8
654,-380.97162,8
655,-265.0067,8
656,-216.58958,8
657,-250.09055,8
658,-219.37209,8
659,-516.6783,8
660,-410.74023,8
661,-306.30847,8
662,-264.31958,8
663,-335.2027,8
664,-525.0029,8
665,-208.2926,8
666,-346.81036,8
667,-158.04964,8
668,-218.30864,8
669,-375.46014,8
670,-270.92334,8
671,-184.44882,8
672,-286.585,8
673,-314.31247,8
674,-157.27242,8
675,-254.48448,8
676,-209.11113,8
677,-261.43744,8
678,-196.50476,8
679,-308.49536,8
680,-323.15787,8
681,-317.57422,8
682,-327.70114,8
683,-358.94394,8
684,-171.25793,8
685,-232.74988,8
686,-328.02185,8
687,-402.77155,8
688,-256.8503,8
689,-175.29636,8
690,-149.61096,8
691,-396.33557,8
692,-273.70236,8
693,-379.77658,8
694,-238.13539,8
695,-144.30785,8
696,-384.3463,8
697,-141.41533,8
698,-109.0255,8
699,-224.28961,8
700,-311.74396,8
701,-194.86504,8
702,-210.53937,8
703,-152.91783,8
704,-298.07904,8
705,-301.76425,8
706,-292.86395,8
707,-171.34895,8
708,-143.90099,8
709,-256.6057,8
710,-199.82857,8
711,-154.6332,8
712,-194.26407,8
713,-261.77014,8
714,-176.34383,8
715,-271.55225,8
716,-302.34525,8
717,-253.9469,8
718,-278.23596,8
719,-191.34468,8
720,-179.62044,9
721,-299.92355,9
722,-207.52032,9
723,-497.50388,9
724,-175.6448,9
725,-124.03232,9
726,-147.13988,9
727,-241.72952,9
728,-169.39845,9
729,-214.50896,9
730,-236.07259,9
731,-84.56262,9
732,-285.8796,9
733,-245.40056,9
734,-102.68086,9
735,-119.348114,9
736,-171.19882,9
737,-326.8047,9
738,-258.5748,9
739,-210.36559,9
740,-297.20422,9
741,-320.74042,9
742,-260.38666,9
743,-219.50746,9
744,-311.6961,9
745,-311.06763,9
746,-109.625755,9
747,-172.53923,9
748,-111.8383,9
749,-193.94511,9
750,-207.83736,9
751,-217.1638,9
752,-488.89014,9
753,-164.06364,9
754,-357.96118,9
755,-151.67377,9
756,-172.88136,9
757,-186.89717,9
758,-340.7217,9
759,-92.53592,9
760,-185.87143,9
761,-191.67029,9
762,-236.86755,9
763,-210.06157,9
764,-291.7234,9
765,-210.7982,9
766,-211.26355,9
767,-270.02234,9
768,-70.95227,9
769,-156.25826,9
770,-161.88116,9
771,-84.75799,9
772,-260.7408,9
773,-85.70931,9
774,-145.60512,9
775,-131.59482,9
776,-258.84705,9
777,-106.18245,9
778,-308.44006,9
779,-204.01729,9
780,-377.50598,9
781,-213.85954,9
782,-61.70014,9
783,-176.59982,9
784,-204.68208,9
785,-281.9342,9
786,-269.26614,9
787,-103.96957,9
788,-120.9803,9
789,-128.69508,9
790,-275.38477,9
791,-209.0945,9
792,-221.86836,9
793,-281.06787,9
794,-269.6068,9
795,-179.76366,9
796,-238.20108,9
797,-122.46694,9
798,-184.57677,9
799,-83.19317,9
