Image,Value,Label
0,341.9656,0
1,225.99016,0
2,312.12277,0
3,510.43057,0
4,365.85672,0
5,384.11615,0
6,351.2773,0
7,449.55038,0
8,290.08313,0
9,383.8379,0
10,279.0457,0
11,311.64853,0
12,533.0872,0
13,360.46295,0
14,222.75813,0
15,369.68674,0
16,310.93912,0
17,457.83142,0
18,455.12457,0
19,450.28418,0
20,552.8308,0
21,383.65686,0
22,531.5931,0
23,369.85638,0
24,368.38644,0
25,242.63261,0
26,256.53256,0
27,355.95453,0
28,522.4549,0
29,186.72028,0
30,370.76245,0
31,388.73724,0
32,243.69795,0
33,411.03568,0
34,529.821,0
35,334.19684,0
36,331.26294,0
37,219.95515,0
38,476.09387,0
39,255.4829,0
40,305.86902,0
41,489.90433,0
42,529.13684,0
43,296.1283,0
44,438.49063,0
45,594.36316,0
46,489.7378,0
47,338.58478,0
48,230.93768,0
49,251.77272,0
50,275.0974,0
51,448.6247,0
52,299.8365,0
53,331.24533,0
54,228.80429,0
55,306.70215,0
56,425.61145,0
57,194.60356,0
58,601.8449,0
59,182.83167,0
60,386.82544,0
61,361.3625,0
62,370.13818,0
63,534.32947,0
64,420.64844,0
65,642.3483,0
66,357.364,0
67,321.52722,0
68,301.6901,0
69,312.54523,0
70,474.3412,0
71,462.62003,0
72,447.3905,0
73,570.4443,0
74,485.20047,0
75,341.6479,0
76,408.25433,0
77,482.4792,0
78,210.27936,0
79,333.0075,0
80,101.51896,1
81,90.92653,1
82,130.10988,1
83,118.109024,1
84,117.80905,1
85,68.00487,1
86,99.85392,1
87,122.47833,1
88,134.00905,1
89,110.64821,1
90,95.21341,1
91,72.212456,1
92,68.53062,1
93,149.4696,1
94,143.82191,1
95,95.01528,1
96,152.44276,1
97,103.097885,1
98,82.92459,1
99,120.664665,1
100,95.44902,1
101,71.51326,1
102,151.7766,1
103,71.816086,1
104,96.44623,1
105,128.84312,1
106,112.584946,1
107,115.83175,1
108,101.11027,1
109,92.851456,1
110,119.14995,1
111,136.06224,1
112,104.96051,1
113,118.19084,1
114,101.70926,1
115,51.825172,1
116,173.16579,1
117,78.056274,1
118,106.47492,1
119,99.09456,1
120,68.602165,1
121,145.22374,1
122,60.269066,1
123,83.524155,1
124,69.62071,1
125,83.58708,1
126,163.31067,1
127,47.724,1
128,67.72441,1
129,91.8237,1
130,126.52055,1
131,112.91768,1
132,135.0323,1
133,84.92389,1
134,61.550972,1
135,64.37094,1
136,104.07831,1
137,77.94359,1
138,83.18138,1
139,136.28894,1
140,109.0227,1
141,97.20617,1
142,96.08722,1
143,64.759415,1
144,101.45218,1
145,114.192505,1
146,72.7266,1
147,67.87408,1
148,143.62163,1
149,104.0869,1
150,115.802666,1
151,119.9375,1
152,216.7466,1
153,91.99776,1
154,167.35287,1
155,109.87035,1
156,183.70306,1
157,105.53235,1
158,94.51956,1
159,130.65457,1
160,81.539986,2
161,189.97736,2
162,142.7925,2
163,166.356,2
164,221.6712,2
165,222.37393,2
166,224.26695,2
167,202.20543,2
168,174.9235,2
169,236.01894,2
170,222.92952,2
171,193.97667,2
172,157.01257,2
173,184.09485,2
174,293.02603,2
175,253.97505,2
176,203.93745,2
177,236.22041,2
178,262.57587,2
179,244.82727,2
180,138.25401,2
181,266.54208,2
182,300.25116,2
183,159.63573,2
184,114.55382,2
185,108.522484,2
186,340.85962,2
187,200.74458,2
188,183.40802,2
189,157.64499,2
190,166.89514,2
191,237.69408,2
192,189.16653,2
193,188.01309,2
194,164.97678,2
195,168.05585,2
196,253.51692,2
197,238.43423,2
198,145.94557,2
199,287.77972,2
200,102.64055,2
201,164.00722,2
202,197.133,2
203,200.83846,2
204,186.66945,2
205,149.26454,2
206,247.45872,2
207,369.5952,2
208,243.04665,2
209,385.00323,2
210,345.9781,2
211,272.67477,2
212,423.79382,2
213,189.8274,2
214,235.86516,2
215,307.27686,2
216,153.72852,2
217,109.93869,2
218,210.23595,2
219,339.75195,2
220,270.18323,2
221,307.5421,2
222,131.33171,2
223,111.405014,2
224,183.73111,2
225,271.83624,2
226,195.38335,2
227,233.25732,2
228,105.62965,2
229,241.67088,2
230,201.54585,2
231,310.03162,2
232,125.03854,2
233,235.86371,2
234,272.77423,2
235,312.92526,2
236,155.95901,2
237,150.25513,2
238,179.31833,2
239,273.9308,2
240,133.91939,3
241,79.34016,3
242,107.62538,3
243,206.02612,3
244,255.00879,3
245,129.66878,3
246,213.00688,3
247,142.70212,3
248,72.95326,3
249,113.71994,3
250,193.16524,3
251,92.58643,3
252,203.98332,3
253,219.3043,3
254,89.09927,3
255,222.50362,3
256,158.32399,3
257,157.43999,3
258,126.21535,3
259,214.01646,3
260,224.88713,3
261,136.09499,3
262,171.37532,3
263,157.80309,3
264,189.45593,3
265,188.99495,3
266,107.8074,3
267,135.97643,3
268,440.88757,3
269,223.47595,3
270,127.5936,3
271,93.66089,3
272,161.08473,3
273,166.3046,3
274,227.79024,3
275,123.3604,3
276,200.48299,3
277,48.12776,3
278,249.26257,3
279,160.67558,3
280,119.98209,3
281,105.18194,3
282,160.77133,3
283,310.8167,3
284,184.94778,3
285,145.96613,3
286,224.45374,3
287,272.62537,3
288,205.83842,3
289,328.29996,3
290,147.63596,3
291,174.90132,3
292,261.94208,3
293,162.0041,3
294,269.2437,3
295,327.1778,3
296,194.87697,3
297,150.69035,3
298,208.79662,3
299,297.6828,3
300,161.54486,3
301,300.0294,3
302,98.37604,3
303,151.94978,3
304,151.20456,3
305,174.9264,3
306,139.16743,3
307,82.83771,3
308,153.31606,3
309,233.21657,3
310,299.96228,3
311,91.54919,3
312,167.14052,3
313,175.55177,3
314,137.48936,3
315,152.07866,3
316,42.04674,3
317,219.8044,3
318,72.03897,3
319,325.86502,3
320,481.93024,4
321,222.17091,4
322,220.63565,4
323,290.5327,4
324,364.90405,4
325,295.47723,4
326,318.76727,4
327,204.38034,4
328,333.22043,4
329,216.44502,4
330,230.13824,4
331,283.87665,4
332,231.12912,4
333,297.49338,4
334,231.55096,4
335,204.74127,4
336,187.9457,4
337,351.57462,4
338,172.70053,4
339,313.10464,4
340,432.7361,4
341,156.97798,4
342,338.0156,4
343,283.02917,4
344,263.89877,4
345,224.40468,4
346,248.10362,4
347,319.72635,4
348,158.54301,4
349,307.99768,4
350,333.73303,4
351,332.43738,4
352,326.62558,4
353,282.5216,4
354,337.15714,4
355,378.51004,4
356,349.14203,4
357,357.20306,4
358,341.04672,4
359,165.69238,4
360,206.03511,4
361,344.1048,4
362,244.08978,4
363,208.3332,4
364,361.4088,4
365,259.4923,4
366,487.9514,4
367,260.73877,4
368,220.13454,4
369,206.183,4
370,222.6197,4
371,310.50946,4
372,161.25108,4
373,110.20938,4
374,337.75177,4
375,249.9963,4
376,283.6606,4
377,217.2472,4
378,317.5258,4
379,340.6103,4
380,347.93213,4
381,180.7159,4
382,240.04146,4
383,161.3514,4
384,370.3781,4
385,236.78651,4
386,258.76663,4
387,315.68744,4
388,334.11136,4
389,495.3646,4
390,272.19073,4
391,189.59566,4
392,241.54884,4
393,269.88055,4
394,162.93263,4
395,225.32143,4
396,349.5336,4
397,240.24983,4
398,283.60455,4
399,335.74173,4
400,264.62488,5
401,235.26578,5
402,260.05963,5
403,269.55893,5
404,284.59955,5
405,309.20795,5
406,306.23206,5
407,413.66342,5
408,311.81247,5
409,310.7353,5
410,287.03854,5
411,245.05893,5
412,105.720726,5
413,219.2842,5
414,328.94165,5
415,186.81137,5
416,280.96698,5
417,328.36804,5
418,204.53986,5
419,223.35306,5
420,370.31784,5
421,214.93239,5
422,353.89978,5
423,356.7777,5
424,168.73903,5
425,168.89699,5
426,234.80734,5
427,347.856,5
428,255.49644,5
429,191.7929,5
430,355.65967,5
431,221.13948,5
432,360.14417,5
433,310.6931,5
434,236.55913,5
435,247.28085,5
436,196.82344,5
437,243.04164,5
438,209.34676,5
439,326.3778,5
440,239.099,5
441,451.13553,5
442,300.6426,5
443,157.58214,5
444,160.25775,5
445,231.28186,5
446,297.87415,5
447,345.70312,5
448,424.91592,5
449,251.85213,5
450,234.98033,5
451,103.89737,5
452,201.34218,5
453,206.35536,5
454,312.7273,5
455,284.08478,5
456,371.92822,5
457,301.3532,5
458,270.51755,5
459,230.88643,5
460,225.8561,5
461,288.772,5
462,299.774,5
463,177.69453,5
464,234.50285,5
465,159.58995,5
466,329.01355,5
467,235.94142,5
468,161.658,5
469,342.12488,5
470,214.42766,5
471,211.59233,5
472,297.79788,5
473,334.49307,5
474,258.1184,5
475,293.2209,5
476,279.96667,5
477,188.55154,5
478,308.1788,5
479,281.78162,5
480,213.22896,6
481,248.92966,6
482,364.12366,6
483,281.21793,6
484,168.41705,6
485,329.203,6
486,486.93958,6
487,510.11362,6
488,527.92004,6
489,338.31232,6
490,334.42157,6
491,248.92723,6
492,284.9372,6
493,334.10034,6
494,310.31705,6
495,428.25897,6
496,398.90375,6
497,359.74902,6
498,224.6084,6
499,511.17896,6
500,340.0856,6
501,318.29706,6
502,251.20702,6
503,295.09943,6
504,303.47772,6
505,371.80078,6
506,442.50494,6
507,388.29428,6
508,294.15613,6
509,460.54752,6
510,425.16394,6
511,470.60297,6
512,280.64737,6
513,389.58722,6
514,244.52405,6
515,334.4217,6
516,364.84137,6
517,230.26845,6
518,255.6703,6
519,171.07265,6
520,451.92365,6
521,300.33545,6
522,271.0963,6
523,352.38284,6
524,360.1825,6
525,277.84473,6
526,267.47678,6
527,303.8825,6
528,352.26416,6
529,241.09346,6
530,294.83807,6
531,389.9859,6
532,498.47748,6
533,149.39507,6
534,414.92212,6
535,389.09607,6
536,317.03632,6
537,420.8626,6
538,258.17267,6
539,312.1739,6
540,252.68471,6
541,196.0739,6
542,176.84303,6
543,295.97784,6
544,336.8424,6
545,182.29832,6
546,377.85303,6
547,329.8156,6
548,450.81262,6
549,270.1372,6
550,476.6603,6
551,430.60394,6
552,292.95703,6
553,348.92645,6
554,505.05463,6
555,335.38116,6
556,340.22507,6
557,316.0972,6
558,359.06198,6
559,348.31232,6
560,199.21233,7
561,84.288315,7
562,77.315994,7
563,210.30913,7
564,324.32782,7
565,247.7337,7
566,318.9385,7
567,197.61641,7
568,298.85526,7
569,187.91875,7
570,288.32776,7
571,150.56587,7
572,140.56361,7
573,353.91736,7
574,190.40385,7
575,182.16493,7
576,298.33182,7
577,77.11749,7
578,224.63326,7
579,131.97502,7
580,71.10181,7
581,73.89126,7
582,104.13516,7
583,241.4085,7
584,203.39925,7
585,233.07013,7
586,176.21881,7
587,190.30205,7
588,102.88872,7
589,310.07852,7
590,447.17297,7
591,109.20735,7
592,221.07323,7
593,258.0813,7
594,197.51852,7
595,276.18817,7
596,362.4323,7
597,378.82257,7
598,215.00627,7
599,334.0339,7
600,398.06982,7
601,79.72705,7
602,252.59824,7
603,136.31136,7
604,173.93587,7
605,234.97993,7
606,215.30663,7
607,379.8938,7
608,202.15715,7
609,134.04454,7
610,223.45345,7
611,230.7122,7
612,233.33783,7
613,196.40895,7
614,242.94696,7
615,71.68918,7
616,221.82193,7
617,215.2115,7
618,85.58989,7
619,484.99963,7
620,167.42699,7
621,152.97621,7
622,273.36658,7
623,203.65459,7
624,37.85428,7
625,280.6332,7
626,101.89566,7
627,105.46889,7
628,128.42845,7
629,150.26558,7
630,252.2122,7
631,64.37758,7
632,157.15685,7
633,157.94225,7
634,324.71765,7
635,180.22252,7
636,243.06992,7
637,175.58278,7
638,180.92831,7
639,157.83597,7
640,446.6928,8
641,216.33542,8
642,184.34941,8
643,156.44484,8
644,307.25482,8
645,101.74979,8
646,245.42569,8
647,135.24664,8
648,239.11113,8
649,178.4593,8
650,269.70834,8
651,125.63257,8
652,348.87506,8
653,376.657,8
654,332.72272,8
655,209.3721,8
656,157.08662,8
657,204.30544,8
658,157.14758,8
659,556.55524,8
660,322.40527,8
661,252.14894,8
662,253.10988,8
663,278.37018,8
664,470.69925,8
665,146.3682,8
666,370.44495,8
667,124.29729,8
668,196.11522,8
669,450.13812,8
670,223.0344,8
671,127.93294,8
672,238.4567,8
673,318.92517,8
674,139.26082,8
675,298.74725,8
676,204.52048,8
677,328.54718,8
678,197.58182,8
679,214.72081,8
680,287.229,8
681,202.60095,8
682,248.06091,8
683,230.3279,8
684,144.46544,8
685,246.90297,8
686,202.99742,8
687,378.50677,8
688,296.63086,8
689,212.07593,8
690,242.95296,8
691,357.40167,8
692,224.56332,8
693,350.01422,8
694,190.60966,8
695,127.61889,8
696,293.05188,8
697,130.18509,8
698,152.46236,8
699,322.48944,8
700,313.13947,8
701,227.21451,8
702,142.61641,8
703,171.96535,8
704,234.1299,8
705,285.52448,8
706,312.6859,8
707,203.62718,8
708,119.42381,8
709,319.27405,8
710,153.70088,8
711,145.13402,8
712,222.08138,8
713,198.57703,8
714,182.11748,8
715,244.7517,8
716,250.22533,8
717,217.92577,8
718,233.39055,8
719,181.83818,8
720,195.90425,9
721,294.91443,9
722,357.94214,9
723,464.34155,9
724,278.91077,9
725,145.54628,9
726,132.78348,9
727,217.71335,9
728,257.79297,9
729,360.31464,9
730,374.16565,9
731,114.82771,9
732,255.01277,9
733,203.03708,9
734,137.412,9
735,120.3911,9
736,177.28656,9
737,333.41034,9
738,388.33032,9
739,222.20479,9
740,288.8662,9
741,365.32056,9
742,185.68562,9
743,218.45003,9
744,345.02454,9
745,313.82745,9
746,117.797195,9
747,189.18388,9
748,111.28809,9
749,197.97972,9
750,239.5798,9
751,194.5196,9
752,382.32257,9
753,197.69402,9
754,316.2805,9
755,155.014,9
756,257.40637,9
757,168.91806,9
758,459.92105,9
759,89.846085,9
760,178.39485,9
761,253.0186,9
762,284.75568,9
763,187.36253,9
764,348.56952,9
765,275.38815,9
766,198.64795,9
767,257.27472,9
768,117.45095,9
769,113.04576,9
770,217.09007,9
771,166.45087,9
772,300.93854,9
773,166.00362,9
774,172.13539,9
775,111.42947,9
776,314.52197,9
777,135.7668,9
778,232.1574,9
779,160.43193,9
780,415.5125,9
781,302.25885,9
782,147.51857,9
783,172.87138,9
784,275.5888,9
785,227.71489,9
786,239.71056,9
787,100.7648,9
788,158.20113,9
789,151.65512,9
790,345.79736,9
791,308.23734,9
792,245.02803,9
793,307.60617,9
794,332.72894,9
795,230.20204,9
796,211.30724,9
797,134.60268,9
798,241.67467,9
799,95.94937,9
