Image,Value,Label
0,-362.53513,0
1,-205.04321,0
2,-220.69263,0
3,-236.96298,0
4,-277.96008,0
5,-239.03122,0
6,-324.76215,0
7,-290.6299,0
8,-294.7701,0
9,-266.0282,0
10,-264.7307,0
11,-237.26164,0
12,-359.2417,0
13,-263.87665,0
14,-276.90036,0
15,-204.00815,0
16,-241.60742,0
17,-274.14722,0
18,-323.0548,0
19,-232.2251,0
20,-331.2672,0
21,-237.805,0
22,-218.18762,0
23,-211.84341,0
24,-329.6571,0
25,-175.4961,0
26,-301.1031,0
27,-231.28438,0
28,-292.56415,0
29,-265.14075,0
30,-291.9687,0
31,-191.0647,0
32,-243.41852,0
33,-155.03726,0
34,-292.32758,0
35,-222.27396,0
36,-202.76245,0
37,-158.35153,0
38,-296.8589,0
39,-207.39243,0
40,-278.71234,0
41,-267.70728,0
42,-404.3354,0
43,-267.0276,0
44,-235.17769,0
45,-189.28085,0
46,-289.33408,0
47,-305.9961,0
48,-215.4264,0
49,-201.77994,0
50,-189.1562,0
51,-256.11606,0
52,-248.67757,0
53,-278.72754,0
54,-248.26624,0
55,-201.88281,0
56,-304.03607,0
57,-140.56754,0
58,-230.1994,0
59,-313.01044,0
60,-256.83997,0
61,-267.86038,0
62,-215.48053,0
63,-245.54878,0
64,-277.37787,0
65,-247.8762,0
66,-306.49405,0
67,-194.62094,0
68,-227.09259,0
69,-221.68199,0
70,-206.48386,0
71,-239.1997,0
72,-265.60992,0
73,-363.47418,0
74,-298.90878,0
75,-230.75406,0
76,-283.52835,0
77,-421.15076,0
78,-337.70978,0
79,-286.7362,0
80,-208.84161,1
81,-83.0445,1
82,-170.06796,1
83,-130.91646,1
84,-175.06662,1
85,-224.3312,1
86,-122.78596,1
87,-120.46193,1
88,-135.0352,1
89,-260.44116,1
90,-133.50005,1
91,-164.59705,1
92,-209.81621,1
93,-251.05872,1
94,-188.96764,1
95,-116.52912,1
96,-201.79106,1
97,-160.45013,1
98,-176.4742,1
99,-171.34267,1
100,-136.4711,1
101,-154.5578,1
102,-275.37067,1
103,-143.9046,1
104,-162.42738,1
105,-152.49255,1
106,-262.49225,1
107,-249.29405,1
108,-184.03398,1
109,-177.11986,1
110,-257.79175,1
111,-141.4855,1
112,-216.79865,1
113,-222.3515,1
114,-237.14212,1
115,-182.19585,1
116,-162.91733,1
117,-147.66418,1
118,-225.73276,1
119,-173.67096,1
120,-164.4182,1
121,-122.71262,1
122,-194.79253,1
123,-197.94672,1
124,-185.74405,1
125,-145.14333,1
126,-160.32596,1
127,-169.37094,1
128,-220.49426,1
129,-143.65605,1
130,-190.00087,1
131,-134.87599,1
132,-122.58071,1
133,-188.63365,1
134,-145.19229,1
135,-195.92834,1
136,-180.82239,1
137,-160.1343,1
138,-242.17871,1
139,-150.50726,1
140,-145.09677,1
141,-138.72896,1
142,-244.85808,1
143,-219.05396,1
144,-219.2897,1
145,-230.58185,1
146,-185.98053,1
147,-222.12878,1
148,-166.35904,1
149,-267.7757,1
150,-236.18105,1
151,-290.4777,1
152,-225.87268,1
153,-243.46655,1
154,-167.21506,1
155,-245.09212,1
156,-326.41565,1
157,-156.32178,1
158,-117.31369,1
159,-203.82898,1
160,-216.89513,2
161,-297.33472,2
162,-256.3534,2
163,-238.88034,2
164,-299.23846,2
165,-318.15347,2
166,-278.55957,2
167,-417.03146,2
168,-245.9956,2
169,-322.46155,2
170,-220.31386,2
171,-330.29584,2
172,-264.3092,2
173,-276.9206,2
174,-264.08698,2
175,-370.0536,2
176,-197.96301,2
177,-271.67828,2
178,-291.25262,2
179,-354.67603,2
180,-84.17399,2
181,-353.277,2
182,-314.60364,2
183,-257.7691,2
184,-299.97794,2
185,-401.0747,2
186,-176.24341,2
187,-185.92706,2
188,-149.56664,2
189,-161.19737,2
190,-188.5453,2
191,-195.0318,2
192,-244.43686,2
193,-382.70007,2
194,-228.32193,2
195,-234.90692,2
196,-373.32465,2
197,-251.73837,2
198,-290.46347,2
199,-399.46857,2
200,-257.96317,2
201,-374.50806,2
202,-177.9079,2
203,-343.2168,2
204,-244.12057,2
205,-168.84215,2
206,-205.91283,2
207,-438.74634,2
208,-287.31564,2
209,-354.75787,2
210,-277.41025,2
211,-349.7616,2
212,-373.805,2
213,-270.81357,2
214,-266.0362,2
215,-279.42383,2
216,-314.05618,2
217,-202.63092,2
218,-382.26602,2
219,-390.72406,2
220,-348.06293,2
221,-443.60876,2
222,-360.9812,2
223,-244.60693,2
224,-213.82782,2
225,-388.60596,2
226,-423.60962,2
227,-253.96848,2
228,-340.62903,2
229,-288.53705,2
230,-259.98587,2
231,-159.5025,2
232,-208.8562,2
233,-515.55334,2
234,-350.60553,2
235,-294.9723,2
236,-248.89532,2
237,-397.58133,2
238,-144.46576,2
239,-230.10788,2
240,-436.51965,3
241,-323.1695,3
242,-203.95596,3
243,-177.30884,3
244,-342.774,3
245,-339.57617,3
246,-421.35596,3
247,-205.3819,3
248,-369.39178,3
249,-254.42703,3
250,-428.35635,3
251,-257.1514,3
252,-330.5986,3
253,-311.1236,3
254,-327.22894,3
255,-393.14966,3
256,-241.07745,3
257,-315.30716,3
258,-432.21356,3
259,-432.62903,3
260,-370.6801,3
261,-362.69855,3
262,-337.1405,3
263,-243.46407,3
264,-269.91022,3
265,-368.17212,3
266,-363.07846,3
267,-286.16797,3
268,-417.57745,3
269,-274.4995,3
270,-275.5652,3
271,-325.9102,3
272,-285.318,3
273,-275.72165,3
274,-234.64877,3
275,-251.07114,3
276,-426.79834,3
277,-292.89874,3
278,-324.6901,3
279,-264.43292,3
280,-275.75418,3
281,-413.9654,3
282,-417.8706,3
283,-262.69427,3
284,-277.39874,3
285,-294.11316,3
286,-290.9869,3
287,-328.55432,3
288,-389.91394,3
289,-312.0625,3
290,-346.5234,3
291,-301.61084,3
292,-285.6585,3
293,-301.08923,3
294,-330.25372,3
295,-301.99377,3
296,-349.51624,3
297,-385.14404,3
298,-292.7099,3
299,-434.08533,3
300,-446.9549,3
301,-401.82394,3
302,-204.31406,3
303,-192.9773,3
304,-243.96997,3
305,-240.04024,3
306,-353.80023,3
307,-223.64816,3
308,-177.78049,3
309,-378.03333,3
310,-529.73566,3
311,-248.97939,3
312,-281.1233,3
313,-171.35506,3
314,-342.06427,3
315,-358.38458,3
316,-187.30043,3
317,-397.87732,3
318,-327.03705,3
319,-354.9666,3
320,-143.66115,4
321,-105.014885,4
322,-164.25067,4
323,-147.6177,4
324,-136.04874,4
325,-110.93125,4
326,-203.75156,4
327,-127.266884,4
328,-234.86917,4
329,-95.54784,4
330,-158.3363,4
331,-107.27383,4
332,-130.39113,4
333,-157.78047,4
334,-129.87491,4
335,-161.35422,4
336,-102.12252,4
337,-217.50906,4
338,-192.60837,4
339,-142.8516,4
340,-213.29633,4
341,-115.288445,4
342,-197.38861,4
343,-157.57135,4
344,-152.40176,4
345,-147.55182,4
346,-71.37232,4
347,-158.55876,4
348,-133.18045,4
349,-129.05096,4
350,-141.80916,4
351,-190.7915,4
352,-208.4255,4
353,-126.69626,4
354,-173.26242,4
355,-144.99951,4
356,-196.2976,4
357,-112.8964,4
358,-104.97114,4
359,-114.723045,4
360,-179.1091,4
361,-146.89917,4
362,-164.9836,4
363,-78.37154,4
364,-163.10068,4
365,-135.84044,4
366,-255.66592,4
367,-146.20563,4
368,-202.8055,4
369,-102.68401,4
370,-149.29967,4
371,-122.26702,4
372,-104.7626,4
373,-147.20004,4
374,-195.1796,4
375,-149.78581,4
376,-80.326355,4
377,-113.30984,4
378,-157.19804,4
379,-93.77731,4
380,-164.90822,4
381,-152.88307,4
382,-83.12128,4
383,-160.72296,4
384,-146.84726,4
385,-118.02365,4
386,-149.60153,4
387,-134.30363,4
388,-95.75364,4
389,-119.66975,4
390,-169.78531,4
391,-143.09958,4
392,-156.992,4
393,-193.82863,4
394,-99.50104,4
395,-224.91348,4
396,-142.33664,4
397,-150.83719,4
398,-157.06088,4
399,-134.19447,4
400,-194.75098,5
401,-191.67126,5
402,-196.19962,5
403,-160.20097,5
404,-192.79657,5
405,-237.8259,5
406,-161.91403,5
407,-254.89699,5
408,-212.10556,5
409,-110.71886,5
410,-222.8065,5
411,-215.13344,5
412,-78.23118,5
413,-127.597725,5
414,-260.18094,5
415,-178.9248,5
416,-354.3782,5
417,-206.74025,5
418,-157.50473,5
419,-274.7599,5
420,-227.36157,5
421,-338.302,5
422,-208.32697,5
423,-212.478,5
424,-169.04187,5
425,-110.6394,5
426,-202.13477,5
427,-385.08337,5
428,-281.3554,5
429,-230.58455,5
430,-299.37457,5
431,-224.65314,5
432,-182.40028,5
433,-213.25978,5
434,-238.05736,5
435,-284.13248,5
436,-162.21442,5
437,-225.16635,5
438,-120.48826,5
439,-118.23466,5
440,-141.51302,5
441,-313.05835,5
442,-274.16544,5
443,-217.14941,5
444,-78.36228,5
445,-193.23154,5
446,-176.60004,5
447,-261.72513,5
448,-311.8764,5
449,-186.76633,5
450,-128.34674,5
451,-188.60408,5
452,-138.85736,5
453,-250.4283,5
454,-83.38458,5
455,-143.70428,5
456,-219.03632,5
457,-247.06589,5
458,-130.85674,5
459,-225.22903,5
460,-158.49583,5
461,-291.8295,5
462,-256.3142,5
463,-278.3767,5
464,-189.18546,5
465,-139.5458,5
466,-256.92725,5
467,-133.4661,5
468,-194.96295,5
469,-273.25812,5
470,-213.87152,5
471,-257.9225,5
472,-284.66736,5
473,-174.37978,5
474,-240.32684,5
475,-188.3572,5
476,-270.198,5
477,-145.72105,5
478,-164.91425,5
479,-309.99063,5
480,-147.25836,6
481,-189.89328,6
482,-171.32306,6
483,-144.70232,6
484,-131.97383,6
485,-181.86021,6
486,-202.61621,6
487,-274.00748,6
488,-249.89868,6
489,-175.50467,6
490,-130.93124,6
491,-134.7973,6
492,-79.49848,6
493,-158.08351,6
494,-122.55154,6
495,-190.6919,6
496,-165.04272,6
497,-216.62871,6
498,-145.38608,6
499,-326.30707,6
500,-172.57759,6
501,-142.66562,6
502,-194.49481,6
503,-134.42877,6
504,-183.6461,6
505,-255.31062,6
506,-136.23618,6
507,-143.97073,6
508,-225.63731,6
509,-247.8829,6
510,-140.96825,6
511,-184.10446,6
512,-190.43185,6
513,-199.95622,6
514,-100.69962,6
515,-105.289795,6
516,-173.51082,6
517,-113.30091,6
518,-137.73344,6
519,-151.53043,6
520,-223.18214,6
521,-171.79674,6
522,-180.33101,6
523,-187.9891,6
524,-223.34528,6
525,-138.68471,6
526,-146.74106,6
527,-160.1419,6
528,-215.97461,6
529,-200.4623,6
530,-109.12488,6
531,-126.19984,6
532,-212.59373,6
533,-133.13683,6
534,-131.74568,6
535,-150.05312,6
536,-201.40718,6
537,-203.52524,6
538,-176.36362,6
539,-145.48257,6
540,-125.04996,6
541,-130.05672,6
542,-117.98066,6
543,-138.1714,6
544,-107.38363,6
545,-137.51427,6
546,-141.26974,6
547,-138.93533,6
548,-156.66956,6
549,-144.67625,6
550,-183.82144,6
551,-121.668106,6
552,-169.07053,6
553,-150.96375,6
554,-183.94412,6
555,-176.08206,6
556,-183.42719,6
557,-249.2081,6
558,-150.03366,6
559,-130.34477,6
560,-203.91557,7
561,-169.52963,7
562,-145.51845,7
563,-95.1172,7
564,-91.07411,7
565,-143.9996,7
566,-148.75345,7
567,-73.134895,7
568,-57.39433,7
569,-278.78174,7
570,-163.50679,7
571,-142.65073,7
572,-133.93495,7
573,-165.85211,7
574,-173.17738,7
575,-128.21162,7
576,-96.651474,7
577,-218.76337,7
578,-204.18445,7
579,-163.27596,7
580,-232.91196,7
581,-132.31598,7
582,-121.21836,7
583,-208.94005,7
584,-130.14227,7
585,-151.21591,7
586,-138.44661,7
587,-203.89893,7
588,-110.51684,7
589,-33.816963,7
590,-149.55002,7
591,-90.07518,7
592,-101.41677,7
593,-254.8465,7
594,-119.860695,7
595,-182.23912,7
596,-43.095253,7
597,-205.88481,7
598,-102.901955,7
599,-86.21488,7
600,-138.5061,7
601,-201.25766,7
602,-101.69926,7
603,-200.6617,7
604,-155.84326,7
605,-91.67318,7
606,-119.478004,7
607,-125.307045,7
608,-75.09228,7
609,-130.81999,7
610,-220.16672,7
611,-153.08467,7
612,-165.61423,7
613,-134.05206,7
614,-73.73389,7
615,-90.4296,7
616,-71.979385,7
617,-155.5933,7
618,-206.11444,7
619,-76.24128,7
620,-228.00923,7
621,-129.97714,7
622,-111.853836,7
623,-66.26015,7
624,-134.3707,7
625,-236.98775,7
626,-210.1044,7
627,-74.71248,7
628,-94.047615,7
629,-155.93611,7
630,-126.39236,7
631,-163.76892,7
632,-150.7284,7
633,-99.34889,7
634,-110.52456,7
635,-143.78064,7
636,-68.71387,7
637,-142.86737,7
638,-273.32104,7
639,-139.22804,7
640,-370.22266,8
641,-221.35254,8
642,-253.73276,8
643,-167.74615,8
644,-263.4112,8
645,-109.977974,8
646,-245.1571,8
647,-179.38474,8
648,-108.52868,8
649,-172.69131,8
650,-275.6358,8
651,-193.76634,8
652,-292.71622,8
653,-363.4965,8
654,-212.75977,8
655,-219.68094,8
656,-154.19946,8
657,-229.75801,8
658,-218.86406,8
659,-300.23438,8
660,-297.26297,8
661,-151.92737,8
662,-279.97656,8
663,-299.85944,8
664,-322.0999,8
665,-150.05997,8
666,-206.74736,8
667,-143.61871,8
668,-221.46512,8
669,-274.44553,8
670,-205.51083,8
671,-159.62717,8
672,-266.15353,8
673,-216.59995,8
674,-203.0781,8
675,-239.48486,8
676,-144.94261,8
677,-117.47672,8
678,-166.48317,8
679,-214.31271,8
680,-211.47612,8
681,-280.9166,8
682,-284.2481,8
683,-240.33041,8
684,-289.4967,8
685,-151.10144,8
686,-242.68793,8
687,-278.26395,8
688,-259.18057,8
689,-142.98584,8
690,-187.49664,8
691,-301.0932,8
692,-293.28162,8
693,-293.39386,8
694,-200.64503,8
695,-181.69437,8
696,-435.4345,8
697,-198.30806,8
698,-153.68036,8
699,-146.41716,8
700,-258.1344,8
701,-179.5408,8
702,-193.3767,8
703,-157.81123,8
704,-344.02466,8
705,-155.21451,8
706,-186.14384,8
707,-186.3988,8
708,-137.56589,8
709,-314.87857,8
710,-158.7226,8
711,-185.86101,8
712,-157.8808,8
713,-213.78363,8
714,-107.542,8
715,-248.62125,8
716,-189.63528,8
717,-234.56335,8
718,-189.51013,8
719,-159.91382,8
720,-114.47046,9
721,-189.64078,9
722,-84.11007,9
723,-192.78662,9
724,-80.59666,9
725,-126.07199,9
726,-127.68961,9
727,-109.3383,9
728,-106.04852,9
729,-49.68712,9
730,-121.20896,9
731,-61.7187,9
732,-198.3794,9
733,-147.34297,9
734,-97.75257,9
735,-156.57909,9
736,-76.129776,9
737,-146.07776,9
738,-128.46925,9
739,-167.63658,9
740,-133.78506,9
741,-111.49767,9
742,-165.40553,9
743,-141.19263,9
744,-176.15419,9
745,-172.32869,9
746,-66.0798,9
747,-147.42383,9
748,-138.52545,9
749,-94.576195,9
750,-117.68435,9
751,-149.46524,9
752,-238.21704,9
753,-146.56104,9
754,-283.58813,9
755,-103.422905,9
756,-124.115204,9
757,-112.9614,9
758,-147.07155,9
759,-63.461323,9
760,-119.1269,9
761,-129.47498,9
762,-177.42513,9
763,-123.045456,9
764,-157.58092,9
765,-127.172005,9
766,-114.05642,9
767,-118.058426,9
768,-83.99552,9
769,-83.44866,9
770,-128.27817,9
771,-88.42826,9
772,-184.8992,9
773,-74.22234,9
774,-118.86553,9
775,-110.396225,9
776,-100.44662,9
777,-93.299446,9
778,-141.01904,9
779,-100.25557,9
780,-159.87424,9
781,-139.15834,9
782,-52.842403,9
783,-164.2637,9
784,-118.31655,9
785,-170.98878,9
786,-164.98987,9
787,-66.36233,9
788,-64.00173,9
789,-130.46498,9
790,-85.834236,9
791,-108.17327,9
792,-169.99902,9
793,-133.88785,9
794,-123.18085,9
795,-73.661705,9
796,-117.10143,9
797,-92.72529,9
798,-121.633995,9
799,-129.43266,9
