Image,Value,Label
0,-150.77946,0
1,-131.90123,0
2,-135.19963,0
3,-217.83588,0
4,-187.3376,0
5,-210.87396,0
6,-251.83434,0
7,-226.84195,0
8,-201.43756,0
9,-212.2203,0
10,-203.44165,0
11,-143.81622,0
12,-274.7217,0
13,-239.55183,0
14,-120.47792,0
15,-160.3266,0
16,-168.48428,0
17,-198.40906,0
18,-283.69858,0
19,-194.98291,0
20,-273.72495,0
21,-215.77374,0
22,-215.16458,0
23,-173.944,0
24,-163.13776,0
25,-155.14677,0
26,-166.9094,0
27,-181.47426,0
28,-230.69858,0
29,-132.30743,0
30,-229.59776,0
31,-99.89867,0
32,-140.87875,0
33,-129.81987,0
34,-292.0141,0
35,-148.12373,0
36,-198.28867,0
37,-105.01071,0
38,-279.71423,0
39,-83.78714,0
40,-197.42365,0
41,-242.68973,0
42,-250.5036,0
43,-199.38518,0
44,-222.64682,0
45,-304.6161,0
46,-278.4196,0
47,-250.87448,0
48,-144.99878,0
49,-149.53555,0
50,-119.85428,0
51,-253.79094,0
52,-260.70667,0
53,-144.86653,0
54,-101.16333,0
55,-99.2828,0
56,-214.2105,0
57,-130.14157,0
58,-263.72296,0
59,-152.37749,0
60,-185.57236,0
61,-292.75928,0
62,-206.69623,0
63,-221.23506,0
64,-266.87326,0
65,-298.89563,0
66,-228.2369,0
67,-195.70975,0
68,-177.00006,0
69,-107.55019,0
70,-164.85765,0
71,-169.3393,0
72,-225.22284,0
73,-313.49524,0
74,-241.06036,0
75,-195.52113,0
76,-236.93413,0
77,-263.05753,0
78,-85.44552,0
79,-56.66819,0
80,-141.25107,1
81,-20.35422,1
82,-110.45829,1
83,-75.31257,1
84,-122.766884,1
85,-103.363884,1
86,-63.018764,1
87,-67.27532,1
88,-93.385254,1
89,-134.17224,1
90,-63.98291,1
91,-89.25213,1
92,-81.388405,1
93,-178.42853,1
94,-142.40875,1
95,-63.113678,1
96,-155.32181,1
97,-98.46456,1
98,-89.73632,1
99,-99.13809,1
100,-56.757637,1
101,-84.73461,1
102,-195.07626,1
103,-78.367645,1
104,-96.7834,1
105,-65.95759,1
106,-146.50464,1
107,-143.83066,1
108,-119.09388,1
109,-94.46908,1
110,-165.41342,1
111,-89.82113,1
112,-130.94618,1
113,-150.7921,1
114,-130.11462,1
115,-79.53136,1
116,-142.7637,1
117,-80.350876,1
118,-152.52472,1
119,-99.29695,1
120,-93.489815,1
121,-92.1554,1
122,-81.63059,1
123,-113.653656,1
124,-73.58611,1
125,-90.714516,1
126,-128.83855,1
127,-72.58423,1
128,-118.745766,1
129,-101.7535,1
130,-125.33109,1
131,-99.83781,1
132,-70.086464,1
133,-98.72914,1
134,-71.46049,1
135,-107.32669,1
136,-109.02728,1
137,-79.92703,1
138,-132.32932,1
139,-84.501335,1
140,-67.44214,1
141,-63.10363,1
142,-144.48949,1
143,-112.54867,1
144,-105.66288,1
145,-140.61,1
146,-108.33875,1
147,-113.3653,1
148,-95.479515,1
149,-144.86916,1
150,-177.95953,1
151,-160.54947,1
152,-102.483086,1
153,-148.33427,1
154,-114.54367,1
155,-158.91872,1
156,-143.52122,1
157,-99.00476,1
158,-47.26221,1
159,-107.50259,1
160,-94.46525,2
161,-57.134407,2
162,-131.64684,2
163,-49.806213,2
164,-185.46231,2
165,-87.93823,2
166,-112.239975,2
167,-210.58688,2
168,-142.54941,2
169,-103.92908,2
170,-73.961655,2
171,-81.22062,2
172,-106.27909,2
173,-88.65458,2
174,-236.85695,2
175,-117.770744,2
176,-108.2098,2
177,-125.27436,2
178,-225.11432,2
179,-160.9382,2
180,-72.87126,2
181,-117.59977,2
182,-89.183304,2
183,-95.74989,2
184,-209.20457,2
185,32.26577,2
186,-104.36869,2
187,-157.33624,2
188,-98.50359,2
189,-43.795906,2
190,-143.8569,2
191,-155.97192,2
192,-75.1066,2
193,-114.65904,2
194,-161.17014,2
195,-241.04356,2
196,-122.12704,2
197,-158.68723,2
198,-65.01132,2
199,-117.124176,2
200,-81.31505,2
201,-164.45877,2
202,-82.88919,2
203,-21.163733,2
204,-68.52311,2
205,-61.797012,2
206,-136.96045,2
207,-198.66736,2
208,-150.75778,2
209,-123.253784,2
210,-144.66652,2
211,-54.706688,2
212,-240.302,2
213,-79.42401,2
214,-111.77024,2
215,-111.00773,2
216,-100.29415,2
217,-93.26821,2
218,-224.11081,2
219,-83.56421,2
220,-90.23794,2
221,-86.12832,2
222,-96.1127,2
223,-134.15543,2
224,-48.45345,2
225,-24.383833,2
226,37.207115,2
227,-178.19882,2
228,-110.19104,2
229,-167.29408,2
230,-54.38955,2
231,-192.0215,2
232,-51.9451,2
233,-82.909294,2
234,-213.69098,2
235,-214.29771,2
236,-112.51546,2
237,-204.63112,2
238,-83.99291,2
239,-134.10205,2
240,-165.69666,3
241,-112.371796,3
242,-102.31107,3
243,-155.76648,3
244,-274.26666,3
245,-192.66255,3
246,-271.61914,3
247,-102.680626,3
248,-141.556,3
249,-117.65726,3
250,-236.22464,3
251,-135.91641,3
252,-208.10126,3
253,-233.30069,3
254,-197.30838,3
255,-233.0549,3
256,-177.08144,3
257,-150.88712,3
258,-222.75314,3
259,-271.66708,3
260,-284.0469,3
261,-199.20007,3
262,-188.76695,3
263,-121.57777,3
264,-79.16674,3
265,-285.83948,3
266,-163.87445,3
267,-173.76862,3
268,-321.27368,3
269,-174.13889,3
270,-133.23952,3
271,-174.58105,3
272,-174.85135,3
273,-144.68346,3
274,-187.91595,3
275,-130.4019,3
276,-323.34134,3
277,-111.69756,3
278,-214.24036,3
279,-127.83849,3
280,-184.07742,3
281,-194.8638,3
282,-268.73206,3
283,-283.49823,3
284,-140.02673,3
285,-145.52466,3
286,-276.3293,3
287,-278.88525,3
288,-232.45084,3
289,-242.25323,3
290,-188.64235,3
291,-175.38284,3
292,-271.86777,3
293,-224.59375,3
294,-241.89851,3
295,-207.00632,3
296,-204.04846,3
297,-186.50027,3
298,-230.31122,3
299,-299.9088,3
300,-184.77942,3
301,-340.4673,3
302,-84.9381,3
303,-114.5897,3
304,-149.33444,3
305,-162.48207,3
306,-166.15114,3
307,-102.35937,3
308,-92.75948,3
309,-195.47661,3
310,-332.00775,3
311,-135.0001,3
312,-161.67917,3
313,-143.94975,3
314,-204.85019,3
315,-217.47165,3
316,-62.07966,3
317,-259.02618,3
318,-135.0243,3
319,-131.93784,3
320,-280.17572,4
321,-136.77432,4
322,-169.58917,4
323,-188.55547,4
324,-235.68657,4
325,-175.6048,4
326,-259.0338,4
327,-168.84889,4
328,-201.56155,4
329,-161.38681,4
330,-201.41678,4
331,-140.75633,4
332,-157.67204,4
333,-97.64068,4
334,-188.85649,4
335,-118.105675,4
336,-107.22141,4
337,-271.92023,4
338,-194.88521,4
339,-250.85934,4
340,-208.1948,4
341,-178.69005,4
342,-274.1624,4
343,-239.07098,4
344,-182.18452,4
345,-234.73306,4
346,-138.78894,4
347,-74.37771,4
348,-124.52068,4
349,-169.82692,4
350,-299.29626,4
351,-210.69667,4
352,-245.2392,4
353,-220.35886,4
354,-109.76543,4
355,-212.96606,4
356,-314.99573,4
357,-203.00862,4
358,-209.8665,4
359,-132.95023,4
360,-201.19778,4
361,-226.14673,4
362,-213.44702,4
363,-140.41417,4
364,-199.13512,4
365,-206.80786,4
366,-274.78268,4
367,-234.87596,4
368,-189.00827,4
369,-146.76657,4
370,-86.02071,4
371,-178.74539,4
372,-73.06876,4
373,-136.3913,4
374,-296.98264,4
375,-239.34518,4
376,-175.08875,4
377,-155.52286,4
378,-231.15858,4
379,-215.64453,4
380,-256.10345,4
381,-133.62967,4
382,-206.85112,4
383,-184.36084,4
384,-233.90013,4
385,-164.02048,4
386,-232.806,4
387,-224.53693,4
388,-208.24149,4
389,-216.97136,4
390,-157.0481,4
391,-201.21533,4
392,-203.3775,4
393,-236.3284,4
394,-155.89316,4
395,-193.50322,4
396,-229.00458,4
397,-181.67279,4
398,-176.22263,4
399,-207.73555,4
400,-197.94855,5
401,-208.2094,5
402,-171.52237,5
403,-198.1965,5
404,-173.25446,5
405,-219.55621,5
406,-214.7862,5
407,-206.21713,5
408,-253.2648,5
409,-150.93597,5
410,-169.27936,5
411,-216.84183,5
412,-48.525417,5
413,-192.16235,5
414,-288.72977,5
415,-147.49379,5
416,-257.52847,5
417,-283.7964,5
418,-178.61931,5
419,-212.19183,5
420,-278.43243,5
421,-225.6445,5
422,-164.68625,5
423,-276.70422,5
424,-112.5457,5
425,-134.37936,5
426,-211.25471,5
427,-315.92587,5
428,-255.59274,5
429,-191.23242,5
430,-327.83197,5
431,-203.04384,5
432,-224.05112,5
433,-157.79066,5
434,-196.1443,5
435,-245.7407,5
436,-108.576706,5
437,-202.04999,5
438,-170.32819,5
439,-98.46058,5
440,-177.5492,5
441,-260.73737,5
442,-286.38806,5
443,-159.21472,5
444,-103.929665,5
445,-221.0025,5
446,-230.71545,5
447,-268.02075,5
448,-383.72888,5
449,-134.59087,5
450,-152.92865,5
451,-116.12878,5
452,-143.12248,5
453,-133.682,5
454,-184.78882,5
455,-217.45065,5
456,-176.06577,5
457,-325.66553,5
458,-216.01953,5
459,-216.0708,5
460,-213.3613,5
461,-326.5125,5
462,-262.92487,5
463,-207.11395,5
464,-162.3073,5
465,-137.11516,5
466,-248.59113,5
467,-107.89489,5
468,-161.82565,5
469,-295.42627,5
470,-175.92812,5
471,-225.29594,5
472,-243.98083,5
473,-141.65556,5
474,-248.8005,5
475,-207.46498,5
476,-279.969,5
477,-109.982895,5
478,-115.65489,5
479,-215.3116,5
480,-141.79039,6
481,-115.49061,6
482,-223.09314,6
483,-125.0911,6
484,-112.18084,6
485,-166.11972,6
486,-251.52255,6
487,-276.0517,6
488,-281.52026,6
489,-93.76811,6
490,-124.4496,6
491,-145.2915,6
492,-117.62998,6
493,-172.11008,6
494,-175.97385,6
495,-253.96552,6
496,-223.39127,6
497,-161.23505,6
498,-97.99786,6
499,-239.56396,6
500,-196.9177,6
501,-131.30342,6
502,-157.65028,6
503,-147.41498,6
504,-155.78273,6
505,-215.03526,6
506,-221.55103,6
507,-217.93756,6
508,-172.46616,6
509,-176.87512,6
510,-208.6957,6
511,-234.50748,6
512,-93.289215,6
513,-165.91702,6
514,-93.69451,6
515,-156.0069,6
516,-219.60721,6
517,-107.00311,6
518,-127.34463,6
519,-141.36922,6
520,-247.90067,6
521,-191.14104,6
522,-104.01317,6
523,-213.68748,6
524,-186.23383,6
525,-146.96286,6
526,-147.49472,6
527,-143.06625,6
528,-188.71118,6
529,-175.7062,6
530,-153.06041,6
531,-194.76996,6
532,-234.3407,6
533,-115.68209,6
534,-198.86581,6
535,-176.9435,6
536,-177.68834,6
537,-272.62292,6
538,-150.23062,6
539,-163.0494,6
540,-135.76184,6
541,-100.03451,6
542,-84.11898,6
543,-141.30914,6
544,-145.12917,6
545,-111.65327,6
546,-211.97934,6
547,-135.65466,6
548,-264.73132,6
549,-161.85652,6
550,-209.91147,6
551,-175.29683,6
552,-123.50494,6
553,-200.8797,6
554,-254.45122,6
555,-192.96051,6
556,-198.57715,6
557,-63.545143,6
558,-157.11371,6
559,-136.32632,6
560,-204.67244,7
561,-109.61783,7
562,-139.70169,7
563,-190.14078,7
564,-285.56964,7
565,-257.45563,7
566,-226.085,7
567,-177.13754,7
568,-240.16907,7
569,-252.63396,7
570,-225.85608,7
571,-134.61505,7
572,-169.33817,7
573,-307.02872,7
574,-165.10944,7
575,-153.09558,7
576,-209.38538,7
577,-130.32535,7
578,-236.87613,7
579,-155.25262,7
580,-162.60934,7
581,-106.544106,7
582,-163.40979,7
583,-204.32791,7
584,-157.98183,7
585,-190.81863,7
586,-205.55525,7
587,-188.76817,7
588,-111.40188,7
589,-283.98065,7
590,-337.82925,7
591,-98.485146,7
592,-185.52542,7
593,-229.03217,7
594,-170.62643,7
595,-231.38058,7
596,-287.18146,7
597,-329.50372,7
598,-220.6146,7
599,-296.23975,7
600,-313.37872,7
601,-148.84602,7
602,-190.78917,7
603,-195.94144,7
604,-232.3391,7
605,-185.00226,7
606,-170.64285,7
607,-294.29608,7
608,-177.52313,7
609,-171.46114,7
610,-237.22241,7
611,-284.70428,7
612,-233.70633,7
613,-206.6863,7
614,-185.50937,7
615,-102.84082,7
616,-206.21918,7
617,-207.41013,7
618,-110.74354,7
619,-370.16815,7
620,-134.78912,7
621,-194.28323,7
622,-236.41817,7
623,-169.6907,7
624,-70.4906,7
625,-292.3323,7
626,-150.60207,7
627,-128.45868,7
628,-129.79514,7
629,-194.84758,7
630,-251.60832,7
631,-133.05328,7
632,-206.70543,7
633,-166.10725,7
634,-249.40694,7
635,-196.67206,7
636,-196.25343,7
637,-221.23051,7
638,-153.59303,7
639,-129.2096,7
640,-333.97528,8
641,-205.79556,8
642,-249.23456,8
643,-124.94709,8
644,-266.2942,8
645,-125.504036,8
646,-179.7252,8
647,-160.2698,8
648,-177.88287,8
649,-225.8246,8
650,-269.25616,8
651,-178.69606,8
652,-353.50476,8
653,-354.61795,8
654,-309.54596,8
655,-200.69511,8
656,-185.73427,8
657,-219.23442,8
658,-166.99321,8
659,-400.82883,8
660,-291.53473,8
661,-180.37268,8
662,-238.38861,8
663,-294.82175,8
664,-357.64365,8
665,-215.74864,8
666,-325.94385,8
667,-149.20377,8
668,-191.73906,8
669,-363.66168,8
670,-229.0072,8
671,-156.96019,8
672,-314.62323,8
673,-291.1464,8
674,-161.85747,8
675,-272.72534,8
676,-216.53526,8
677,-258.10925,8
678,-159.07227,8
679,-234.25491,8
680,-228.32341,8
681,-249.9047,8
682,-300.34537,8
683,-249.801,8
684,-176.96696,8
685,-256.05002,8
686,-196.22607,8
687,-339.37177,8
688,-216.47285,8
689,-204.71103,8
690,-238.9931,8
691,-293.11755,8
692,-234.50049,8
693,-365.65054,8
694,-256.9428,8
695,-152.72595,8
696,-373.62494,8
697,-149.35423,8
698,-119.05391,8
699,-266.20728,8
700,-307.65546,8
701,-167.27856,8
702,-230.29169,8
703,-217.10596,8
704,-249.07498,8
705,-288.39215,8
706,-221.57332,8
707,-172.64633,8
708,-140.6342,8
709,-287.50394,8
710,-182.1676,8
711,-169.11801,8
712,-172.8298,8
713,-141.642,8
714,-167.43896,8
715,-261.43378,8
716,-263.811,8
717,-184.23563,8
718,-223.3053,8
719,-174.30295,8
720,-233.36285,9
721,-269.99274,9
722,-186.26999,9
723,-369.88147,9
724,-245.08174,9
725,-190.85988,9
726,-152.9267,9
727,-156.9891,9
728,-215.20824,9
729,-217.6145,9
730,-237.53125,9
731,-155.87825,9
732,-244.4684,9
733,-200.3155,9
734,-194.26709,9
735,-186.6479,9
736,-181.28323,9
737,-270.37067,9
738,-278.5395,9
739,-177.54819,9
740,-258.74274,9
741,-242.13779,9
742,-185.34584,9
743,-203.36447,9
744,-194.25526,9
745,-247.56323,9
746,-147.95828,9
747,-219.9899,9
748,-165.53322,9
749,-251.61281,9
750,-196.78593,9
751,-197.79218,9
752,-294.47836,9
753,-241.77063,9
754,-318.93225,9
755,-171.79404,9
756,-180.62833,9
757,-147.78928,9
758,-245.2685,9
759,-112.073166,9
760,-178.89676,9
761,-265.83322,9
762,-195.17487,9
763,-188.7546,9
764,-268.2448,9
765,-192.91234,9
766,-173.01366,9
767,-254.50891,9
768,-143.04416,9
769,-110.30346,9
770,-214.21738,9
771,-195.74632,9
772,-207.83836,9
773,-169.01196,9
774,-234.95154,9
775,-175.21706,9
776,-283.0061,9
777,-180.1213,9
778,-167.12537,9
779,-159.36038,9
780,-328.55777,9
781,-162.33409,9
782,-141.49347,9
783,-190.2834,9
784,-230.64081,9
785,-209.29295,9
786,-146.02113,9
787,-131.47797,9
788,-183.35959,9
789,-198.59941,9
790,-209.72424,9
791,-200.02542,9
792,-296.7686,9
793,-192.07675,9
794,-215.05469,9
795,-245.50769,9
796,-209.47565,9
797,-172.64987,9
798,-283.69574,9
799,-152.2208,9
