Image,Value,Label
0,226.45372,0
1,72.54044,0
2,48.29826,0
3,161.52794,0
4,59.355278,0
5,39.021927,0
6,134.84706,0
7,124.63606,0
8,105.635635,0
9,111.15763,0
10,187.38316,0
11,97.58191,0
12,112.12274,0
13,75.08777,0
14,75.470474,0
15,61.24609,0
16,112.887344,0
17,144.78035,0
18,108.57707,0
19,135.97612,0
20,161.13852,0
21,91.596054,0
22,193.04494,0
23,42.6516,0
24,255.09575,0
25,42.086506,0
26,96.1841,0
27,45.334713,0
28,179.76909,0
29,94.13162,0
30,84.935356,0
31,160.6696,0
32,94.52452,0
33,164.4486,0
34,173.90536,0
35,83.90055,0
36,20.299505,0
37,81.7491,0
38,83.73375,0
39,123.037674,0
40,99.83604,0
41,58.446743,0
42,137.0422,0
43,93.596954,0
44,63.60021,0
45,157.62794,0
46,218.02391,0
47,87.18834,0
48,85.915405,0
49,68.86305,0
50,78.62384,0
51,99.46529,0
52,78.90553,0
53,96.58936,0
54,180.57744,0
55,138.93959,0
56,59.739952,0
57,38.784042,0
58,153.70369,0
59,108.22892,0
60,99.034706,0
61,98.670876,0
62,57.274315,0
63,234.65639,0
64,130.24837,0
65,183.97202,0
66,66.76564,0
67,69.683304,0
68,80.76044,0
69,200.74452,0
70,260.63824,0
71,227.00021,0
72,70.337006,0
73,218.51395,0
74,77.26058,0
75,91.34146,0
76,155.55223,0
77,189.89998,0
78,170.39378,0
79,106.93485,0
80,123.00156,1
81,74.856705,1
82,136.3506,1
83,114.82507,1
84,113.385155,1
85,131.69136,1
86,106.20727,1
87,122.95197,1
88,129.53712,1
89,132.75479,1
90,100.895035,1
91,111.17334,1
92,97.59354,1
93,154.13394,1
94,60.109783,1
95,56.867702,1
96,115.692406,1
97,105.46286,1
98,109.355316,1
99,173.95705,1
100,108.85447,1
101,94.36724,1
102,161.62305,1
103,96.5681,1
104,112.440834,1
105,125.854904,1
106,109.63275,1
107,129.991,1
108,121.42895,1
109,112.77222,1
110,137.39467,1
111,128.96152,1
112,144.8594,1
113,131.36374,1
114,119.24293,1
115,88.9529,1
116,136.19832,1
117,103.44809,1
118,143.6055,1
119,101.20558,1
120,88.082695,1
121,108.790634,1
122,84.838745,1
123,132.40901,1
124,84.54887,1
125,106.99246,1
126,126.29008,1
127,87.27959,1
128,98.04344,1
129,91.6206,1
130,104.83225,1
131,96.752975,1
132,90.23967,1
133,122.52211,1
134,95.04348,1
135,92.64813,1
136,144.7151,1
137,120.41991,1
138,119.362434,1
139,157.98581,1
140,130.51506,1
141,109.833595,1
142,114.47879,1
143,99.214905,1
144,61.437717,1
145,144.1812,1
146,110.47748,1
147,112.46479,1
148,167.49332,1
149,109.15189,1
150,125.07014,1
151,141.2304,1
152,157.88142,1
153,138.71529,1
154,177.91554,1
155,124.47482,1
156,158.67796,1
157,117.65701,1
158,112.05817,1
159,185.93602,1
160,94.96794,2
161,219.85634,2
162,188.82506,2
163,30.39572,2
164,212.90706,2
165,272.58942,2
166,308.64212,2
167,195.0777,2
168,265.02155,2
169,328.518,2
170,158.13786,2
171,336.4562,2
172,211.9239,2
173,171.36604,2
174,158.62216,2
175,251.99231,2
176,219.24751,2
177,294.31116,2
178,205.82312,2
179,322.08917,2
180,35.882042,2
181,334.88837,2
182,151.06465,2
183,222.17986,2
184,182.69539,2
185,210.0034,2
186,215.68266,2
187,158.03432,2
188,114.63284,2
189,171.72026,2
190,187.69112,2
191,218.63045,2
192,323.70398,2
193,174.57808,2
194,245.38026,2
195,174.99948,2
196,255.85703,2
197,286.60944,2
198,201.49474,2
199,163.91289,2
200,133.45189,2
201,93.31477,2
202,244.80577,2
203,30.666082,2
204,205.88776,2
205,168.51779,2
206,180.15205,2
207,310.66937,2
208,289.5515,2
209,167.24739,2
210,253.87782,2
211,232.59718,2
212,286.99295,2
213,238.72447,2
214,301.31546,2
215,305.063,2
216,192.85158,2
217,151.27855,2
218,215.68849,2
219,220.51617,2
220,269.8978,2
221,260.0491,2
222,267.6776,2
223,95.251495,2
224,155.10611,2
225,133.93456,2
226,371.82626,2
227,173.80052,2
228,254.2718,2
229,86.364296,2
230,121.4491,2
231,170.51234,2
232,223.17175,2
233,204.67705,2
234,298.06696,2
235,206.63155,2
236,123.72768,2
237,201.75447,2
238,139.16441,2
239,150.09483,2
240,125.85821,3
241,111.62124,3
242,-19.686152,3
243,21.930222,3
244,84.96946,3
245,42.14348,3
246,111.88431,3
247,114.049965,3
248,155.68434,3
249,23.60774,3
250,75.796745,3
251,121.25409,3
252,86.90643,3
253,39.117092,3
254,154.81865,3
255,174.94612,3
256,18.948076,3
257,70.46997,3
258,148.75294,3
259,89.48692,3
260,58.14517,3
261,63.13473,3
262,117.95808,3
263,74.09398,3
264,104.65232,3
265,94.4539,3
266,64.597336,3
267,122.46968,3
268,115.39662,3
269,73.89983,3
270,43.91412,3
271,144.29976,3
272,105.135445,3
273,100.61105,3
274,110.30604,3
275,22.239477,3
276,88.15808,3
277,48.032578,3
278,55.1314,3
279,175.55283,3
280,159.76984,3
281,104.80084,3
282,189.73233,3
283,49.203884,3
284,208.87166,3
285,102.757484,3
286,37.269497,3
287,103.26399,3
288,71.354774,3
289,297.1513,3
290,48.78634,3
291,16.793184,3
292,35.10844,3
293,58.668808,3
294,99.81345,3
295,248.45761,3
296,72.5345,3
297,53.41609,3
298,163.74518,3
299,186.4309,3
300,53.667957,3
301,82.39246,3
302,77.29116,3
303,64.57678,3
304,206.85023,3
305,52.042576,3
306,65.58579,3
307,75.23949,3
308,44.802814,3
309,65.71179,3
310,131.87132,3
311,154.75146,3
312,49.303864,3
313,55.673717,3
314,125.39103,3
315,87.00943,3
316,52.713184,3
317,87.16657,3
318,35.134983,3
319,216.48851,3
320,87.568954,4
321,127.61476,4
322,96.85726,4
323,153.1382,4
324,71.23588,4
325,73.155396,4
326,119.15228,4
327,72.76041,4
328,166.49123,4
329,102.11437,4
330,100.15209,4
331,89.19443,4
332,59.43377,4
333,95.79813,4
334,111.11113,4
335,102.8808,4
336,107.075615,4
337,138.03534,4
338,49.142773,4
339,160.84349,4
340,202.43584,4
341,83.252975,4
342,109.35687,4
343,133.61833,4
344,93.66077,4
345,71.00331,4
346,134.71947,4
347,171.05348,4
348,69.02826,4
349,141.68852,4
350,86.45293,4
351,206.78902,4
352,86.99265,4
353,143.25462,4
354,225.99303,4
355,179.87273,4
356,93.93016,4
357,100.68108,4
358,106.22978,4
359,65.47229,4
360,108.10521,4
361,109.13158,4
362,110.69898,4
363,93.06648,4
364,169.02818,4
365,84.00031,4
366,219.25339,4
367,85.11748,4
368,41.2142,4
369,79.59308,4
370,50.27558,4
371,79.10161,4
372,61.470207,4
373,105.17623,4
374,61.19573,4
375,80.60358,4
376,139.89406,4
377,100.75706,4
378,103.53233,4
379,165.47737,4
380,136.21727,4
381,97.42349,4
382,100.56203,4
383,97.55003,4
384,115.83624,4
385,63.513023,4
386,119.71478,4
387,131.51854,4
388,124.43905,4
389,148.20488,4
390,62.60363,4
391,119.67193,4
392,116.60887,4
393,124.148834,4
394,70.11473,4
395,110.51036,4
396,101.0829,4
397,88.37848,4
398,23.31663,4
399,144.55609,4
400,13.22212,5
401,-12.646058,5
402,38.35127,5
403,80.4469,5
404,40.30427,5
405,38.20636,5
406,9.101536,5
407,198.94868,5
408,-17.788618,5
409,121.457825,5
410,63.10353,5
411,14.734615,5
412,52.082424,5
413,13.054445,5
414,71.07244,5
415,61.658222,5
416,212.81221,5
417,-16.337221,5
418,55.996372,5
419,97.74025,5
420,36.972416,5
421,11.577276,5
422,121.738045,5
423,-29.091833,5
424,21.130743,5
425,5.2760887,5
426,47.177277,5
427,35.060528,5
428,17.803488,5
429,-11.060225,5
430,-12.230722,5
431,68.82926,5
432,113.07449,5
433,68.325775,5
434,35.763393,5
435,46.96465,5
436,133.77052,5
437,83.61947,5
438,112.09439,5
439,185.23497,5
440,42.84112,5
441,95.714775,5
442,18.805353,5
443,72.021576,5
444,46.78628,5
445,21.419226,5
446,29.55231,5
447,79.07401,5
448,34.401264,5
449,160.29329,5
450,26.106962,5
451,19.599358,5
452,14.061825,5
453,9.8549595,5
454,143.06148,5
455,21.56383,5
456,8.026129,5
457,20.507395,5
458,7.6874485,5
459,39.30898,5
460,49.301872,5
461,32.213547,5
462,21.562597,5
463,35.03662,5
464,86.49979,5
465,50.75234,5
466,-21.777075,5
467,44.051014,5
468,27.732388,5
469,-15.158821,5
470,55.96242,5
471,-26.234514,5
472,8.0324955,5
473,123.61494,5
474,3.2393055,5
475,90.7682,5
476,-14.49898,5
477,48.26647,5
478,187.02193,5
479,32.14437,5
480,100.00629,6
481,86.25734,6
482,91.15002,6
483,75.252556,6
484,44.854237,6
485,52.732933,6
486,99.75314,6
487,159.38225,6
488,111.325096,6
489,103.0083,6
490,87.73161,6
491,66.78654,6
492,119.92479,6
493,48.538467,6
494,83.05986,6
495,188.03911,6
496,139.57918,6
497,41.525814,6
498,114.08746,6
499,302.4461,6
500,115.72285,6
501,110.572205,6
502,70.68648,6
503,78.76355,6
504,79.88478,6
505,74.51461,6
506,148.90184,6
507,112.31569,6
508,51.0763,6
509,163.90013,6
510,139.9682,6
511,99.836784,6
512,129.23228,6
513,71.91594,6
514,95.085106,6
515,96.906845,6
516,146.60979,6
517,84.266556,6
518,64.62509,6
519,49.72759,6
520,94.359924,6
521,35.407337,6
522,141.98961,6
523,34.604355,6
524,227.98509,6
525,35.474636,6
526,105.24914,6
527,51.077904,6
528,93.13734,6
529,119.34203,6
530,106.25827,6
531,198.33577,6
532,146.6822,6
533,84.29758,6
534,156.09708,6
535,148.989,6
536,55.6334,6
537,39.193737,6
538,3.19631,6
539,58.56128,6
540,39.13216,6
541,29.293648,6
542,49.34353,6
543,117.740326,6
544,141.62193,6
545,52.849533,6
546,138.95201,6
547,105.113174,6
548,147.89967,6
549,80.39885,6
550,199.9054,6
551,166.81288,6
552,101.852295,6
553,94.27378,6
554,123.37871,6
555,69.540115,6
556,71.60676,6
557,261.5163,6
558,122.57153,6
559,142.6496,6
560,164.051,7
561,138.04146,7
562,143.06013,7
563,98.969864,7
564,104.818375,7
565,173.97955,7
566,64.54879,7
567,106.551636,7
568,71.67018,7
569,266.18103,7
570,138.80013,7
571,127.21959,7
572,172.45818,7
573,118.649185,7
574,209.29121,7
575,93.84604,7
576,94.64631,7
577,183.74869,7
578,155.94629,7
579,170.97224,7
580,200.7385,7
581,127.15657,7
582,139.9418,7
583,126.059654,7
584,132.04893,7
585,72.81473,7
586,122.932335,7
587,181.42131,7
588,107.319885,7
589,29.4569,7
590,40.354946,7
591,77.38732,7
592,40.813774,7
593,248.16258,7
594,128.82986,7
595,244.58983,7
596,-65.04675,7
597,218.10635,7
598,64.75796,7
599,99.019806,7
600,69.102554,7
601,148.20375,7
602,124.92218,7
603,205.12886,7
604,126.471855,7
605,53.254536,7
606,82.433426,7
607,43.226913,7
608,72.92237,7
609,102.606125,7
610,217.71832,7
611,56.57285,7
612,70.17435,7
613,72.578636,7
614,106.988525,7
615,125.76744,7
616,110.138435,7
617,176.42621,7
618,149.18222,7
619,190.1986,7
620,167.80772,7
621,168.00157,7
622,87.08855,7
623,113.80733,7
624,70.1875,7
625,118.91664,7
626,188.92383,7
627,133.12311,7
628,132.24313,7
629,169.87953,7
630,163.75772,7
631,113.91327,7
632,135.9457,7
633,96.2793,7
634,58.429203,7
635,154.27415,7
636,69.719696,7
637,152.96007,7
638,167.22768,7
639,152.80055,7
640,185.27469,8
641,21.604198,8
642,97.55415,8
643,114.96421,8
644,161.39024,8
645,76.35045,8
646,139.33429,8
647,67.49502,8
648,18.08882,8
649,100.454285,8
650,88.256805,8
651,67.507675,8
652,75.89021,8
653,158.68733,8
654,82.79532,8
655,59.35981,8
656,35.426685,8
657,62.299324,8
658,44.24642,8
659,212.28728,8
660,61.77807,8
661,83.29263,8
662,103.159515,8
663,105.29875,8
664,238.63158,8
665,98.53967,8
666,128.87434,8
667,27.04571,8
668,73.14579,8
669,103.12306,8
670,76.17647,8
671,50.397755,8
672,167.54187,8
673,119.013794,8
674,164.40785,8
675,137.823,8
676,73.84927,8
677,46.246967,8
678,72.36238,8
679,52.63083,8
680,99.79562,8
681,82.86522,8
682,70.01492,8
683,-4.852337,8
684,143.25214,8
685,92.878204,8
686,90.30098,8
687,88.15155,8
688,68.75404,8
689,58.919785,8
690,101.628914,8
691,90.7229,8
692,57.81393,8
693,135.46931,8
694,58.501347,8
695,90.933395,8
696,155.39638,8
697,92.38519,8
698,126.829254,8
699,53.04144,8
700,129.05272,8
701,88.5941,8
702,84.25025,8
703,61.956585,8
704,150.23569,8
705,102.54769,8
706,157.92007,8
707,109.54114,8
708,45.810467,8
709,88.08055,8
710,89.23405,8
711,67.58468,8
712,95.68147,8
713,68.51336,8
714,57.75277,8
715,132.93733,8
716,112.96988,8
717,34.75761,8
718,17.312733,8
719,90.31363,8
720,89.42038,9
721,76.58579,9
722,139.54718,9
723,161.72446,9
724,153.48636,9
725,57.5823,9
726,83.88797,9
727,109.80701,9
728,110.07868,9
729,127.81009,9
730,160.7185,9
731,50.109264,9
732,154.08507,9
733,70.834526,9
734,59.133625,9
735,93.217155,9
736,99.81775,9
737,80.57169,9
738,139.32292,9
739,60.417133,9
740,110.22314,9
741,65.39098,9
742,166.60356,9
743,75.14465,9
744,205.62158,9
745,198.81697,9
746,78.86114,9
747,73.660675,9
748,97.109604,9
749,103.55884,9
750,129.64745,9
751,63.197094,9
752,141.53003,9
753,109.913635,9
754,93.059494,9
755,75.83974,9
756,83.040855,9
757,57.594013,9
758,197.2589,9
759,63.893333,9
760,72.43576,9
761,157.75232,9
762,199.76439,9
763,6.9197598,9
764,154.82622,9
765,202.68608,9
766,100.4467,9
767,28.486757,9
768,35.18594,9
769,58.843143,9
770,48.25916,9
771,73.22311,9
772,103.5968,9
773,83.854034,9
774,85.94008,9
775,79.47462,9
776,52.097347,9
777,51.925266,9
778,110.299065,9
779,56.191036,9
780,44.050224,9
781,172.47707,9
782,119.13266,9
783,74.98033,9
784,138.55879,9
785,72.09154,9
786,202.35522,9
787,63.880688,9
788,87.37562,9
789,97.20814,9
790,127.268555,9
791,194.68806,9
792,119.234116,9
793,131.17796,9
794,82.50969,9
795,119.93591,9
796,57.597157,9
797,71.19618,9
798,97.06972,9
799,81.893875,9
