Image,Value,Label
0,471.27008,0
1,219.64156,0
2,207.23811,0
3,479.753,0
4,266.33014,0
5,257.58722,0
6,262.9665,0
7,390.3628,0
8,382.48395,0
9,233.14888,0
10,78.777115,0
11,331.4947,0
12,519.40186,0
13,433.33908,0
14,392.23114,0
15,184.63948,0
16,164.89963,0
17,387.18277,0
18,406.24887,0
19,383.42307,0
20,447.70175,0
21,208.75037,0
22,492.9251,0
23,192.01671,0
24,531.1293,0
25,215.84862,0
26,406.72327,0
27,224.19012,0
28,378.37527,0
29,280.86664,0
30,140.03099,0
31,286.97293,0
32,338.53894,0
33,329.71484,0
34,369.8296,0
35,234.44035,0
36,248.63939,0
37,251.06638,0
38,225.43427,0
39,148.49608,0
40,421.09744,0
41,335.06003,0
42,307.05145,0
43,221.66025,0
44,217.74617,0
45,449.40015,0
46,192.14589,0
47,368.67023,0
48,198.38602,0
49,259.0797,0
50,216.38411,0
51,205.50014,0
52,266.45764,0
53,221.78474,0
54,281.7897,0
55,358.63782,0
56,294.94965,0
57,225.4689,0
58,478.44592,0
59,96.684326,0
60,274.07968,0
61,439.71826,0
62,309.48196,0
63,491.3827,0
64,207.83907,0
65,540.09515,0
66,358.01358,0
67,380.89038,0
68,211.41318,0
69,347.04144,0
70,494.3036,0
71,332.84103,0
72,395.2928,0
73,260.40305,0
74,349.73926,0
75,443.7458,0
76,205.76929,0
77,364.34726,0
78,343.93988,0
79,398.7421,0
80,-5.7478456,1
81,29.462101,1
82,-61.616863,1
83,-63.833496,1
84,-48.70972,1
85,29.284315,1
86,-39.85654,1
87,-40.814426,1
88,-57.658226,1
89,27.410374,1
90,-11.699233,1
91,-5.3723173,1
92,23.48171,1
93,-4.0734186,1
94,55.31916,1
95,-18.625948,1
96,-59.26219,1
97,10.951945,1
98,31.366182,1
99,-35.967903,1
100,-26.435295,1
101,-24.442848,1
102,18.470133,1
103,-19.386827,1
104,9.620226,1
105,-36.09154,1
106,3.297412,1
107,-40.053272,1
108,-10.117887,1
109,25.89387,1
110,27.562105,1
111,-39.67202,1
112,-20.97093,1
113,35.473656,1
114,-38.379883,1
115,33.323574,1
116,-72.70756,1
117,-25.457039,1
118,37.948814,1
119,-3.9361324,1
120,23.723991,1
121,-60.453224,1
122,43.7344,1
123,3.1903715,1
124,58.59342,1
125,-22.150969,1
126,-67.93563,1
127,46.82871,1
128,9.438781,1
129,-73.972046,1
130,-29.633947,1
131,-29.653856,1
132,-23.811432,1
133,-8.513045,1
134,-7.943922,1
135,38.383205,1
136,36.133423,1
137,43.55503,1
138,-10.465515,1
139,-31.494184,1
140,-41.23689,1
141,-10.146379,1
142,14.483691,1
143,8.597595,1
144,29.169413,1
145,30.327238,1
146,44.918377,1
147,32.12007,1
148,-66.60376,1
149,6.207843,1
150,9.546172,1
151,12.323016,1
152,-18.58964,1
153,16.890207,1
154,-53.26052,1
155,-21.960918,1
156,82.715996,1
157,-20.96292,1
158,-32.48675,1
159,-19.049063,1
160,57.29807,2
161,227.3853,2
162,149.66982,2
163,84.05427,2
164,112.45049,2
165,234.25638,2
166,163.52278,2
167,111.18329,2
168,209.67595,2
169,201.38466,2
170,156.06926,2
171,174.0772,2
172,146.56618,2
173,102.291245,2
174,96.394615,2
175,225.605,2
176,185.95401,2
177,249.15665,2
178,221.38419,2
179,152.5745,2
180,71.92073,2
181,255.6238,2
182,298.3794,2
183,199.10497,2
184,114.00916,2
185,94.985535,2
186,194.38719,2
187,160.20842,2
188,137.64915,2
189,95.41126,2
190,103.49523,2
191,52.15366,2
192,221.40352,2
193,96.29153,2
194,156.25435,2
195,55.102764,2
196,289.3172,2
197,116.37272,2
198,160.6803,2
199,357.2898,2
200,215.74742,2
201,41.103657,2
202,253.38242,2
203,361.64178,2
204,210.6424,2
205,154.12456,2
206,104.886375,2
207,378.98444,2
208,139.08727,2
209,281.18555,2
210,207.15718,2
211,376.5702,2
212,133.8433,2
213,198.9617,2
214,208.67012,2
215,198.73894,2
216,25.516119,2
217,112.602974,2
218,144.77467,2
219,219.75267,2
220,292.85724,2
221,362.42642,2
222,113.98433,2
223,84.2162,2
224,80.942085,2
225,150.39723,2
226,256.82004,2
227,106.345985,2
228,113.45164,2
229,147.46257,2
230,257.94315,2
231,204.06355,2
232,168.41426,2
233,229.28297,2
234,159.06789,2
235,242.76775,2
236,60.597294,2
237,84.81138,2
238,118.55094,2
239,132.94318,2
240,49.68916,3
241,11.329772,3
242,49.248646,3
243,76.46478,3
244,90.66059,3
245,104.61039,3
246,184.31435,3
247,90.16042,3
248,11.912105,3
249,90.4006,3
250,85.862175,3
251,-29.232428,3
252,41.973717,3
253,19.583536,3
254,57.159405,3
255,69.16921,3
256,135.01692,3
257,10.267039,3
258,101.69675,3
259,194.61716,3
260,118.530464,3
261,67.25416,3
262,31.278284,3
263,-16.06716,3
264,74.67407,3
265,117.11547,3
266,59.44225,3
267,-50.415104,3
268,362.1446,3
269,114.79975,3
270,41.876305,3
271,96.01221,3
272,-4.898343,3
273,15.784286,3
274,12.169265,3
275,155.99446,3
276,171.4893,3
277,99.42454,3
278,160.27151,3
279,2.3291502,3
280,26.505838,3
281,106.66125,3
282,112.74058,3
283,93.54484,3
284,110.22222,3
285,66.28061,3
286,209.02238,3
287,65.03407,3
288,51.2035,3
289,219.89742,3
290,96.174995,3
291,138.80164,3
292,43.459835,3
293,211.09161,3
294,28.967035,3
295,118.22524,3
296,89.70912,3
297,170.01515,3
298,-39.721546,3
299,285.42862,3
300,132.15111,3
301,151.10364,3
302,68.088554,3
303,-5.1243944,3
304,19.055445,3
305,1.4096823,3
306,77.73338,3
307,84.30474,3
308,11.354041,3
309,111.256874,3
310,165.57173,3
311,-19.156279,3
312,54.14275,3
313,15.581256,3
314,20.2558,3
315,130.21564,3
316,-15.478692,3
317,168.68552,3
318,19.794352,3
319,266.62964,3
320,348.0485,4
321,114.521805,4
322,173.13058,4
323,146.99919,4
324,268.30103,4
325,213.20384,4
326,118.70372,4
327,49.066395,4
328,88.84309,4
329,130.2248,4
330,183.53062,4
331,219.46762,4
332,168.69093,4
333,188.99173,4
334,57.56524,4
335,140.1042,4
336,75.95466,4
337,270.1568,4
338,127.06382,4
339,112.41732,4
340,309.606,4
341,74.68644,4
342,261.979,4
343,195.83983,4
344,150.44836,4
345,78.1654,4
346,83.85989,4
347,341.184,4
348,118.76451,4
349,156.83415,4
350,113.2167,4
351,361.45135,4
352,229.39658,4
353,149.37831,4
354,337.62265,4
355,177.00517,4
356,427.96542,4
357,180.37828,4
358,204.20108,4
359,137.97147,4
360,171.36443,4
361,204.7469,4
362,231.03334,4
363,79.93566,4
364,183.12181,4
365,248.84181,4
366,313.11487,4
367,213.6209,4
368,65.893654,4
369,96.25986,4
370,263.20947,4
371,184.21577,4
372,109.70989,4
373,37.7968,4
374,289.49313,4
375,104.1348,4
376,171.10034,4
377,77.1187,4
378,191.52126,4
379,211.09267,4
380,202.65962,4
381,183.02982,4
382,91.11187,4
383,3.9290228,4
384,282.37173,4
385,103.461266,4
386,31.95613,4
387,85.949165,4
388,196.49391,4
389,277.66486,4
390,350.474,4
391,37.542397,4
392,92.93541,4
393,281.0074,4
394,148.9973,4
395,320.52765,4
396,159.23506,4
397,115.39532,4
398,324.76486,4
399,244.53922,4
400,187.30028,5
401,7.6021833,5
402,10.510871,5
403,117.69925,5
404,9.500411,5
405,128.23326,5
406,121.26254,5
407,-6.7569933,5
408,117.029106,5
409,82.08231,5
410,164.85815,5
411,-46.384197,5
412,69.44441,5
413,-87.473854,5
414,-33.00707,5
415,-27.115816,5
416,232.38957,5
417,217.37065,5
418,-64.744255,5
419,-4.500699,5
420,132.03288,5
421,249.55275,5
422,12.591147,5
423,22.470964,5
424,26.896557,5
425,75.70364,5
426,-59.30967,5
427,54.895573,5
428,-14.710607,5
429,44.927685,5
430,159.1455,5
431,-39.068325,5
432,163.30269,5
433,77.19355,5
434,21.751665,5
435,184.2304,5
436,-29.168055,5
437,-120.515884,5
438,42.88239,5
439,66.097855,5
440,15.34365,5
441,59.50606,5
442,91.07958,5
443,-65.69784,5
444,0.51289845,5
445,63.79321,5
446,9.323535,5
447,135.05264,5
448,59.098972,5
449,-32.633923,5
450,61.202267,5
451,125.6124,5
452,-13.792445,5
453,50.891296,5
454,1.4945898,5
455,33.242176,5
456,209.61153,5
457,106.04582,5
458,42.16746,5
459,32.397602,5
460,32.505535,5
461,15.389117,5
462,75.31065,5
463,261.76834,5
464,-28.375483,5
465,-8.171521,5
466,112.88684,5
467,66.59162,5
468,59.67272,5
469,10.912288,5
470,27.261602,5
471,165.696,5
472,82.60276,5
473,210.07738,5
474,114.65569,5
475,-22.122019,5
476,89.355896,5
477,9.17419,5
478,78.86012,5
479,84.381294,5
480,-16.641493,6
481,247.96513,6
482,30.819551,6
483,173.96515,6
484,-11.625724,6
485,140.81715,6
486,172.63713,6
487,170.13022,6
488,258.02728,6
489,304.4734,6
490,177.86557,6
491,-38.48384,6
492,189.29767,6
493,89.28031,6
494,217.98868,6
495,167.55016,6
496,165.32152,6
497,135.07709,6
498,204.84572,6
499,567.3958,6
500,109.526695,6
501,206.56602,6
502,29.160162,6
503,221.85526,6
504,26.371855,6
505,230.25964,6
506,317.5278,6
507,199.92606,6
508,280.22507,6
509,347.10144,6
510,227.71623,6
511,105.774925,6
512,293.1065,6
513,141.91795,6
514,123.83433,6
515,93.205414,6
516,-5.473304,6
517,77.89413,6
518,25.0673,6
519,-29.122105,6
520,230.11467,6
521,56.862164,6
522,323.95105,6
523,166.24812,6
524,451.24347,6
525,132.18921,6
526,261.94754,6
527,135.98616,6
528,244.8505,6
529,-8.665116,6
530,111.92388,6
531,171.13329,6
532,379.40332,6
533,-24.442106,6
534,293.62476,6
535,139.45638,6
536,274.71277,6
537,105.910515,6
538,47.527683,6
539,187.38281,6
540,258.43253,6
541,99.16477,6
542,34.357876,6
543,12.548499,6
544,272.2524,6
545,-8.149957,6
546,28.592169,6
547,281.8277,6
548,110.418015,6
549,61.10445,6
550,136.93375,6
551,220.56543,6
552,12.772473,6
553,91.39585,6
554,201.97206,6
555,156.78395,6
556,50.485188,6
557,301.3774,6
558,339.29657,6
559,137.67024,6
560,16.105639,7
561,-44.954132,7
562,-52.776188,7
563,67.68333,7
564,49.85034,7
565,37.9688,7
566,264.4382,7
567,-46.08678,7
568,2.4805117,7
569,108.62972,7
570,216.08818,7
571,20.346594,7
572,26.814854,7
573,203.52034,7
574,22.691637,7
575,76.09784,7
576,99.76545,7
577,77.38041,7
578,17.100592,7
579,33.932346,7
580,9.808183,7
581,-33.391724,7
582,27.38034,7
583,36.628464,7
584,32.54864,7
585,99.26589,7
586,47.84149,7
587,69.79119,7
588,-21.010046,7
589,100.090996,7
590,244.8345,7
591,69.17475,7
592,118.36219,7
593,154.9458,7
594,41.675327,7
595,82.55419,7
596,190.07396,7
597,91.84317,7
598,134.76627,7
599,17.069868,7
600,141.03471,7
601,-100.43798,7
602,96.62634,7
603,49.0284,7
604,8.237613,7
605,45.799747,7
606,42.769215,7
607,141.66467,7
608,-51.91888,7
609,-9.38392,7
610,24.075422,7
611,235.48859,7
612,136.88727,7
613,56.332676,7
614,-22.195719,7
615,14.755408,7
616,11.630391,7
617,67.3436,7
618,25.83169,7
619,112.6966,7
620,51.422653,7
621,-25.080862,7
622,64.959114,7
623,76.26675,7
624,30.940083,7
625,188.84114,7
626,33.53529,7
627,-12.481721,7
628,-43.25572,7
629,13.546824,7
630,6.173297,7
631,-0.5965891,7
632,65.74239,7
633,-16.56232,7
634,16.792154,7
635,-1.0480127,7
636,48.68355,7
637,29.27579,7
638,201.19469,7
639,23.285437,7
640,169.50041,8
641,53.032536,8
642,88.941154,8
643,-53.066986,8
644,-23.74912,8
645,-44.93304,8
646,-16.375013,8
647,-25.84538,8
648,-15.942758,8
649,9.192687,8
650,-49.013577,8
651,-10.557149,8
652,20.42898,8
653,308.4889,8
654,84.143906,8
655,12.581157,8
656,37.85625,8
657,14.487983,8
658,-9.381051,8
659,337.47574,8
660,78.38318,8
661,-18.747229,8
662,-36.263554,8
663,132.6154,8
664,136.77571,8
665,105.68101,8
666,102.55081,8
667,-19.580984,8
668,-55.574154,8
669,8.58015,8
670,18.03626,8
671,-80.212265,8
672,70.922005,8
673,24.850267,8
674,-47.19758,8
675,-119.46108,8
676,126.85865,8
677,42.935837,8
678,16.791834,8
679,60.39017,8
680,15.008311,8
681,30.305216,8
682,76.75501,8
683,142.46205,8
684,-57.72855,8
685,78.64162,8
686,127.398056,8
687,40.644833,8
688,-13.24384,8
689,14.576873,8
690,34.26497,8
691,64.60488,8
692,73.62109,8
693,34.971767,8
694,33.941,8
695,-82.76949,8
696,134.70076,8
697,-83.96764,8
698,-39.70659,8
699,57.60964,8
700,-63.055058,8
701,-63.626606,8
702,11.821105,8
703,-17.231493,8
704,-24.312643,8
705,47.028225,8
706,87.60521,8
707,-74.27787,8
708,-59.668507,8
709,-79.64924,8
710,-42.43308,8
711,-95.70777,8
712,-72.95886,8
713,-5.5590105,8
714,-70.42406,8
715,-95.24769,8
716,169.91371,8
717,31.185778,8
718,27.663225,8
719,-38.014668,8
720,24.547564,9
721,-78.057655,9
722,141.17482,9
723,198.24416,9
724,109.66771,9
725,-19.536768,9
726,-32.933697,9
727,167.31947,9
728,79.18615,9
729,85.28397,9
730,138.00117,9
731,16.278742,9
732,180.55293,9
733,136.47145,9
734,-24.358145,9
735,-83.75599,9
736,64.92677,9
737,207.37067,9
738,158.24934,9
739,38.05299,9
740,130.51672,9
741,156.90028,9
742,207.5365,9
743,84.56959,9
744,298.56866,9
745,276.21814,9
746,31.211105,9
747,29.696344,9
748,-64.91621,9
749,-53.08522,9
750,85.219215,9
751,83.02783,9
752,261.59094,9
753,-13.259011,9
754,205.15935,9
755,53.50866,9
756,39.290874,9
757,50.711655,9
758,269.9561,9
759,46.604218,9
760,6.0614233,9
761,36.110756,9
762,283.3247,9
763,53.477085,9
764,123.337845,9
765,138.29227,9
766,33.861485,9
767,127.585884,9
768,-42.863205,9
769,22.15867,9
770,-32.25621,9
771,-35.911686,9
772,159.92366,9
773,1.5594473,9
774,-26.170336,9
775,-4.388303,9
776,-27.802603,9
777,-5.678689,9
778,257.16718,9
779,64.27825,9
780,274.10703,9
781,182.56711,9
782,-29.027967,9
783,-3.2500181,9
784,99.31217,9
785,118.84954,9
786,206.32462,9
787,6.027652,9
788,23.865543,9
789,-15.105535,9
790,146.10397,9
791,147.11473,9
792,14.398257,9
793,120.02146,9
794,160.91576,9
795,76.948006,9
796,120.874275,9
797,-52.402424,9
798,-45.810856,9
799,-80.718254,9
