Image,Value,Label
0,87.60184,0
1,-48.286488,0
2,-62.24984,0
3,11.8838005,0
4,-69.99432,0
5,-85.71611,0
6,-105.70721,0
7,-37.35056,0
8,-11.947401,0
9,-85.7473,0
10,-67.57403,0
11,-4.39261,0
12,-1.032289,0
13,5.2604375,0
14,53.0915,0
15,-82.55521,0
16,-72.44937,0
17,-6.7490172,0
18,-36.96617,0
19,-12.331322,0
20,-9.445251,0
21,-63.554596,0
22,31.975143,0
23,-72.22058,0
24,118.65333,0
25,-62.971252,0
26,47.476627,0
27,-101.84799,0
28,-14.294762,0
29,10.869406,0
30,-96.45839,0
31,42.652473,0
32,62.946854,0
33,44.726547,0
34,-83.32078,0
35,-1.1365056,0
36,-46.41091,0
37,12.055043,0
38,-86.85145,0
39,21.667692,0
40,50.322426,0
41,-67.53908,0
42,-70.93768,0
43,-98.62497,0
44,-96.73418,0
45,-35.012527,0
46,-79.41096,0
47,-26.908993,0
48,-77.57207,0
49,-58.907803,0
50,23.090725,0
51,-92.387566,0
52,-79.37454,0
53,-27.93156,0
54,25.514711,0
55,45.894207,0
56,-75.54945,0
57,-27.417606,0
58,14.897684,0
59,-55.264214,0
60,-80.164474,0
61,8.987051,0
62,-51.31945,0
63,36.850204,0
64,-102.76045,0
65,-13.218586,0
66,-52.58974,0
67,2.5954518,0
68,-60.749283,0
69,46.374027,0
70,60.698414,0
71,22.179535,0
72,-4.5210814,0
73,-55.456043,0
74,-70.45165,0
75,77.832405,0
76,-93.447845,0
77,-7.4098926,0
78,29.658463,0
79,73.35913,0
80,-61.919197,1
81,-59.005154,1
82,-111.3052,1
83,-128.61942,1
84,-81.3829,1
85,-58.739178,1
86,-101.66661,1
87,-112.12036,1
88,-125.109436,1
89,-64.70921,1
90,-68.85997,1
91,-41.106956,1
92,-49.123028,1
93,-65.79797,1
94,-63.757034,1
95,-73.97548,1
96,-106.97949,1
97,-54.25695,1
98,-30.07537,1
99,-111.29295,1
100,-94.02787,1
101,-59.93354,1
102,-76.36905,1
103,-47.930695,1
104,-48.255386,1
105,-105.727066,1
106,-76.347145,1
107,-74.524445,1
108,-61.76667,1
109,-38.911354,1
110,-70.06205,1
111,-97.63867,1
112,-54.208054,1
113,-64.7262,1
114,-69.078094,1
115,-21.267723,1
116,-123.51523,1
117,-41.65146,1
118,-58.548355,1
119,-43.997597,1
120,-35.022305,1
121,-117.21336,1
122,-48.806076,1
123,-56.74141,1
124,-44.804085,1
125,-62.912296,1
126,-116.87726,1
127,-37.047073,1
128,-64.936035,1
129,-95.74812,1
130,-67.56137,1
131,-90.721054,1
132,-80.084694,1
133,-36.658222,1
134,-45.536224,1
135,-44.882317,1
136,-30.187912,1
137,-31.01273,1
138,-70.78701,1
139,-120.60528,1
140,-91.02273,1
141,-78.16398,1
142,-71.67409,1
143,-56.46401,1
144,-64.90401,1
145,-56.288486,1
146,-33.265137,1
147,-53.73557,1
148,-142.86652,1
149,-71.76688,1
150,-72.09086,1
151,-73.18987,1
152,-103.50648,1
153,-63.37882,1
154,-140.88693,1
155,-74.18463,1
156,-48.084538,1
157,-65.25357,1
158,-94.4591,1
159,-109.38504,1
160,-36.446007,2
161,50.864765,2
162,-48.868492,2
163,-13.653584,2
164,-64.189285,2
165,39.038445,2
166,-10.616257,2
167,-68.456726,2
168,18.16404,2
169,-2.785232,2
170,-47.565582,2
171,26.53653,2
172,-19.905285,2
173,-16.48455,2
174,-86.245026,2
175,48.38346,2
176,18.738693,2
177,15.420685,2
178,-77.47036,2
179,-68.31808,2
180,-32.615463,2
181,3.5821843,2
182,63.16169,2
183,17.118011,2
184,-54.233288,2
185,-39.826767,2
186,39.654793,2
187,-55.42425,2
188,3.1565557,2
189,-20.171211,2
190,-45.802795,2
191,-65.94577,2
192,1.2118764,2
193,-43.309128,2
194,-19.329742,2
195,-112.22516,2
196,2.1813588,2
197,-98.95757,2
198,15.351227,2
199,24.419617,2
200,11.098282,2
201,-83.26832,2
202,30.61615,2
203,60.26444,2
204,-2.6508327,2
205,25.400452,2
206,-67.26861,2
207,5.2885594,2
208,-32.26303,2
209,25.394592,2
210,-1.1993518,2
211,88.250435,2
212,-122.285385,2
213,11.571541,2
214,-37.765087,2
215,1.4805837,2
216,-25.187935,2
217,-71.80167,2
218,-60.374622,2
219,-20.566021,2
220,23.305542,2
221,48.75225,2
222,-39.431583,2
223,-49.251385,2
224,-38.710144,2
225,-35.6483,2
226,62.978745,2
227,-43.004288,2
228,-41.34874,2
229,-67.11372,2
230,-8.521416,2
231,-39.866405,2
232,2.281403,2
233,-25.272877,2
234,-82.89402,2
235,-46.446518,2
236,-23.556442,2
237,-68.566574,2
238,-1.6167388,2
239,-66.36527,2
240,-118.614296,3
241,-117.70596,3
242,-72.803795,3
243,-88.33267,3
244,-138.53313,3
245,-77.47505,3
246,-139.86646,3
247,-44.208202,3
248,-106.16678,3
249,-52.35854,3
250,-133.99855,3
251,-105.61269,3
252,-121.369705,3
253,-169.29877,3
254,-112.05281,3
255,-113.25595,3
256,-57.985798,3
257,-103.75953,3
258,-96.952515,3
259,-110.853,3
260,-93.40216,3
261,-112.57157,3
262,-109.26984,3
263,-118.26521,3
264,-53.52195,3
265,-109.87695,3
266,-110.29394,3
267,-144.88782,3
268,-69.11107,3
269,-90.61549,3
270,-81.16237,3
271,-95.81261,3
272,-108.02246,3
273,-104.560814,3
274,-120.587875,3
275,-61.87578,3
276,-135.67302,3
277,-64.311295,3
278,-95.29007,3
279,-26.01876,3
280,-94.46072,3
281,-62.68547,3
282,-141.63165,3
283,-190.68765,3
284,-49.316593,3
285,-104.37673,3
286,-117.864586,3
287,-176.54007,3
288,-131.79298,3
289,-49.797512,3
290,-113.97568,3
291,-77.08622,3
292,-183.9917,3
293,-63.393387,3
294,-170.85184,3
295,-76.04715,3
296,-85.9279,3
297,-72.79976,3
298,-205.23077,3
299,-101.708405,3
300,-66.01718,3
301,-198.54556,3
302,-62.974953,3
303,-106.84235,3
304,-114.32898,3
305,-130.58655,3
306,-108.33089,3
307,-63.02772,3
308,-78.930374,3
309,-95.09095,3
310,-152.2331,3
311,-131.80539,3
312,-83.33383,3
313,-121.61171,3
314,-115.78186,3
315,-83.283676,3
316,-80.456,3
317,-96.91452,3
318,-102.25148,3
319,-20.653362,3
320,-11.224469,4
321,-70.90102,4
322,-74.17285,4
323,-77.67207,4
324,-47.643364,4
325,-27.009258,4
326,-75.75893,4
327,-67.764984,4
328,-112.88248,4
329,-28.7635,4
330,-51.858376,4
331,5.6805205,4
332,-52.41964,4
333,-5.3777156,4
334,-116.082855,4
335,-33.635258,4
336,-28.301636,4
337,-61.566475,4
338,-60.969105,4
339,-86.84295,4
340,-62.44547,4
341,-66.938034,4
342,-69.600815,4
343,-47.72194,4
344,-82.79771,4
345,-56.49112,4
346,-95.23126,4
347,76.70833,4
348,-31.434036,4
349,-87.226494,4
350,-143.28989,4
351,-6.6006465,4
352,-15.504019,4
353,-51.924423,4
354,49.750904,4
355,-105.439285,4
356,-32.920727,4
357,-37.405216,4
358,-10.642162,4
359,-42.9898,4
360,-61.648888,4
361,-53.916084,4
362,-77.3757,4
363,-53.005352,4
364,-51.439938,4
365,-42.31388,4
366,-48.709904,4
367,-78.692505,4
368,-45.781265,4
369,-24.415945,4
370,22.370836,4
371,-24.864971,4
372,-12.749539,4
373,-56.998688,4
374,-54.462692,4
375,-88.791176,4
376,-20.880936,4
377,-61.2492,4
378,-81.36597,4
379,-13.827297,4
380,-79.389725,4
381,-2.6655612,4
382,-88.968124,4
383,-121.63422,4
384,-5.108461,4
385,-9.484062,4
386,-141.37704,4
387,-119.556274,4
388,-12.237312,4
389,24.017487,4
390,53.28478,4
391,-99.44479,4
392,-70.39581,4
393,-4.2545543,4
394,-74.04352,4
395,42.2096,4
396,-77.79824,4
397,-45.012238,4
398,25.58934,4
399,-30.317398,4
400,-65.798294,5
401,-140.43,5
402,-71.99093,5
403,-47.594696,5
404,-137.04462,5
405,-113.921776,5
406,-82.83299,5
407,-157.3396,5
408,-73.995766,5
409,-92.36165,5
410,-84.958664,5
411,-198.06946,5
412,20.089424,5
413,-155.9882,5
414,-212.80917,5
415,-62.671677,5
416,-2.7896647,5
417,-92.3293,5
418,-54.54631,5
419,-156.60825,5
420,-124.04021,5
421,-46.138515,5
422,-75.004295,5
423,-176.46228,5
424,-68.81548,5
425,-14.07425,5
426,-110.00203,5
427,-189.87943,5
428,-206.9458,5
429,-149.87628,5
430,-130.05913,5
431,-187.01749,5
432,-121.344574,5
433,-89.06755,5
434,-151.5398,5
435,-64.168755,5
436,-50.684387,5
437,-147.60751,5
438,-66.77275,5
439,10.693787,5
440,-34.24726,5
441,-150.38843,5
442,-161.93504,5
443,-149.66205,5
444,-40.03337,5
445,-107.89356,5
446,-109.10746,5
447,-145.42075,5
448,-180.9237,5
449,-63.872375,5
450,-29.685057,5
451,-30.707634,5
452,-98.76416,5
453,-100.48095,5
454,-80.255905,5
455,-88.840836,5
456,-18.039497,5
457,-190.81749,5
458,-136.57147,5
459,-107.517075,5
460,-115.36965,5
461,-212.16113,5
462,-166.14038,5
463,-10.2571125,5
464,-85.73542,5
465,-101.7484,5
466,-89.98825,5
467,-34.971355,5
468,-152.11282,5
469,-200.92548,5
470,-125.03035,5
471,-64.3551,5
472,-133.74178,5
473,20.233139,5
474,-104.44622,5
475,-114.06018,5
476,-154.92065,5
477,-91.898926,5
478,-14.444912,5
479,-120.329185,5
480,-60.926064,6
481,-21.484165,6
482,-99.2375,6
483,-48.62832,6
484,-67.89093,6
485,-54.395115,6
486,-84.77738,6
487,-88.288956,6
488,-91.465775,6
489,47.398582,6
490,-36.307487,6
491,-81.3504,6
492,-16.556965,6
493,-73.051506,6
494,-44.91359,6
495,-85.15982,6
496,-108.55275,6
497,-47.12789,6
498,22.879868,6
499,76.81407,6
500,-47.352287,6
501,-28.819464,6
502,-62.581875,6
503,-25.189407,6
504,-75.82492,6
505,-47.633293,6
506,-31.922882,6
507,-65.57747,6
508,-35.10346,6
509,23.310234,6
510,-34.378807,6
511,-100.06349,6
512,48.279552,6
513,-59.771538,6
514,-20.616531,6
515,-63.291153,6
516,-102.30892,6
517,-39.61454,6
518,-84.80687,6
519,-68.14461,6
520,-73.556885,6
521,-65.824554,6
522,38.732853,6
523,-104.53797,6
524,69.63018,6
525,-55.094498,6
526,8.520363,6
527,-50.01613,6
528,-21.142288,6
529,-68.36576,6
530,-51.774437,6
531,-55.194,6
532,7.6387067,6
533,-72.143265,6
534,6.950459,6
535,-69.63305,6
536,8.370611,6
537,-149.13364,6
538,-54.477318,6
539,-51.31111,6
540,42.199745,6
541,-31.094471,6
542,-47.045696,6
543,-93.46575,6
544,16.665035,6
545,-71.82824,6
546,-99.722595,6
547,46.117455,6
548,-91.30964,6
549,-76.957085,6
550,-66.90297,6
551,-43.22301,6
552,-73.773735,6
553,-75.508026,6
554,-64.42789,6
555,-76.60655,6
556,-106.28228,6
557,48.689114,6
558,47.477818,6
559,-39.389977,6
560,-185.42807,7
561,-61.436043,7
562,-80.20806,7
563,-113.381096,7
564,-190.11848,7
565,-107.785736,7
566,-58.054398,7
567,-160.5799,7
568,-194.16711,7
569,-116.19287,7
570,-75.263565,7
571,-93.59336,7
572,-63.316273,7
573,-140.3092,7
574,-81.347534,7
575,-64.01606,7
576,-57.140903,7
577,-34.636066,7
578,-109.17315,7
579,-49.001118,7
580,-63.27462,7
581,-96.24759,7
582,-92.4949,7
583,-166.54439,7
584,-156.32243,7
585,-134.31117,7
586,-136.21136,7
587,-117.550415,7
588,-102.33199,7
589,-155.254,7
590,-207.09279,7
591,-28.984367,7
592,-90.84509,7
593,-32.984787,7
594,-89.73284,7
595,-134.38382,7
596,-146.34312,7
597,-184.49066,7
598,-98.9138,7
599,-214.28603,7
600,-129.33743,7
601,-99.95013,7
602,-55.1177,7
603,-64.241875,7
604,-87.13721,7
605,-124.14219,7
606,-115.2684,7
607,-201.55122,7
608,-155.12024,7
609,-106.62337,7
610,-117.69638,7
611,-100.45645,7
612,-132.17345,7
613,-130.69014,7
614,-189.72797,7
615,-55.98455,7
616,-103.01299,7
617,-78.060974,7
618,-47.897877,7
619,-198.461,7
620,-77.96944,7
621,-113.09391,7
622,-152.9699,7
623,-66.01101,7
624,-55.695168,7
625,-156.43185,7
626,-69.97841,7
627,-103.9207,7
628,-96.57344,7
629,-149.97537,7
630,-170.30519,7
631,-48.187305,7
632,-73.07413,7
633,-94.510056,7
634,-177.80347,7
635,-149.97874,7
636,-138.25311,7
637,-156.56786,7
638,-51.334633,7
639,-99.552475,7
640,-95.001526,8
641,-88.965546,8
642,-98.654015,8
643,-69.302574,8
644,-175.60385,8
645,-82.91944,8
646,-56.300064,8
647,-90.04115,8
648,-101.155685,8
649,-134.35092,8
650,-178.08713,8
651,-96.72504,8
652,-187.76346,8
653,-52.12301,8
654,-135.8347,8
655,-147.07199,8
656,-77.547966,8
657,-109.63637,8
658,-93.0826,8
659,-55.37261,8
660,-130.62387,8
661,-104.13429,8
662,-131.80565,8
663,-119.3639,8
664,-134.40503,8
665,-30.369051,8
666,-110.170235,8
667,-112.79306,8
668,-103.327034,8
669,-194.54315,8
670,-120.20383,8
671,-156.47118,8
672,-110.69551,8
673,-122.68977,8
674,-124.43149,8
675,-200.11237,8
676,-11.075954,8
677,-89.861565,8
678,-64.59007,8
679,-122.81673,8
680,-111.1967,8
681,-91.20691,8
682,-163.04932,8
683,-87.832596,8
684,-113.15841,8
685,-120.87366,8
686,-52.01506,8
687,-123.96367,8
688,-147.12656,8
689,-94.77112,8
690,-103.839035,8
691,-133.7121,8
692,-140.61705,8
693,-166.69514,8
694,-137.21356,8
695,-120.565796,8
696,-150.70668,8
697,-139.06607,8
698,-42.5207,8
699,-81.30329,8
700,-196.69408,8
701,-99.556244,8
702,-100.473495,8
703,-86.576004,8
704,-166.98804,8
705,-111.22575,8
706,-75.22124,8
707,-69.99135,8
708,-134.22275,8
709,-189.05618,8
710,-99.56315,8
711,-110.542114,8
712,-49.596275,8
713,-111.08412,8
714,-115.18123,8
715,-190.03604,8
716,-49.926018,8
717,-75.812775,8
718,-45.165386,8
719,-96.26112,8
720,-127.16344,9
721,-228.1333,9
722,-49.96753,9
723,-117.104706,9
724,-97.33464,9
725,-160.64288,9
726,-145.91006,9
727,-35.26838,9
728,-125.147255,9
729,6.0321183,9
730,-113.701996,9
731,-83.78961,9
732,-63.772766,9
733,-91.81635,9
734,-131.64525,9
735,-96.13118,9
736,-91.91912,9
737,-92.58969,9
738,-98.53266,9
739,-124.85065,9
740,-72.519,9
741,-86.11805,9
742,-19.043827,9
743,-101.43808,9
744,1.3028226,9
745,-15.508217,9
746,-77.0795,9
747,-151.6061,9
748,-93.47734,9
749,-122.6483,9
750,-76.83452,9
751,-124.7236,9
752,-85.62576,9
753,-132.67548,9
754,-112.486435,9
755,-89.18474,9
756,-126.02702,9
757,-106.067184,9
758,-39.8618,9
759,-54.63286,9
760,-149.28136,9
761,-121.64339,9
762,-4.6141467,9
763,-140.61115,9
764,-130.93227,9
765,-27.058294,9
766,-84.81923,9
767,-80.175865,9
768,-112.263596,9
769,-85.01777,9
770,-182.104,9
771,-136.7747,9
772,-60.234787,9
773,-119.26401,9
774,-137.71405,9
775,-110.197784,9
776,-204.20375,9
777,-120.957275,9
778,29.998117,9
779,-102.50098,9
780,-80.16719,9
781,-27.68016,9
782,-53.15725,9
783,-148.34976,9
784,-110.04117,9
785,-102.05528,9
786,20.402046,9
787,-89.50661,9
788,-92.41336,9
789,-160.99171,9
790,-93.58939,9
791,-57.323322,9
792,-185.53737,9
793,-95.63035,9
794,-65.60886,9
795,-94.877426,9
796,-84.2495,9
797,-142.6706,9
798,-163.92363,9
799,-80.81201,9
