Image,Value,Label
0,239.13052,0
1,78.55494,0
2,130.90582,0
3,304.63116,0
4,123.436035,0
5,165.15579,0
6,137.5384,0
7,215.72305,0
8,100.02483,0
9,144.8539,0
10,189.71387,0
11,171.45456,0
12,241.41885,0
13,148.49786,0
14,102.059364,0
15,134.16101,0
16,156.30313,0
17,281.65912,0
18,151.9022,0
19,248.07361,0
20,284.40924,0
21,158.08273,0
22,324.36758,0
23,166.77504,0
24,282.0425,0
25,74.520004,0
26,117.80318,0
27,121.20701,0
28,308.3394,0
29,75.00169,0
30,168.0438,0
31,376.7694,0
32,82.78613,0
33,320.50714,0
34,263.3816,0
35,138.94362,0
36,105.8831,0
37,107.630745,0
38,212.89041,0
39,227.40195,0
40,125.148705,0
41,200.82584,0
42,267.9159,0
43,95.0143,0
44,206.95004,0
45,334.30325,0
46,292.1205,0
47,119.80857,0
48,55.554543,0
49,64.35881,0
50,153.91063,0
51,190.6377,0
52,74.29438,0
53,196.79875,0
54,169.60597,0
55,204.7109,0
56,155.55402,0
57,46.402805,0
58,331.0473,0
59,126.16628,0
60,168.73758,0
61,103.299904,0
62,146.4917,0
63,441.4279,0
64,203.04684,0
65,362.27795,0
66,137.3779,0
67,130.86801,0
68,109.45655,0
69,225.81436,0
70,363.94836,0
71,364.74524,0
72,176.70428,0
73,367.36584,0
74,206.41827,0
75,164.37096,0
76,195.7482,0
77,241.93709,0
78,167.0273,0
79,250.46178,0
80,86.355835,1
81,40.06348,1
82,88.098785,1
83,32.661545,1
84,85.75253,1
85,61.444008,1
86,45.0827,1
87,46.17604,1
88,70.90413,1
89,83.1931,1
90,71.92237,1
91,81.45815,1
92,34.875618,1
93,123.18433,1
94,97.98996,1
95,41.05962,1
96,79.045525,1
97,74.173515,1
98,90.82073,1
99,94.3145,1
100,46.865067,1
101,53.05187,1
102,119.96341,1
103,57.293774,1
104,70.25213,1
105,66.737114,1
106,60.41644,1
107,129.67664,1
108,71.18472,1
109,102.25088,1
110,85.375984,1
111,73.87976,1
112,143.46553,1
113,84.78645,1
114,121.2947,1
115,81.9175,1
116,100.16106,1
117,82.57327,1
118,83.4323,1
119,76.37354,1
120,72.61767,1
121,58.249477,1
122,53.576443,1
123,81.86821,1
124,44.58685,1
125,55.644444,1
126,84.500435,1
127,58.010868,1
128,69.097244,1
129,41.61308,1
130,97.41721,1
131,50.730484,1
132,91.55419,1
133,104.998024,1
134,51.76771,1
135,69.32164,1
136,107.198616,1
137,60.297565,1
138,99.5841,1
139,58.074722,1
140,73.89739,1
141,59.10006,1
142,54.81899,1
143,77.73027,1
144,38.139416,1
145,98.03185,1
146,82.345,1
147,84.72062,1
148,93.73707,1
149,102.95771,1
150,77.67213,1
151,86.239044,1
152,177.94977,1
153,94.647896,1
154,102.79397,1
155,110.619865,1
156,155.95958,1
157,67.1178,1
158,52.285404,1
159,80.30984,1
160,65.8259,2
161,236.34381,2
162,174.87653,2
163,97.18589,2
164,158.58145,2
165,301.8508,2
166,258.44846,2
167,52.627903,2
168,189.60364,2
169,277.44772,2
170,219.9821,2
171,217.6964,2
172,122.24734,2
173,151.37276,2
174,118.16123,2
175,228.09294,2
176,181.36757,2
177,258.2764,2
178,159.71216,2
179,270.45447,2
180,54.206963,2
181,348.18414,2
182,287.11224,2
183,243.29944,2
184,6.7038302,2
185,189.72905,2
186,379.53543,2
187,146.1421,2
188,148.4415,2
189,191.2926,2
190,124.29757,2
191,178.96873,2
192,323.0894,2
193,178.74503,2
194,185.72203,2
195,61.10845,2
196,273.82092,2
197,201.59825,2
198,199.1119,2
199,266.3059,2
200,69.23126,2
201,46.770756,2
202,236.697,2
203,185.48799,2
204,280.11896,2
205,217.86292,2
206,161.8279,2
207,372.0509,2
208,197.48949,2
209,335.99744,2
210,346.68643,2
211,314.43494,2
212,295.5107,2
213,237.18341,2
214,301.18707,2
215,352.87274,2
216,120.87132,2
217,61.93299,2
218,133.51968,2
219,358.21436,2
220,373.17416,2
221,332.91824,2
222,208.78427,2
223,42.90206,2
224,179.31241,2
225,254.36801,2
226,451.30923,2
227,224.83333,2
228,145.20163,2
229,77.97799,2
230,207.78848,2
231,262.02985,2
232,173.97348,2
233,222.14407,2
234,280.7235,2
235,254.83868,2
236,57.751465,2
237,43.59144,2
238,189.29851,2
239,171.36476,2
240,-16.98011,3
241,67.40304,3
242,-24.750484,3
243,5.5438895,3
244,15.67918,3
245,-11.347607,3
246,45.939575,3
247,4.4501567,3
248,-8.848326,3
249,-18.218765,3
250,-48.874157,3
251,24.544369,3
252,26.276794,3
253,-55.821583,3
254,3.7334237,3
255,105.32284,3
256,-4.5018163,3
257,-56.224163,3
258,-32.805798,3
259,67.93895,3
260,21.996117,3
261,-48.867012,3
262,-2.2719426,3
263,39.05514,3
264,130.01547,3
265,8.110214,3
266,-51.913074,3
267,46.51733,3
268,211.45367,3
269,11.744621,3
270,-3.9061408,3
271,39.290462,3
272,10.705448,3
273,74.72673,3
274,56.782513,3
275,44.44911,3
276,-47.009636,3
277,-6.516253,3
278,65.107185,3
279,182.49663,3
280,49.164787,3
281,-20.952827,3
282,65.9311,3
283,8.413334,3
284,154.302,3
285,6.5504603,3
286,-16.268604,3
287,54.48068,3
288,0.57397795,3
289,257.77325,3
290,-12.969788,3
291,39.54235,3
292,-6.9896016,3
293,-7.2295384,3
294,42.745087,3
295,255.9339,3
296,43.60673,3
297,18.63138,3
298,28.614698,3
299,58.85465,3
300,-31.406414,3
301,-1.4997144,3
302,51.166447,3
303,53.913044,3
304,34.0983,3
305,-2.5634465,3
306,20.470867,3
307,17.703856,3
308,20.258018,3
309,57.722797,3
310,84.97827,3
311,-2.0243783,3
312,19.078545,3
313,16.920639,3
314,-18.965227,3
315,-16.68562,3
316,58.315117,3
317,1.7744975,3
318,-86.74185,3
319,245.75104,3
320,246.43094,4
321,147.13174,4
322,99.823494,4
323,183.44466,4
324,134.52713,4
325,156.2308,4
326,182.46649,4
327,90.5448,4
328,227.19138,4
329,153.50574,4
330,56.419167,4
331,140.1643,4
332,123.2881,4
333,185.0314,4
334,103.84969,4
335,146.18109,4
336,159.00574,4
337,125.13384,4
338,71.10833,4
339,173.698,4
340,294.7829,4
341,68.65731,4
342,140.7479,4
343,146.8719,4
344,126.4988,4
345,125.5664,4
346,174.64743,4
347,350.99207,4
348,99.14996,4
349,206.41296,4
350,103.96976,4
351,184.99338,4
352,196.43,4
353,220.62917,4
354,276.8989,4
355,205.0022,4
356,176.70169,4
357,197.87698,4
358,238.66074,4
359,56.16,4
360,113.9391,4
361,180.60764,4
362,76.628975,4
363,130.01732,4
364,228.41663,4
365,91.21592,4
366,283.0486,4
367,102.89202,4
368,173.53757,4
369,143.94855,4
370,130.43661,4
371,201.24634,4
372,110.563866,4
373,71.15927,4
374,98.62235,4
375,139.86533,4
376,192.14798,4
377,115.19254,4
378,135.19962,4
379,228.23715,4
380,149.72272,4
381,120.83161,4
382,113.89136,4
383,77.04116,4
384,168.1213,4
385,132.7712,4
386,112.319435,4
387,155.01735,4
388,202.12244,4
389,373.58264,4
390,112.395874,4
391,95.76561,4
392,149.66406,4
393,130.50409,4
394,42.117702,4
395,126.311104,4
396,217.07693,4
397,160.6979,4
398,132.49323,4
399,160.86368,4
400,33.277653,5
401,7.7097354,5
402,89.934105,5
403,99.69154,5
404,102.23148,5
405,53.94006,5
406,86.4757,5
407,226.87161,5
408,72.660446,5
409,180.54063,5
410,146.97658,5
411,24.859688,5
412,120.362816,5
413,29.47008,5
414,59.729397,5
415,133.40152,5
416,74.54932,5
417,61.42902,5
418,127.07714,5
419,-38.296585,5
420,102.55649,5
421,27.770733,5
422,287.1797,5
423,45.301365,5
424,37.551346,5
425,118.92086,5
426,59.880234,5
427,26.55782,5
428,-48.69534,5
429,-33.36185,5
430,-3.870892,5
431,34.391182,5
432,111.738365,5
433,151.70328,5
434,-26.351849,5
435,39.158916,5
436,191.86298,5
437,115.25024,5
438,162.22522,5
439,359.39148,5
440,136.51297,5
441,228.67584,5
442,1.7073016,5
443,6.7017817,5
444,145.19843,5
445,11.9832,5
446,96.519516,5
447,22.371931,5
448,82.44512,5
449,277.6449,5
450,97.529076,5
451,18.192234,5
452,67.12276,5
453,31.000647,5
454,179.2864,5
455,102.03914,5
456,157.12648,5
457,-40.808712,5
458,27.204346,5
459,99.57489,5
460,62.86739,5
461,-39.43935,5
462,-57.048336,5
463,1.5381465,5
464,84.602646,5
465,42.608543,5
466,75.14622,5
467,164.00266,5
468,2.2537265,5
469,13.669003,5
470,85.580956,5
471,-27.992168,5
472,17.154701,5
473,231.19223,5
474,-16.788036,5
475,118.097374,5
476,-27.822067,5
477,59.348633,5
478,360.31458,5
479,37.246002,5
480,167.63722,6
481,233.1112,6
482,190.2309,6
483,194.15698,6
484,109.52016,6
485,193.06151,6
486,264.8,6
487,325.48553,6
488,329.57965,6
489,241.54291,6
490,243.22595,6
491,154.66994,6
492,209.06975,6
493,156.59357,6
494,189.26889,6
495,304.22183,6
496,264.8194,6
497,189.4415,6
498,222.11475,6
499,487.58893,6
500,223.08902,6
501,235.14214,6
502,129.41599,6
503,208.03342,6
504,181.99527,6
505,226.01248,6
506,301.16742,6
507,234.38614,6
508,224.79643,6
509,353.33258,6
510,264.8298,6
511,243.02977,6
512,279.06378,6
513,224.6293,6
514,190.6806,6
515,202.66554,6
516,263.85162,6
517,160.50157,6
518,150.69904,6
519,76.78964,6
520,281.68597,6
521,133.35742,6
522,231.78372,6
523,129.70673,6
524,318.49533,6
525,121.24103,6
526,214.85944,6
527,167.5079,6
528,215.33836,6
529,190.77612,6
530,201.21642,6
531,294.18805,6
532,343.53305,6
533,101.584694,6
534,327.29626,6
535,306.9837,6
536,158.8851,6
537,110.51574,6
538,82.36805,6
539,191.08754,6
540,189.67789,6
541,123.5761,6
542,115.32699,6
543,240.22797,6
544,275.31717,6
545,107.14788,6
546,235.95331,6
547,254.5328,6
548,261.425,6
549,159.20088,6
550,309.7147,6
551,303.01004,6
552,201.89671,6
553,199.50015,6
554,276.47287,6
555,155.11607,6
556,162.91315,6
557,343.33167,6
558,286.0685,6
559,245.82281,6
560,41.04558,7
561,86.69198,7
562,61.533398,7
563,96.60997,7
564,73.57069,7
565,119.83793,7
566,97.584465,7
567,66.35839,7
568,23.872478,7
569,133.39484,7
570,116.870514,7
571,85.60983,7
572,116.486824,7
573,43.082718,7
574,178.23468,7
575,88.126366,7
576,168.10764,7
577,79.29591,7
578,120.865166,7
579,120.00013,7
580,94.739845,7
581,32.520435,7
582,42.08506,7
583,35.495316,7
584,37.19134,7
585,43.04629,7
586,26.061367,7
587,70.98096,7
588,45.80418,7
589,58.395363,7
590,75.62716,7
591,81.715004,7
592,38.022358,7
593,255.13684,7
594,102.80004,7
595,170.51059,7
596,30.115547,7
597,180.8816,7
598,39.402897,7
599,36.402554,7
600,87.59936,7
601,77.39135,7
602,179.72647,7
603,129.6529,7
604,98.58508,7
605,24.157383,7
606,66.46032,7
607,49.250896,7
608,60.039032,7
609,43.109802,7
610,174.11833,7
611,14.823811,7
612,16.596241,7
613,39.321568,7
614,41.357563,7
615,31.176216,7
616,99.954414,7
617,142.77794,7
618,116.73569,7
619,174.43051,7
620,99.57456,7
621,78.46514,7
622,47.8916,7
623,107.061935,7
624,-6.857386,7
625,47.000534,7
626,100.275444,7
627,46.57376,7
628,59.169147,7
629,69.6906,7
630,89.66127,7
631,54.856552,7
632,112.63102,7
633,69.65144,7
634,26.968044,7
635,71.33077,7
636,50.456306,7
637,45.857964,7
638,136.8335,7
639,89.99705,7
640,274.02502,8
641,21.361763,8
642,69.59722,8
643,134.38191,8
644,188.01491,8
645,68.28655,8
646,181.85155,8
647,75.7524,8
648,67.45829,8
649,31.64577,8
650,122.48827,8
651,51.39817,8
652,68.75915,8
653,142.89998,8
654,81.85288,8
655,59.029026,8
656,53.68527,8
657,29.507221,8
658,-14.734549,8
659,367.9418,8
660,62.052998,8
661,112.14177,8
662,127.77212,8
663,88.31922,8
664,280.0641,8
665,30.379002,8
666,213.68387,8
667,21.945965,8
668,69.24456,8
669,159.71555,8
670,100.061005,8
671,16.597284,8
672,101.00479,8
673,181.77905,8
674,85.226875,8
675,153.24185,8
676,100.341866,8
677,139.91022,8
678,117.171295,8
679,44.03152,8
680,140.23824,8
681,41.840786,8
682,42.838367,8
683,44.709675,8
684,74.89433,8
685,90.66132,8
686,82.01803,8
687,183.53897,8
688,46.96497,8
689,96.20135,8
690,175.225,8
691,113.18984,8
692,69.57213,8
693,170.88605,8
694,87.68108,8
695,79.307304,8
696,72.185905,8
697,56.78909,8
698,153.8024,8
699,138.38461,8
700,111.647514,8
701,150.74652,8
702,40.66441,8
703,47.067295,8
704,113.87447,8
705,174.91966,8
706,179.36458,8
707,161.55415,8
708,21.489338,8
709,126.758415,8
710,74.46701,8
711,59.02627,8
712,172.51729,8
713,76.34209,8
714,75.880066,8
715,108.321556,8
716,99.77343,8
717,61.825428,8
718,35.423607,8
719,108.966965,8
720,72.36155,9
721,54.359676,9
722,206.50769,9
723,194.97067,9
724,152.95895,9
725,14.827904,9
726,48.034477,9
727,125.105034,9
728,114.55459,9
729,254.52042,9
730,219.84312,9
731,51.059124,9
732,95.129654,9
733,60.54609,9
734,28.619102,9
735,89.671074,9
736,87.5788,9
737,90.95921,9
738,205.68413,9
739,87.69315,9
740,133.51582,9
741,111.614296,9
742,92.97472,9
743,106.08664,9
744,245.17813,9
745,211.85689,9
746,49.086514,9
747,34.64978,9
748,38.64742,9
749,77.27671,9
750,139.3988,9
751,37.374702,9
752,108.41784,9
753,95.75119,9
754,11.113415,9
755,39.41221,9
756,111.21941,9
757,34.44076,9
758,278.1067,9
759,41.239933,9
760,23.158882,9
761,127.09028,9
762,139.4877,9
763,-10.980282,9
764,167.47473,9
765,187.32101,9
766,70.87372,9
767,50.580395,9
768,30.38855,9
769,32.246643,9
770,35.905884,9
771,38.842655,9
772,150.84232,9
773,70.58272,9
774,31.585842,9
775,18.709778,9
776,67.15934,9
777,45.30575,9
778,89.13082,9
779,47.795208,9
780,130.99405,9
781,225.59428,9
782,113.571785,9
783,13.489605,9
784,132.26993,9
785,69.14371,9
786,158.58345,9
787,44.53702,9
788,67.470406,9
789,58.94344,9
790,176.31702,9
791,198.54298,9
792,67.626495,9
793,98.1352,9
794,150.35239,9
795,116.40307,9
796,67.76214,9
797,40.76379,9
798,108.07063,9
799,68.08135,9
