Image,Value,Label
0,296.32074,0
1,163.00182,0
2,229.46803,0
3,340.70032,0
4,263.0381,0
5,230.6394,0
6,267.29556,0
7,272.99585,0
8,246.94872,0
9,244.66933,0
10,139.33145,0
11,284.72723,0
12,363.70193,0
13,232.77904,0
14,244.59016,0
15,205.41348,0
16,195.3932,0
17,291.5525,0
18,348.1635,0
19,337.5254,0
20,415.41312,0
21,225.19801,0
22,318.3053,0
23,182.18823,0
24,289.41882,0
25,173.13875,0
26,248.36487,0
27,210.6559,0
28,338.67346,0
29,245.9973,0
30,204.69208,0
31,213.86157,0
32,238.04158,0
33,227.6022,0
34,245.04918,0
35,268.17224,0
36,232.76591,0
37,221.39418,0
38,222.28775,0
39,188.72958,0
40,266.63995,0
41,301.68298,0
42,332.14667,0
43,218.65114,0
44,237.81007,0
45,249.97475,0
46,218.9935,0
47,284.52594,0
48,170.10118,0
49,191.80887,0
50,245.4322,0
51,209.54796,0
52,202.18999,0
53,267.4495,0
54,276.901,0
55,269.59454,0
56,310.47925,0
57,171.98134,0
58,337.1375,0
59,174.38939,0
60,294.521,0
61,200.35913,0
62,230.278,0
63,285.04663,0
64,202.4683,0
65,329.25372,0
66,218.91344,0
67,213.87251,0
68,182.25711,0
69,258.24277,0
70,267.55966,0
71,300.15665,0
72,302.05774,0
73,265.75677,0
74,291.5589,0
75,190.82579,0
76,261.83038,0
77,420.1354,0
78,284.57623,0
79,253.83205,0
80,110.07115,1
81,106.42946,1
82,117.85272,1
83,114.085205,1
84,99.11402,1
85,119.252914,1
86,114.78192,1
87,121.103165,1
88,111.63362,1
89,107.61662,1
90,114.95097,1
91,90.100815,1
92,91.60658,1
93,102.56131,1
94,96.399,1
95,122.77315,1
96,98.87302,1
97,93.034775,1
98,88.28723,1
99,109.592155,1
100,121.84911,1
101,101.31743,1
102,88.01509,1
103,94.53795,1
104,90.02483,1
105,132.65651,1
106,108.26771,1
107,92.98556,1
108,92.18042,1
109,90.35196,1
110,103.508255,1
111,108.945915,1
112,91.58181,1
113,82.03426,1
114,105.47346,1
115,97.65446,1
116,99.20212,1
117,102.50929,1
118,90.36636,1
119,94.17816,1
120,100.86928,1
121,132.40288,1
122,92.77261,1
123,100.067215,1
124,96.63353,1
125,105.02295,1
126,114.379196,1
127,96.83501,1
128,95.53018,1
129,110.36551,1
130,99.675125,1
131,109.507095,1
132,128.75856,1
133,100.704895,1
134,97.73429,1
135,106.53543,1
136,88.50561,1
137,80.78304,1
138,97.50842,1
139,117.21708,1
140,96.61813,1
141,108.58643,1
142,100.82767,1
143,91.183334,1
144,114.906906,1
145,86.62437,1
146,87.8202,1
147,96.73846,1
148,108.17922,1
149,93.98326,1
150,92.00295,1
151,110.50956,1
152,139.78195,1
153,82.50354,1
154,125.99434,1
155,108.761826,1
156,130.02948,1
157,97.66991,1
158,111.077194,1
159,122.033585,1
160,86.74919,2
161,112.2815,2
162,123.21884,2
163,147.85753,2
164,114.017975,2
165,130.51302,2
166,83.775116,2
167,130.21408,2
168,97.20676,2
169,144.3875,2
170,104.925385,2
171,124.442,2
172,95.055695,2
173,104.13277,2
174,146.37209,2
175,105.602165,2
176,79.20474,2
177,103.56855,2
178,179.05214,2
179,130.24376,2
180,66.33603,2
181,103.35219,2
182,160.67819,2
183,86.4646,2
184,83.33206,2
185,73.81749,2
186,144.80568,2
187,122.27504,2
188,77.50464,2
189,76.21239,2
190,72.14258,2
191,98.228714,2
192,22.195282,2
193,125.11915,2
194,82.048805,2
195,111.8479,2
196,90.345825,2
197,97.33739,2
198,103.248985,2
199,190.80286,2
200,133.55275,2
201,130.03583,2
202,75.02253,2
203,166.30064,2
204,65.45123,2
205,81.81382,2
206,135.7779,2
207,146.56776,2
208,120.38051,2
209,167.31459,2
210,92.863556,2
211,136.5421,2
212,146.94267,2
213,14.267489,2
214,87.96084,2
215,178.89793,2
216,91.006805,2
217,119.8755,2
218,114.331505,2
219,135.88951,2
220,79.48345,2
221,198.62593,2
222,109.638695,2
223,125.59972,2
224,123.46028,2
225,117.61483,2
226,15.88374,2
227,48.338337,2
228,121.67294,2
229,168.1136,2
230,99.270294,2
231,109.704605,2
232,88.990395,2
233,178.0188,2
234,115.910736,2
235,140.90309,2
236,120.134094,2
237,95.01695,2
238,53.501446,2
239,130.81108,2
240,161.43553,3
241,85.85947,3
242,106.72782,3
243,126.12695,3
244,153.07468,3
245,107.93978,3
246,176.3408,3
247,167.59587,3
248,112.31384,3
249,102.02034,3
250,180.41263,3
251,130.38371,3
252,150.9225,3
253,154.60524,3
254,92.98472,3
255,169.10571,3
256,117.4471,3
257,172.87589,3
258,168.90306,3
259,152.79594,3
260,120.86292,3
261,178.18944,3
262,180.48701,3
263,116.95333,3
264,158.86086,3
265,189.87325,3
266,156.10947,3
267,121.3446,3
268,202.17715,3
269,174.57486,3
270,116.99392,3
271,109.9873,3
272,128.30072,3
273,153.32976,3
274,147.79079,3
275,82.68849,3
276,183.3042,3
277,95.96331,3
278,182.8394,3
279,141.14317,3
280,110.71814,3
281,149.62169,3
282,122.348366,3
283,226.52972,3
284,213.39023,3
285,149.75206,3
286,201.52217,3
287,214.97112,3
288,134.36386,3
289,107.72762,3
290,115.08585,3
291,125.66966,3
292,175.74538,3
293,114.02734,3
294,163.47386,3
295,134.26082,3
296,158.74127,3
297,154.87308,3
298,127.641464,3
299,232.06413,3
300,163.3436,3
301,214.19153,3
302,89.88562,3
303,107.1478,3
304,133.08437,3
305,128.94373,3
306,139.6578,3
307,90.08451,3
308,126.20433,3
309,131.50064,3
310,252.57935,3
311,72.71129,3
312,108.30234,3
313,116.64258,3
314,172.05164,3
315,185.01317,3
316,91.661255,3
317,183.83682,3
318,149.17029,3
319,244.58347,3
320,140.99255,4
321,27.336346,4
322,49.26212,4
323,26.05656,4
324,108.28723,4
325,80.860825,4
326,65.92799,4
327,44.946186,4
328,107.490524,4
329,26.420635,4
330,74.23119,4
331,38.529766,4
332,98.7687,4
333,141.44022,4
334,44.60166,4
335,46.63827,4
336,30.923744,4
337,93.624535,4
338,41.20602,4
339,35.131924,4
340,125.62886,4
341,62.32146,4
342,68.958374,4
343,51.78233,4
344,68.64843,4
345,40.02254,4
346,6.6564302,4
347,104.61709,4
348,65.03823,4
349,48.786415,4
350,79.5236,4
351,19.078167,4
352,92.49715,4
353,78.8676,4
354,128.55565,4
355,96.67615,4
356,34.278774,4
357,58.596107,4
358,71.12193,4
359,80.78381,4
360,27.93023,4
361,68.801254,4
362,78.83339,4
363,22.942215,4
364,31.050308,4
365,68.26265,4
366,129.50908,4
367,64.20992,4
368,54.34719,4
369,52.741726,4
370,87.017784,4
371,68.47574,4
372,5.886056,4
373,52.949734,4
374,64.748405,4
375,72.12839,4
376,21.654064,4
377,21.106098,4
378,73.022064,4
379,50.470547,4
380,97.34265,4
381,33.81872,4
382,47.20925,4
383,85.54531,4
384,129.28568,4
385,22.346886,4
386,91.4716,4
387,48.992035,4
388,67.71846,4
389,73.47961,4
390,85.90831,4
391,32.448254,4
392,81.21348,4
393,61.20046,4
394,65.369774,4
395,38.83816,4
396,72.4014,4
397,59.817703,4
398,95.70147,4
399,81.98418,4
400,146.37357,5
401,167.37935,5
402,155.23695,5
403,115.026306,5
404,187.00502,5
405,157.39201,5
406,145.02977,5
407,127.83018,5
408,171.50465,5
409,69.429085,5
410,100.34288,5
411,181.8615,5
412,39.47265,5
413,123.218216,5
414,186.84865,5
415,72.404175,5
416,144.89575,5
417,140.82913,5
418,89.312836,5
419,162.36458,5
420,172.96114,5
421,96.633286,5
422,185.13506,5
423,191.32085,5
424,67.84656,5
425,73.09085,5
426,101.871216,5
427,224.68744,5
428,181.36464,5
429,151.88124,5
430,214.19939,5
431,138.27415,5
432,122.57144,5
433,97.53053,5
434,152.72401,5
435,68.17241,5
436,110.94812,5
437,155.21873,5
438,141.5783,5
439,78.20379,5
440,86.60459,5
441,196.49715,5
442,156.01848,5
443,62.13098,5
444,84.51267,5
445,114.914085,5
446,149.34352,5
447,146.78688,5
448,186.34041,5
449,147.00877,5
450,106.6908,5
451,69.07888,5
452,120.59567,5
453,124.54671,5
454,15.731659,5
455,141.5088,5
456,164.61359,5
457,173.82393,5
458,115.10222,5
459,161.9954,5
460,126.723175,5
461,170.99641,5
462,169.47891,5
463,89.96359,5
464,167.5688,5
465,124.78751,5
466,190.26114,5
467,177.43771,5
468,141.09535,5
469,172.86882,5
470,117.67775,5
471,118.21082,5
472,212.77055,5
473,124.825485,5
474,145.62743,5
475,138.91617,5
476,146.10756,5
477,84.505615,5
478,101.76583,5
479,115.17567,5
480,19.675377,6
481,41.3198,6
482,45.362583,6
483,34.968784,6
484,50.878597,6
485,42.239883,6
486,113.57652,6
487,112.418045,6
488,85.07887,6
489,118.2007,6
490,60.758495,6
491,36.537388,6
492,34.394714,6
493,51.705494,6
494,73.851074,6
495,53.67063,6
496,64.04797,6
497,115.19978,6
498,78.80898,6
499,120.3654,6
500,47.611546,6
501,56.679707,6
502,63.622574,6
503,67.420555,6
504,36.842907,6
505,155.4788,6
506,91.76125,6
507,106.86238,6
508,41.08086,6
509,142.84515,6
510,128.0789,6
511,65.143684,6
512,113.48825,6
513,64.215576,6
514,-10.981048,6
515,54.520176,6
516,15.454648,6
517,10.167291,6
518,30.781431,6
519,39.115788,6
520,47.33135,6
521,50.41157,6
522,61.214043,6
523,123.57323,6
524,49.646374,6
525,97.20605,6
526,21.842499,6
527,66.5392,6
528,117.70401,6
529,36.97903,6
530,35.96578,6
531,50.235764,6
532,102.05746,6
533,28.135607,6
534,28.691807,6
535,5.683976,6
536,152.3906,6
537,130.9048,6
538,61.135033,6
539,46.545902,6
540,37.40791,6
541,62.380875,6
542,34.03953,6
543,10.706067,6
544,33.71449,6
545,43.919735,6
546,3.1965187,6
547,18.363308,6
548,20.313435,6
549,30.931522,6
550,95.98332,6
551,52.003494,6
552,136.3709,6
553,15.946027,6
554,88.300575,6
555,79.05069,6
556,42.130894,6
557,114.5873,6
558,115.0733,6
559,41.20636,6
560,145.86472,7
561,75.7925,7
562,52.33131,7
563,100.71326,7
564,105.61655,7
565,115.68213,7
566,208.10323,7
567,78.80033,7
568,140.34721,7
569,86.420715,7
570,134.1026,7
571,39.54481,7
572,85.4723,7
573,145.12794,7
574,33.237476,7
575,111.06903,7
576,76.854355,7
577,83.50286,7
578,106.73468,7
579,108.93757,7
580,80.780334,7
581,68.6781,7
582,90.17673,7
583,143.40529,7
584,148.29692,7
585,140.60378,7
586,157.5735,7
587,121.74014,7
588,79.70064,7
589,77.10453,7
590,205.1904,7
591,90.759285,7
592,104.99363,7
593,74.60947,7
594,121.4106,7
595,75.365555,7
596,117.30166,7
597,91.341034,7
598,103.070206,7
599,185.4727,7
600,176.2226,7
601,98.21801,7
602,128.73122,7
603,112.99264,7
604,89.23216,7
605,145.4228,7
606,81.21895,7
607,180.8036,7
608,65.78594,7
609,97.484276,7
610,122.84716,7
611,126.65371,7
612,133.23044,7
613,123.49055,7
614,134.42332,7
615,49.7399,7
616,104.788956,7
617,118.07981,7
618,51.084625,7
619,126.26102,7
620,48.371582,7
621,99.032684,7
622,121.326645,7
623,14.361186,7
624,48.191135,7
625,187.3138,7
626,63.58189,7
627,71.9991,7
628,66.54846,7
629,114.998474,7
630,125.73567,7
631,73.955536,7
632,86.44055,7
633,66.4629,7
634,142.30235,7
635,126.67501,7
636,131.88972,7
637,148.29326,7
638,160.47914,7
639,68.39526,7
640,149.93124,8
641,73.38258,8
642,50.275852,8
643,32.559376,8
644,87.971344,8
645,22.374044,8
646,74.3807,8
647,47.443626,8
648,74.93785,8
649,81.67122,8
650,101.376526,8
651,60.71439,8
652,125.66874,8
653,89.13888,8
654,61.076477,8
655,132.72798,8
656,51.015064,8
657,78.78534,8
658,64.83754,8
659,112.5645,8
660,143.96782,8
661,53.467617,8
662,107.798615,8
663,91.29185,8
664,69.57489,8
665,8.657755,8
666,106.7953,8
667,27.591515,8
668,66.297195,8
669,87.57155,8
670,67.58382,8
671,62.855278,8
672,70.79804,8
673,102.58612,8
674,62.97329,8
675,86.048706,8
676,38.636593,8
677,38.555458,8
678,47.576145,8
679,83.54503,8
680,91.91931,8
681,58.951416,8
682,81.304825,8
683,67.18331,8
684,122.939705,8
685,41.233776,8
686,73.64708,8
687,175.62836,8
688,145.54117,8
689,32.216557,8
690,117.83803,8
691,144.93259,8
692,99.93231,8
693,102.70411,8
694,105.13185,8
695,67.95124,8
696,85.49115,8
697,48.87038,8
698,95.27891,8
699,106.31708,8
700,117.718994,8
701,60.04935,8
702,45.63454,8
703,20.630402,8
704,110.75004,8
705,58.22324,8
706,58.714325,8
707,111.86789,8
708,75.68649,8
709,140.22942,8
710,67.10306,8
711,63.978344,8
712,96.332016,8
713,68.56327,8
714,102.18771,8
715,76.038376,8
716,73.52845,8
717,67.99328,8
718,50.857883,8
719,55.56766,8
720,40.805428,9
721,69.93426,9
722,66.8766,9
723,11.631597,9
724,23.386497,9
725,84.252815,9
726,13.000306,9
727,36.988728,9
728,34.79647,9
729,36.377796,9
730,42.48467,9
731,33.824345,9
732,56.96862,9
733,68.3004,9
734,52.852913,9
735,38.31452,9
736,25.04998,9
737,89.9416,9
738,57.596745,9
739,18.351955,9
740,54.24481,9
741,83.25076,9
742,24.619408,9
743,85.114815,9
744,53.880142,9
745,3.1495903,9
746,4.055146,9
747,82.335434,9
748,26.96928,9
749,50.715893,9
750,7.4513216,9
751,62.460262,9
752,29.891193,9
753,51.482365,9
754,63.596462,9
755,51.696728,9
756,30.706642,9
757,29.967575,9
758,65.52614,9
759,13.39855,9
760,38.12309,9
761,37.22916,9
762,-30.921383,9
763,137.45627,9
764,46.47092,9
765,14.472985,9
766,41.57871,9
767,90.64684,9
768,34.775063,9
769,26.252884,9
770,92.1597,9
771,27.511929,9
772,75.04942,9
773,17.197323,9
774,73.75906,9
775,10.96576,9
776,80.62022,9
777,36.526627,9
778,15.9116335,9
779,35.969463,9
780,87.52958,9
781,26.93717,9
782,-35.52683,9
783,48.27553,9
784,48.850857,9
785,53.084476,9
786,68.37965,9
787,-7.9361906,9
788,34.34056,9
789,27.005127,9
790,38.85715,9
791,47.479618,9
792,79.14398,9
793,45.562057,9
794,73.819916,9
795,36.084087,9
796,73.30987,9
797,22.085651,9
798,61.53462,9
799,42.918457,9
