Image,Value,Label
0,-263.56372,0
1,-110.00439,0
2,-144.70308,0
3,-162.41507,0
4,-181.62556,0
5,-180.14189,0
6,-236.2025,0
7,-221.52097,0
8,-216.47316,0
9,-181.29431,0
10,-151.68732,0
11,-167.91165,0
12,-266.34058,0
13,-191.82971,0
14,-196.16306,0
15,-115.01994,0
16,-129.77585,0
17,-175.77722,0
18,-272.32233,0
19,-130.56882,0
20,-271.84735,0
21,-158.73166,0
22,-135.52647,0
23,-97.50674,0
24,-151.54745,0
25,-101.315254,0
26,-183.14258,0
27,-161.83817,0
28,-196.1774,0
29,-183.63747,0
30,-166.11668,0
31,-95.23281,0
32,-147.23985,0
33,-84.47559,0
34,-232.31395,0
35,-166.07892,0
36,-169.26797,0
37,-135.74759,0
38,-168.23357,0
39,-91.68296,0
40,-212.25171,0
41,-197.40964,0
42,-299.82828,0
43,-182.56934,0
44,-155.40631,0
45,-143.85977,0
46,-176.35602,0
47,-255.91313,0
48,-116.378006,0
49,-137.70898,0
50,-126.829056,0
51,-147.4934,0
52,-187.87444,0
53,-141.49281,0
54,-190.47418,0
55,-147.73839,0
56,-216.22963,0
57,-112.53569,0
58,-212.52286,0
59,-161.79683,0
60,-139.73138,0
61,-149.75946,0
62,-171.70068,0
63,-167.6636,0
64,-171.30515,0
65,-241.85182,0
66,-207.6521,0
67,-153.73718,0
68,-133.20923,0
69,-124.75126,0
70,-144.85013,0
71,-143.91612,0
72,-196.6731,0
73,-220.02812,0
74,-190.22672,0
75,-103.01575,0
76,-187.33698,0
77,-299.59802,0
78,-167.8481,0
79,-115.44117,0
80,-104.35298,1
81,-59.010597,1
82,-109.0683,1
83,-107.25727,1
84,-90.870865,1
85,-96.15707,1
86,-87.43352,1
87,-95.07462,1
88,-107.13309,1
89,-120.20284,1
90,-78.616005,1
91,-86.49178,1
92,-93.72764,1
93,-117.909386,1
94,-137.92224,1
95,-69.303856,1
96,-146.76688,1
97,-72.73054,1
98,-64.598915,1
99,-124.32534,1
100,-103.7866,1
101,-91.15396,1
102,-132.46423,1
103,-77.60108,1
104,-72.20098,1
105,-112.665764,1
106,-127.9437,1
107,-130.28592,1
108,-92.6924,1
109,-81.01521,1
110,-128.71149,1
111,-110.50581,1
112,-113.71803,1
113,-103.58666,1
114,-123.98226,1
115,-82.2409,1
116,-122.404015,1
117,-80.8931,1
118,-105.0806,1
119,-72.435425,1
120,-85.358284,1
121,-94.289375,1
122,-90.65454,1
123,-99.35549,1
124,-75.84643,1
125,-78.07106,1
126,-128.76198,1
127,-77.75158,1
128,-120.19494,1
129,-101.994545,1
130,-109.782036,1
131,-97.12462,1
132,-93.58043,1
133,-85.84228,1
134,-70.677055,1
135,-92.992386,1
136,-73.64957,1
137,-65.00131,1
138,-132.05069,1
139,-106.9353,1
140,-83.507675,1
141,-76.80537,1
142,-122.17094,1
143,-109.96056,1
144,-103.85389,1
145,-118.90888,1
146,-80.61167,1
147,-103.49862,1
148,-110.12731,1
149,-136.41138,1
150,-126.92252,1
151,-142.74738,1
152,-189.76877,1
153,-122.99595,1
154,-121.87646,1
155,-126.1365,1
156,-151.16809,1
157,-84.18852,1
158,-79.42974,1
159,-128.30557,1
160,-89.580505,2
161,-76.95883,2
162,-149.74356,2
163,-140.82315,2
164,-191.83177,2
165,-172.96408,2
166,-100.51175,2
167,-209.44775,2
168,-124.33811,2
169,-148.05385,2
170,-109.948654,2
171,-147.3942,2
172,-121.5707,2
173,-154.9987,2
174,-164.07185,2
175,-178.77916,2
176,-97.598854,2
177,-108.59837,2
178,-211.53094,2
179,-201.43051,2
180,-42.981323,2
181,-201.63513,2
182,-142.0268,2
183,-178.9212,2
184,-139.46078,2
185,-177.00742,2
186,-69.93719,2
187,-141.64798,2
188,-41.51274,2
189,-45.708138,2
190,-88.39054,2
191,-124.94442,2
192,-112.20318,2
193,-231.56485,2
194,-120.19653,2
195,-144.5571,2
196,-207.20387,2
197,-163.51382,2
198,-148.30885,2
199,-237.18948,2
200,-160.11844,2
201,-190.10782,2
202,-21.676945,2
203,-169.64873,2
204,-148.5144,2
205,-51.841637,2
206,-153.20212,2
207,-250.16544,2
208,-158.668,2
209,-103.75597,2
210,-118.34865,2
211,-162.94867,2
212,-261.92026,2
213,-124.41425,2
214,-149.37671,2
215,-118.15225,2
216,-131.35347,2
217,-76.97869,2
218,-224.3154,2
219,-195.39906,2
220,-179.87514,2
221,-174.65242,2
222,-209.12164,2
223,-149.1328,2
224,-112.133,2
225,-191.72595,2
226,-244.56259,2
227,-128.39743,2
228,-171.01382,2
229,-138.69765,2
230,-117.915306,2
231,-77.00251,2
232,-117.74478,2
233,-288.0642,2
234,-207.90158,2
235,-165.14185,2
236,-110.0031,2
237,-185.92,2
238,-100.27929,2
239,-108.05036,2
240,-232.04967,3
241,-197.89313,3
242,-92.358086,3
243,-117.83825,3
244,-229.09912,3
245,-204.78137,3
246,-287.02252,3
247,-147.60931,3
248,-194.67946,3
249,-116.96302,3
250,-191.39478,3
251,-169.47014,3
252,-225.43,3
253,-138.84615,3
254,-196.02672,3
255,-240.81429,3
256,-140.08469,3
257,-169.05963,3
258,-230.05765,3
259,-316.06717,3
260,-220.38419,3
261,-185.66464,3
262,-193.57185,3
263,-166.6192,3
264,-166.61646,3
265,-215.96935,3
266,-171.40616,3
267,-193.11462,3
268,-217.55896,3
269,-162.14684,3
270,-147.27435,3
271,-211.79147,3
272,-127.85964,3
273,-162.42886,3
274,-170.05629,3
275,-129.23041,3
276,-239.30484,3
277,-151.20816,3
278,-194.86618,3
279,-127.11077,3
280,-174.81967,3
281,-255.2474,3
282,-275.8771,3
283,-202.96054,3
284,-179.73558,3
285,-176.8877,3
286,-195.49768,3
287,-284.0465,3
288,-231.61679,3
289,-186.58813,3
290,-179.66086,3
291,-204.92966,3
292,-226.67804,3
293,-153.241,3
294,-214.11519,3
295,-153.51477,3
296,-197.87871,3
297,-199.25815,3
298,-207.35095,3
299,-262.75665,3
300,-228.51797,3
301,-311.55408,3
302,-102.051575,3
303,-105.32787,3
304,-144.29047,3
305,-128.14275,3
306,-167.58275,3
307,-78.56311,3
308,-121.11372,3
309,-213.53864,3
310,-367.7062,3
311,-140.77325,3
312,-152.22672,3
313,-117.82048,3
314,-206.87866,3
315,-213.54521,3
316,-120.66408,3
317,-200.55475,3
318,-167.54158,3
319,-263.82532,3
320,-131.70197,4
321,-116.67019,4
322,-130.92148,4
323,-100.484566,4
324,-138.7779,4
325,-103.902565,4
326,-177.31976,4
327,-105.48808,4
328,-140.45055,4
329,-44.546806,4
330,-148.61978,4
331,-122.44908,4
332,-137.35928,4
333,-66.9242,4
334,-117.55021,4
335,-85.63036,4
336,-46.11443,4
337,-174.5422,4
338,-127.12624,4
339,-151.45868,4
340,-138.88383,4
341,-107.529274,4
342,-171.70639,4
343,-124.749565,4
344,-133.48924,4
345,-133.53735,4
346,-59.258915,4
347,-78.10362,4
348,-95.780334,4
349,-87.38392,4
350,-164.08003,4
351,-75.96919,4
352,-175.40857,4
353,-104.91522,4
354,-87.64565,4
355,-136.72658,4
356,-170.34079,4
357,-75.45794,4
358,-118.46246,4
359,-112.02229,4
360,-135.20264,4
361,-133.41895,4
362,-116.23182,4
363,-31.32212,4
364,-59.24937,4
365,-131.23727,4
366,-152.5104,4
367,-123.72563,4
368,-95.20942,4
369,-73.78245,4
370,-118.35949,4
371,-125.18168,4
372,-51.27928,4
373,-99.92042,4
374,-149.13986,4
375,-183.14865,4
376,-96.64179,4
377,-94.351524,4
378,-156.53827,4
379,-91.54532,4
380,-183.85837,4
381,-122.8276,4
382,-126.139534,4
383,-132.30873,4
384,-142.36308,4
385,-67.41412,4
386,-156.78891,4
387,-145.35565,4
388,-110.95191,4
389,-52.60862,4
390,-53.789154,4
391,-127.32403,4
392,-150.51334,4
393,-149.2673,4
394,-91.101234,4
395,-118.2188,4
396,-188.03029,4
397,-72.179306,4
398,-137.01883,4
399,-157.58136,4
400,-140.21945,5
401,-148.72186,5
402,-120.291985,5
403,-124.220276,5
404,-142.4576,5
405,-168.96559,5
406,-141.5089,5
407,-105.10952,5
408,-154.052,5
409,-130.49469,5
410,-188.29022,5
411,-186.88702,5
412,-18.395645,5
413,-122.76178,5
414,-244.58604,5
415,-125.39327,5
416,-253.40894,5
417,-214.99854,5
418,-132.24295,5
419,-198.29378,5
420,-246.13318,5
421,-213.62892,5
422,-160.9801,5
423,-170.78387,5
424,-96.64238,5
425,-76.55276,5
426,-128.34694,5
427,-268.76215,5
428,-221.25125,5
429,-169.98051,5
430,-198.20303,5
431,-171.33624,5
432,-178.17468,5
433,-131.7822,5
434,-172.67346,5
435,-217.04782,5
436,-82.0053,5
437,-150.55836,5
438,-176.22629,5
439,-10.816002,5
440,-121.30833,5
441,-181.4701,5
442,-224.5762,5
443,-132.9746,5
444,-121.00457,5
445,-173.16644,5
446,-187.17836,5
447,-194.22177,5
448,-255.46078,5
449,-93.367775,5
450,-113.78441,5
451,-99.59209,5
452,-103.75918,5
453,-176.2659,5
454,-45.152016,5
455,-133.16599,5
456,-170.8443,5
457,-244.62933,5
458,-116.811104,5
459,-161.56775,5
460,-125.35425,5
461,-261.1435,5
462,-170.14075,5
463,-180.69174,5
464,-127.23969,5
465,-125.19666,5
466,-200.50491,5
467,-115.55094,5
468,-157.06805,5
469,-188.10114,5
470,-175.1193,5
471,-192.28549,5
472,-218.2307,5
473,-66.9802,5
474,-176.3581,5
475,-140.96204,5
476,-232.91885,5
477,-105.271835,5
478,-28.368832,5
479,-178.40627,5
480,-85.80132,6
481,-136.51003,6
482,-93.29208,6
483,-135.15547,6
484,-72.9493,6
485,-141.82,6
486,-115.344124,6
487,-176.74272,6
488,-227.72568,6
489,-112.19008,6
490,-72.38302,6
491,-86.31022,6
492,-33.6417,6
493,-81.84579,6
494,-120.835945,6
495,-138.5855,6
496,-157.4695,6
497,-119.97445,6
498,-129.94823,6
499,-242.30049,6
500,-82.6989,6
501,-118.99371,6
502,-88.047325,6
503,-108.74244,6
504,-104.727295,6
505,-218.12045,6
506,-150.32826,6
507,-142.25027,6
508,-165.9591,6
509,-174.00342,6
510,-123.575676,6
511,-93.24842,6
512,-160.50652,6
513,-105.815796,6
514,-82.14918,6
515,-52.365276,6
516,-89.676834,6
517,-79.285164,6
518,-87.30525,6
519,-91.09382,6
520,-170.05286,6
521,-115.23887,6
522,-153.70964,6
523,-151.77902,6
524,-115.48043,6
525,-85.59942,6
526,-141.40012,6
527,-106.77184,6
528,-163.8011,6
529,-111.88117,6
530,-42.422256,6
531,-112.388794,6
532,-189.15736,6
533,-69.96256,6
534,-112.55793,6
535,-105.25216,6
536,-185.25594,6
537,-135.62059,6
538,-67.52157,6
539,-105.40899,6
540,-73.305954,6
541,-82.33547,6
542,-39.375164,6
543,-121.73977,6
544,-87.79319,6
545,-87.321945,6
546,-80.49954,6
547,-90.580765,6
548,-66.6842,6
549,-100.238594,6
550,-89.05432,6
551,-74.32795,6
552,-146.08023,6
553,-118.38341,6
554,-100.218376,6
555,-122.06549,6
556,-140.64781,6
557,-156.99072,6
558,-117.61694,6
559,-44.113113,6
560,-137.34634,7
561,-109.55442,7
562,-120.3887,7
563,-143.72559,7
564,-139.2564,7
565,-155.58266,7
566,-138.53703,7
567,-119.7382,7
568,-75.22977,7
569,-186.2034,7
570,-132.14255,7
571,-120.785706,7
572,-139.88516,7
573,-143.39215,7
574,-114.95719,7
575,-105.65286,7
576,-83.88216,7
577,-139.4605,7
578,-139.00775,7
579,-150.14507,7
580,-150.41626,7
581,-107.76532,7
582,-138.22925,7
583,-146.99403,7
584,-106.30923,7
585,-112.392296,7
586,-121.980965,7
587,-144.3758,7
588,-100.96265,7
589,-101.496155,7
590,-170.5339,7
591,-83.45158,7
592,-117.16903,7
593,-215.56291,7
594,-115.891685,7
595,-135.74521,7
596,-115.92918,7
597,-176.57803,7
598,-129.9504,7
599,-137.93777,7
600,-108.49609,7
601,-166.14476,7
602,-144.9713,7
603,-160.88913,7
604,-134.46048,7
605,-93.97956,7
606,-80.15937,7
607,-117.06863,7
608,-91.0329,7
609,-137.16632,7
610,-183.21066,7
611,-136.62138,7
612,-130.24124,7
613,-121.80828,7
614,-79.29733,7
615,-93.056595,7
616,-103.83202,7
617,-147.05533,7
618,-127.88241,7
619,-148.20671,7
620,-165.80856,7
621,-140.63809,7
622,-118.17414,7
623,-72.54199,7
624,-68.26403,7
625,-178.54245,7
626,-140.17802,7
627,-89.32912,7
628,-117.53452,7
629,-156.6633,7
630,-133.31183,7
631,-118.84772,7
632,-134.84277,7
633,-81.55082,7
634,-119.05935,7
635,-135.42786,7
636,-102.50228,7
637,-144.73587,7
638,-176.20654,7
639,-123.07438,7
640,-268.95248,8
641,-153.235,8
642,-155.96588,8
643,-122.11839,8
644,-244.33472,8
645,-100.744606,8
646,-157.63214,8
647,-125.04752,8
648,-112.88595,8
649,-165.24556,8
650,-210.59158,8
651,-164.22061,8
652,-258.15485,8
653,-300.23065,8
654,-197.35597,8
655,-200.92038,8
656,-127.59981,8
657,-171.71204,8
658,-148.7451,8
659,-289.66452,8
660,-221.29558,8
661,-193.57828,8
662,-193.28555,8
663,-219.02731,8
664,-267.9417,8
665,-133.66728,8
666,-223.85597,8
667,-96.81773,8
668,-169.06645,8
669,-221.32593,8
670,-166.4752,8
671,-148.34402,8
672,-175.15741,8
673,-273.27145,8
674,-172.66017,8
675,-197.45103,8
676,-166.7859,8
677,-112.78712,8
678,-126.32577,8
679,-200.32495,8
680,-184.89896,8
681,-192.6162,8
682,-244.74387,8
683,-192.40347,8
684,-196.26978,8
685,-151.15793,8
686,-165.49075,8
687,-265.23297,8
688,-137.17336,8
689,-122.220116,8
690,-167.94987,8
691,-209.79813,8
692,-201.56305,8
693,-268.80023,8
694,-212.5373,8
695,-188.69232,8
696,-281.21173,8
697,-115.310745,8
698,-108.7382,8
699,-126.78712,8
700,-262.5034,8
701,-127.77258,8
702,-163.21146,8
703,-120.35645,8
704,-231.17546,8
705,-182.97493,8
706,-176.69418,8
707,-149.40266,8
708,-146.76366,8
709,-240.61859,8
710,-143.1957,8
711,-127.13793,8
712,-138.23477,8
713,-132.96268,8
714,-123.39416,8
715,-201.10933,8
716,-175.5687,8
717,-149.55032,8
718,-133.78612,8
719,-117.35986,8
720,-162.36472,9
721,-180.93723,9
722,-65.26025,9
723,-223.56186,9
724,-114.40942,9
725,-119.286545,9
726,-128.72987,9
727,-139.84702,9
728,-103.47731,9
729,-54.41765,9
730,-95.935715,9
731,-109.15935,9
732,-187.42438,9
733,-164.25159,9
734,-131.28918,9
735,-132.09842,9
736,-152.00468,9
737,-162.3382,9
738,-117.9872,9
739,-154.47498,9
740,-159.13171,9
741,-140.14612,9
742,-138.31088,9
743,-173.12265,9
744,-87.44783,9
745,-158.06218,9
746,-99.70503,9
747,-125.23904,9
748,-88.75266,9
749,-172.3921,9
750,-132.776,9
751,-141.90839,9
752,-213.11967,9
753,-165.93855,9
754,-272.6061,9
755,-120.89807,9
756,-106.32683,9
757,-101.60737,9
758,-101.93407,9
759,-86.48286,9
760,-117.961464,9
761,-180.31915,9
762,-145.9414,9
763,-154.28386,9
764,-142.38748,9
765,-114.534,9
766,-167.97615,9
767,-153.0846,9
768,-88.208786,9
769,-90.51292,9
770,-137.17847,9
771,-113.6973,9
772,-164.10956,9
773,-117.08541,9
774,-132.09995,9
775,-130.99272,9
776,-157.45609,9
777,-144.21333,9
778,-102.65435,9
779,-111.25361,9
780,-191.0227,9
781,-64.77149,9
782,-74.247284,9
783,-108.53137,9
784,-131.52896,9
785,-184.41562,9
786,-107.78359,9
787,-93.07692,9
788,-123.41827,9
789,-161.41846,9
790,-115.17556,9
791,-68.053116,9
792,-191.86926,9
793,-65.46728,9
794,-120.137245,9
795,-172.92097,9
796,-139.99797,9
797,-121.798836,9
798,-210.20787,9
799,-96.28695,9
