Image,Value,Label
0,-271.8757,0
1,-95.88465,0
2,-56.83398,0
3,-180.27495,0
4,-125.41365,0
5,-113.4229,0
6,-150.0927,0
7,-228.54523,0
8,-212.72478,0
9,-160.91815,0
10,-140.52162,0
11,-118.126366,0
12,-271.0038,0
13,-225.9715,0
14,-231.92401,0
15,-106.966125,0
16,-128.54968,0
17,-202.35039,0
18,-207.78932,0
19,-138.67677,0
20,-266.85303,0
21,-119.91506,0
22,-180.22235,0
23,-100.08503,0
24,-236.70421,0
25,-64.1556,0
26,-217.75311,0
27,-118.55523,0
28,-190.46729,0
29,-162.29688,0
30,-122.963684,0
31,-149.00377,0
32,-151.56914,0
33,-137.86363,0
34,-266.0989,0
35,-96.032326,0
36,-162.98778,0
37,-118.6848,0
38,-154.7932,0
39,-123.39494,0
40,-196.05635,0
41,-163.60567,0
42,-266.96683,0
43,-114.07128,0
44,-126.01122,0
45,-230.5271,0
46,-206.7274,0
47,-163.5761,0
48,-67.03298,0
49,-93.41023,0
50,-70.27795,0
51,-130.80275,0
52,-142.9692,0
53,-62.633495,0
54,-137.14029,0
55,-124.05404,0
56,-162.48962,0
57,-109.12999,0
58,-220.7459,0
59,-89.469284,0
60,-114.9789,0
61,-154.74945,0
62,-155.93417,0
63,-214.14743,0
64,-185.98515,0
65,-299.3136,0
66,-231.1689,0
67,-167.91248,0
68,-123.238174,0
69,-103.35664,0
70,-193.16644,0
71,-127.92055,0
72,-205.81891,0
73,-237.14694,0
74,-158.51822,0
75,-170.35593,0
76,-156.96758,0
77,-206.0768,0
78,-197.34311,0
79,-182.96509,0
80,-63.34848,1
81,-51.82737,1
82,-77.07118,1
83,-74.41038,1
84,-64.09574,1
85,-42.880966,1
86,-68.45453,1
87,-83.4046,1
88,-105.920944,1
89,-59.752937,1
90,-47.444515,1
91,-62.361187,1
92,-47.454594,1
93,-85.40042,1
94,-83.24939,1
95,-34.284206,1
96,-105.842636,1
97,-50.483162,1
98,-55.556267,1
99,-116.14079,1
100,-84.41614,1
101,-31.548761,1
102,-85.32738,1
103,-47.57724,1
104,-62.44152,1
105,-97.34996,1
106,-36.656494,1
107,-67.968796,1
108,-65.61277,1
109,-49.589054,1
110,-59.76293,1
111,-117.924225,1
112,-65.364815,1
113,-70.77719,1
114,-52.06535,1
115,-39.66322,1
116,-126.36708,1
117,-43.75735,1
118,-55.471622,1
119,-49.139065,1
120,-52.364765,1
121,-91.184875,1
122,-19.940989,1
123,-74.81432,1
124,-36.272587,1
125,-52.73485,1
126,-89.748535,1
127,-42.462704,1
128,-36.808727,1
129,-56.015873,1
130,-68.8266,1
131,-65.27385,1
132,-63.187626,1
133,-46.02651,1
134,-45.72434,1
135,-44.01701,1
136,-89.63078,1
137,-57.442417,1
138,-43.073433,1
139,-109.47218,1
140,-88.039276,1
141,-63.576557,1
142,-53.01752,1
143,-50.042244,1
144,-10.421946,1
145,-77.667175,1
146,-62.520187,1
147,-57.118183,1
148,-103.33628,1
149,-54.866005,1
150,-84.74396,1
151,-47.110435,1
152,-144.11932,1
153,-82.39659,1
154,-113.6662,1
155,-56.51989,1
156,-103.03757,1
157,-56.111744,1
158,-83.181885,1
159,-99.07741,1
160,-89.71796,2
161,-147.39577,2
162,-102.29178,2
163,-89.969666,2
164,-195.4743,2
165,-140.77419,2
166,-162.68954,2
167,-232.71895,2
168,-194.15608,2
169,-79.60391,2
170,-111.723206,2
171,-179.13322,2
172,-169.86018,2
173,-137.34326,2
174,-148.69028,2
175,-217.91394,2
176,-144.45526,2
177,-163.93697,2
178,-271.18115,2
179,-222.7652,2
180,-75.09035,2
181,-186.66747,2
182,-260.98257,2
183,-202.98456,2
184,-158.46722,2
185,-126.517105,2
186,-139.93079,2
187,-135.43988,2
188,-79.48032,2
189,-67.78778,2
190,-148.83868,2
191,-94.03581,2
192,-181.96117,2
193,-203.59656,2
194,-81.73822,2
195,-118.63608,2
196,-287.9166,2
197,-204.53763,2
198,-191.989,2
199,-288.1729,2
200,-144.65675,2
201,-159.2309,2
202,-79.02866,2
203,-234.44598,2
204,-178.94089,2
205,-65.78893,2
206,-117.764465,2
207,-310.6771,2
208,-179.99359,2
209,-179.12196,2
210,-190.16754,2
211,-275.97232,2
212,-233.36745,2
213,-158.36798,2
214,-178.56546,2
215,-119.012634,2
216,-119.38956,2
217,-98.12152,2
218,-240.4649,2
219,-174.80157,2
220,-258.86777,2
221,-222.84496,2
222,-154.97908,2
223,-99.974945,2
224,-134.40111,2
225,-148.4604,2
226,-268.8865,2
227,-174.91832,2
228,-126.200134,2
229,-85.51077,2
230,-159.0075,2
231,-111.65814,2
232,-137.36023,2
233,-296.30545,2
234,-254.24724,2
235,-244.5214,2
236,-64.997444,2
237,-166.2383,2
238,-79.23433,2
239,-131.85452,2
240,-149.1023,3
241,-157.95206,3
242,-104.562,3
243,-135.61333,3
244,-201.52464,3
245,-174.90166,3
246,-231.69466,3
247,-182.58199,3
248,-188.21346,3
249,-159.89168,3
250,-138.2546,3
251,-131.35463,3
252,-200.69179,3
253,-128.48338,3
254,-163.56995,3
255,-195.71585,3
256,-123.49962,3
257,-124.01788,3
258,-193.29575,3
259,-264.0032,3
260,-175.99757,3
261,-110.850235,3
262,-185.55064,3
263,-146.0135,3
264,-166.17009,3
265,-182.52878,3
266,-155.88823,3
267,-156.09169,3
268,-284.87842,3
269,-215.90712,3
270,-165.6336,3
271,-173.27315,3
272,-120.47988,3
273,-119.66992,3
274,-186.62572,3
275,-123.18972,3
276,-231.4095,3
277,-135.63838,3
278,-200.32314,3
279,-157.4117,3
280,-168.94768,3
281,-218.9772,3
282,-277.87317,3
283,-149.85703,3
284,-164.54253,3
285,-192.19905,3
286,-254.67667,3
287,-196.5648,3
288,-211.4085,3
289,-212.28302,3
290,-162.33224,3
291,-159.91516,3
292,-168.4554,3
293,-178.19217,3
294,-213.4996,3
295,-168.53014,3
296,-181.05043,3
297,-214.19984,3
298,-184.19258,3
299,-265.3241,3
300,-269.5493,3
301,-243.22871,3
302,-103.53564,3
303,-115.89151,3
304,-87.737144,3
305,-128.93639,3
306,-158.52867,3
307,-96.477646,3
308,-130.09978,3
309,-241.85054,3
310,-300.3467,3
311,-125.25816,3
312,-185.1946,3
313,-116.92059,3
314,-163.20528,3
315,-163.97763,3
316,-82.337234,3
317,-193.6825,3
318,-111.608025,3
319,-281.56454,3
320,-253.96764,4
321,-176.40324,4
322,-178.0766,4
323,-158.10315,4
324,-235.35109,4
325,-161.87405,4
326,-244.09282,4
327,-147.57924,4
328,-173.3592,4
329,-99.80063,4
330,-176.65144,4
331,-186.65686,4
332,-188.11955,4
333,-129.91492,4
334,-162.39217,4
335,-142.14029,4
336,-110.56516,4
337,-275.2307,4
338,-173.37651,4
339,-197.72256,4
340,-218.02567,4
341,-123.339005,4
342,-265.8729,4
343,-202.22556,4
344,-197.76106,4
345,-138.6955,4
346,-108.08617,4
347,-171.51245,4
348,-130.62622,4
349,-148.11815,4
350,-226.84084,4
351,-163.30403,4
352,-257.25995,4
353,-137.77368,4
354,-238.97102,4
355,-214.65334,4
356,-323.45645,4
357,-210.54558,4
358,-194.33266,4
359,-117.058266,4
360,-198.5086,4
361,-208.39203,4
362,-208.8871,4
363,-76.71593,4
364,-149.99886,4
365,-216.11119,4
366,-282.02945,4
367,-209.25871,4
368,-125.77759,4
369,-95.27612,4
370,-171.7469,4
371,-192.51851,4
372,-115.48198,4
373,-110.167816,4
374,-258.4881,4
375,-248.60854,4
376,-189.46626,4
377,-150.45761,4
378,-231.01718,4
379,-190.57365,4
380,-238.10791,4
381,-155.81804,4
382,-133.95235,4
383,-149.76552,4
384,-270.65002,4
385,-116.56117,4
386,-169.64326,4
387,-172.68947,4
388,-168.32875,4
389,-235.88489,4
390,-188.57283,4
391,-164.92036,4
392,-188.09001,4
393,-224.73848,4
394,-126.305046,4
395,-219.10286,4
396,-263.94498,4
397,-75.64641,4
398,-188.63094,4
399,-250.44212,4
400,-241.4456,5
401,-42.347496,5
402,-86.011475,5
403,-67.81961,5
404,-82.10048,5
405,-221.49675,5
406,-114.32527,5
407,-109.43826,5
408,-75.633286,5
409,-133.25227,5
410,-214.30548,5
411,-80.7303,5
412,-30.118507,5
413,-73.700066,5
414,-121.49724,5
415,-87.497375,5
416,-223.92989,5
417,-187.77597,5
418,-81.566956,5
419,-138.51358,5
420,-169.64606,5
421,-251.40643,5
422,-157.32251,5
423,-118.26822,5
424,-131.9436,5
425,-80.519135,5
426,-80.33545,5
427,-127.024704,5
428,-133.79298,5
429,-87.32475,5
430,-162.55934,5
431,-93.91144,5
432,-105.041695,5
433,-200.51736,5
434,-109.813095,5
435,-191.05946,5
436,-120.21364,5
437,-51.052143,5
438,-87.82475,5
439,-114.226456,5
440,-51.997967,5
441,-139.22264,5
442,-159.46028,5
443,-106.48993,5
444,-138.11739,5
445,-92.23796,5
446,-101.76952,5
447,-259.97586,5
448,-179.69754,5
449,-19.883158,5
450,-35.633198,5
451,-119.11847,5
452,-80.83294,5
453,-128.45184,5
454,-78.43004,5
455,-45.02009,5
456,-269.3186,5
457,-190.28197,5
458,-86.488106,5
459,-108.86401,5
460,-42.6891,5
461,-185.15343,5
462,-160.28941,5
463,-196.00262,5
464,-117.82133,5
465,-19.54444,5
466,-153.06805,5
467,-116.27849,5
468,-67.79198,5
469,-90.86896,5
470,-60.72667,5
471,-215.82698,5
472,-172.93013,5
473,-109.65577,5
474,-88.057915,5
475,-137.38118,5
476,-181.28438,5
477,-97.56915,5
478,-50.45036,5
479,-116.481735,5
480,-66.57529,6
481,-216.77596,6
482,-63.250347,6
483,-213.46172,6
484,-35.549274,6
485,-207.81868,6
486,-87.14341,6
487,-192.77202,6
488,-321.34207,6
489,-279.0045,6
490,-151.38516,6
491,-68.33948,6
492,-130.3737,6
493,-98.31722,6
494,-198.06041,6
495,-211.37276,6
496,-250.09132,6
497,-104.62821,6
498,-151.11845,6
499,-456.21558,6
500,-91.51163,6
501,-181.11632,6
502,-96.00188,6
503,-206.16628,6
504,-138.48007,6
505,-209.46767,6
506,-265.717,6
507,-190.44658,6
508,-271.4474,6
509,-261.53085,6
510,-148.41003,6
511,-88.83145,6
512,-188.10167,6
513,-137.77097,6
514,-149.68645,6
515,-82.293335,6
516,-162.86723,6
517,-124.6994,6
518,-151.08076,6
519,-63.658512,6
520,-296.19708,6
521,-116.081894,6
522,-221.67194,6
523,-149.4233,6
524,-300.92892,6
525,-114.367744,6
526,-233.00682,6
527,-124.08615,6
528,-250.41512,6
529,-84.637115,6
530,-148.21266,6
531,-196.4337,6
532,-337.60922,6
533,-86.66955,6
534,-297.1709,6
535,-195.51166,6
536,-232.20496,6
537,-145.59843,6
538,-89.07052,6
539,-186.70966,6
540,-165.3804,6
541,-94.45881,6
542,-68.8636,6
543,-143.8054,6
544,-172.3791,6
545,-115.79785,6
546,-140.17915,6
547,-232.56221,6
548,-128.60417,6
549,-96.148285,6
550,-124.70441,6
551,-187.26509,6
552,-84.054565,6
553,-216.97435,6
554,-173.16617,6
555,-147.10518,6
556,-208.68819,6
557,-244.01778,6
558,-242.94302,6
559,-126.01601,6
560,-134.5966,7
561,-73.678986,7
562,-57.749382,7
563,-138.70735,7
564,-166.68398,7
565,-184.25504,7
566,-169.90825,7
567,-137.52734,7
568,-140.03864,7
569,-208.5437,7
570,-187.15125,7
571,-154.50426,7
572,-145.32271,7
573,-180.4211,7
574,-110.06662,7
575,-117.17924,7
576,-167.30164,7
577,-142.29976,7
578,-133.22684,7
579,-130.14539,7
580,-95.83401,7
581,-96.09683,7
582,-114.1334,7
583,-154.43915,7
584,-114.81285,7
585,-186.18716,7
586,-135.41188,7
587,-182.59792,7
588,-63.71017,7
589,-213.3876,7
590,-304.32678,7
591,-73.697,7
592,-171.10632,7
593,-282.7537,7
594,-139.77394,7
595,-166.25383,7
596,-214.87138,7
597,-264.40137,7
598,-139.0002,7
599,-179.76125,7
600,-130.51913,7
601,-54.873108,7
602,-194.91136,7
603,-154.75566,7
604,-110.67806,7
605,-99.44266,7
606,-161.55125,7
607,-223.4554,7
608,-88.790596,7
609,-102.21909,7
610,-229.10112,7
611,-150.25322,7
612,-178.9189,7
613,-115.56113,7
614,-120.57117,7
615,-85.0632,7
616,-136.78255,7
617,-175.04878,7
618,-86.89276,7
619,-336.44272,7
620,-220.45705,7
621,-132.93538,7
622,-175.85135,7
623,-120.77646,7
624,-51.95701,7
625,-205.35655,7
626,-126.17413,7
627,-89.735016,7
628,-118.889084,7
629,-143.35884,7
630,-167.78716,7
631,-73.69459,7
632,-122.176216,7
633,-80.89633,7
634,-208.15678,7
635,-141.2202,7
636,-108.40148,7
637,-119.10158,7
638,-208.68813,7
639,-143.04063,7
640,-285.96118,8
641,-190.17056,8
642,-165.21838,8
643,-133.68866,8
644,-205.19418,8
645,-111.42805,8
646,-154.6236,8
647,-74.43613,8
648,-164.01828,8
649,-147.8283,8
650,-147.67638,8
651,-153.82376,8
652,-206.0416,8
653,-332.3526,8
654,-211.69952,8
655,-150.4455,8
656,-158.70708,8
657,-163.05067,8
658,-116.14524,8
659,-379.31836,8
660,-276.8893,8
661,-173.15504,8
662,-116.693115,8
663,-199.73325,8
664,-375.8788,8
665,-147.35411,8
666,-287.77463,8
667,-77.91774,8
668,-87.63553,8
669,-203.659,8
670,-127.070915,8
671,-87.70129,8
672,-214.46272,8
673,-237.51039,8
674,-152.7107,8
675,-109.38886,8
676,-171.04752,8
677,-167.27754,8
678,-107.938805,8
679,-189.59108,8
680,-211.58217,8
681,-193.18982,8
682,-213.25504,8
683,-235.36272,8
684,-130.57652,8
685,-157.33357,8
686,-211.51244,8
687,-225.29381,8
688,-76.44931,8
689,-93.344894,8
690,-145.74234,8
691,-230.1978,8
692,-134.57571,8
693,-229.93889,8
694,-185.15979,8
695,-122.10175,8
696,-211.36526,8
697,-65.907814,8
698,-114.54887,8
699,-104.221985,8
700,-192.62874,8
701,-116.830185,8
702,-155.31427,8
703,-86.08906,8
704,-210.04793,8
705,-252.5213,8
706,-180.52231,8
707,-97.19949,8
708,-90.9305,8
709,-95.72589,8
710,-138.69899,8
711,-52.926003,8
712,-132.60045,8
713,-164.39221,8
714,-107.32983,8
715,-155.89012,8
716,-165.22067,8
717,-169.3001,8
718,-157.07579,8
719,-102.1507,8
720,-149.10303,9
721,-201.32542,9
722,-116.53095,9
723,-368.33505,9
724,-145.92735,9
725,-96.511475,9
726,-130.46263,9
727,-200.41335,9
728,-120.36825,9
729,-123.91789,9
730,-122.23247,9
731,-95.212585,9
732,-198.39992,9
733,-206.076,9
734,-132.80191,9
735,-113.13257,9
736,-146.21759,9
737,-235.67784,9
738,-172.45894,9
739,-148.40186,9
740,-229.90443,9
741,-123.407585,9
742,-185.76344,9
743,-177.79424,9
744,-159.10384,9
745,-221.03658,9
746,-111.50049,9
747,-124.41705,9
748,-73.67803,9
749,-192.78362,9
750,-159.19795,9
751,-145.8135,9
752,-288.97293,9
753,-150.92897,9
754,-190.7878,9
755,-114.2291,9
756,-94.849365,9
757,-126.2289,9
758,-174.86351,9
759,-78.53644,9
760,-146.49979,9
761,-166.98137,9
762,-170.34958,9
763,-146.3207,9
764,-191.40208,9
765,-150.96858,9
766,-164.96144,9
767,-185.24736,9
768,-81.86459,9
769,-142.19362,9
770,-111.284546,9
771,-115.23118,9
772,-164.07326,9
773,-114.11471,9
774,-103.85158,9
775,-118.97888,9
776,-185.49884,9
777,-117.64769,9
778,-196.48102,9
779,-154.11464,9
780,-263.7502,9
781,-119.08436,9
782,-96.227005,9
783,-145.49599,9
784,-144.52759,9
785,-226.07489,9
786,-174.34521,9
787,-103.462555,9
788,-137.53798,9
789,-150.46036,9
790,-147.09737,9
791,-112.12356,9
792,-216.34007,9
793,-134.56061,9
794,-203.04843,9
795,-188.21501,9
796,-195.43727,9
797,-120.82241,9
798,-191.52599,9
799,-97.60407,9
