Image,Value,Label
0,378.15182,0
1,190.42223,0
2,254.26495,0
3,401.76755,0
4,283.3553,0
5,275.46,0
6,361.2548,0
7,389.55765,0
8,351.88416,0
9,327.18997,0
10,191.8158,0
11,324.66196,0
12,482.00198,0
13,329.05914,0
14,307.40598,0
15,218.5276,0
16,251.72597,0
17,349.06772,0
18,418.63986,0
19,357.3906,0
20,519.13904,0
21,297.90137,0
22,362.59564,0
23,236.8775,0
24,389.82828,0
25,204.30449,0
26,347.16367,0
27,271.85687,0
28,367.819,0
29,242.3598,0
30,298.6632,0
31,173.74599,0
32,268.39615,0
33,185.64708,0
34,411.8865,0
35,264.052,0
36,253.88893,0
37,234.96478,0
38,353.62222,0
39,197.80751,0
40,305.90158,0
41,358.18933,0
42,429.1072,0
43,275.39224,0
44,277.60388,0
45,361.37515,0
46,320.42575,0
47,332.25974,0
48,209.73363,0
49,215.9349,0
50,250.80052,0
51,312.09555,0
52,258.0497,0
53,301.70932,0
54,298.28162,0
55,288.05753,0
56,362.16162,0
57,172.62445,0
58,406.36786,0
59,234.69734,0
60,319.78293,0
61,287.92178,0
62,281.17667,0
63,327.53586,0
64,321.2926,0
65,408.93814,0
66,336.46585,0
67,250.76031,0
68,240.63002,0
69,272.57004,0
70,282.09006,0
71,293.24268,0
72,352.5641,0
73,381.7109,0
74,372.79446,0
75,263.35074,0
76,333.824,0
77,490.74258,0
78,330.06186,0
79,320.73267,0
80,75.01826,1
81,70.19245,1
82,112.13852,1
83,102.96767,1
84,71.51881,1
85,63.135365,1
86,87.77088,1
87,100.92443,1
88,102.22826,1
89,94.98427,1
90,75.38906,1
91,50.717693,1
92,53.191814,1
93,85.817184,1
94,113.695656,1
95,81.2302,1
96,114.93614,1
97,55.044895,1
98,49.625805,1
99,109.12033,1
100,115.75353,1
101,60.023655,1
102,100.88988,1
103,45.870777,1
104,47.98097,1
105,117.27409,1
106,109.40122,1
107,80.5137,1
108,52.253757,1
109,53.078564,1
110,108.8218,1
111,94.37165,1
112,68.63535,1
113,66.698044,1
114,78.60951,1
115,56.024082,1
116,105.6369,1
117,57.76209,1
118,77.16189,1
119,52.055485,1
120,55.808693,1
121,107.024124,1
122,72.81982,1
123,61.33028,1
124,57.45559,1
125,56.214622,1
126,126.91954,1
127,62.58334,1
128,90.584435,1
129,75.28335,1
130,73.280495,1
131,76.605736,1
132,107.49578,1
133,55.281937,1
134,51.513416,1
135,74.426865,1
136,43.907444,1
137,42.266247,1
138,88.95911,1
139,106.458755,1
140,74.448494,1
141,75.623985,1
142,96.29534,1
143,67.36432,1
144,108.779724,1
145,72.89816,1
146,47.263187,1
147,69.50773,1
148,118.14849,1
149,111.61196,1
150,79.44416,1
151,118.26768,1
152,183.5372,1
153,63.32374,1
154,145.10135,1
155,89.62234,1
156,139.94695,1
157,59.875435,1
158,85.34887,1
159,104.93432,1
160,91.423454,2
161,215.88666,2
162,188.69913,2
163,222.88283,2
164,186.35509,2
165,251.67906,2
166,78.92211,2
167,248.47676,2
168,140.06996,2
169,185.04483,2
170,140.31189,2
171,183.35616,2
172,153.93623,2
173,199.32434,2
174,210.04875,2
175,249.78052,2
176,109.20226,2
177,184.52893,2
178,304.0259,2
179,260.0289,2
180,69.8779,2
181,261.428,2
182,246.39273,2
183,210.33022,2
184,138.64168,2
185,199.97237,2
186,139.69972,2
187,202.47496,2
188,48.95102,2
189,57.762207,2
190,98.74149,2
191,122.32093,2
192,137.49336,2
193,227.73486,2
194,126.518936,2
195,122.55345,2
196,265.80826,2
197,169.15465,2
198,188.89845,2
199,335.8547,2
200,201.71834,2
201,244.15575,2
202,60.75443,2
203,319.41013,2
204,130.98991,2
205,82.79647,2
206,139.49004,2
207,255.33849,2
208,183.98076,2
209,250.18376,2
210,132.59286,2
211,252.29137,2
212,357.0013,2
213,106.907036,2
214,184.17108,2
215,208.83461,2
216,108.79304,2
217,101.2972,2
218,242.21832,2
219,333.06287,2
220,232.95128,2
221,364.6431,2
222,207.9513,2
223,144.75435,2
224,135.02211,2
225,265.07077,2
226,223.79205,2
227,156.93234,2
228,185.99695,2
229,296.4346,2
230,195.81152,2
231,173.13542,2
232,139.70728,2
233,447.20615,2
234,232.50432,2
235,280.49136,2
236,160.5309,2
237,191.53413,2
238,103.87856,2
239,193.8953,2
240,288.0756,3
241,194.27487,3
242,182.2116,3
243,172.55116,3
244,314.48273,3
245,240.39351,3
246,362.86438,3
247,191.36882,3
248,278.12143,3
249,211.13972,3
250,330.55093,3
251,206.72763,3
252,276.30655,3
253,327.67062,3
254,186.27638,3
255,278.22116,3
256,210.86018,3
257,292.7502,3
258,294.26205,3
259,366.00504,3
260,274.87613,3
261,293.90976,3
262,312.973,3
263,203.86917,3
264,245.01187,3
265,288.91684,3
266,286.4345,3
267,240.58348,3
268,398.97794,3
269,294.18024,3
270,219.93669,3
271,210.53554,3
272,257.70276,3
273,203.3688,3
274,238.1613,3
275,203.9621,3
276,350.97653,3
277,174.04042,3
278,338.64,3
279,214.61827,3
280,224.7016,3
281,326.2563,3
282,270.15765,3
283,324.04053,3
284,216.2505,3
285,241.91531,3
286,333.50925,3
287,336.5825,3
288,310.44278,3
289,228.21643,3
290,258.3641,3
291,274.9072,3
292,302.5529,3
293,287.71378,3
294,322.92218,3
295,209.30818,3
296,280.8328,3
297,308.81317,3
298,247.32634,3
299,403.0971,3
300,384.08908,3
301,406.16223,3
302,117.31765,3
303,162.15413,3
304,141.43639,3
305,203.2845,3
306,260.02365,3
307,126.06236,3
308,171.68062,3
309,329.50305,3
310,509.6086,3
311,155.72105,3
312,236.94261,3
313,175.38481,3
314,280.6263,3
315,349.64737,3
316,126.22749,3
317,296.06668,3
318,261.35892,3
319,363.3912,3
320,217.80644,4
321,104.68714,4
322,137.82469,4
323,115.95012,4
324,231.39479,4
325,146.09604,4
326,129.86159,4
327,137.3302,4
328,208.55803,4
329,56.036686,4
330,178.5818,4
331,145.71402,4
332,167.56662,4
333,189.89537,4
334,150.30437,4
335,111.50294,4
336,33.11773,4
337,278.9592,4
338,183.1727,4
339,125.516106,4
340,273.4636,4
341,95.16042,4
342,251.9423,4
343,107.34965,4
344,178.94475,4
345,116.21954,4
346,66.14106,4
347,133.80447,4
348,74.7411,4
349,93.46499,4
350,217.94695,4
351,147.04155,4
352,152.13686,4
353,89.30622,4
354,174.21642,4
355,177.47272,4
356,309.39334,4
357,161.87794,4
358,89.63552,4
359,153.66557,4
360,154.20021,4
361,185.56201,4
362,215.20396,4
363,27.778566,4
364,105.936,4
365,176.2375,4
366,270.47488,4
367,204.27579,4
368,110.377205,4
369,84.14096,4
370,162.04263,4
371,115.04857,4
372,60.934834,4
373,66.08387,4
374,310.52805,4
375,167.76108,4
376,85.63709,4
377,104.6598,4
378,182.8001,4
379,112.05773,4
380,185.69695,4
381,114.42628,4
382,122.01052,4
383,113.467606,4
384,171.37894,4
385,66.025986,4
386,157.45494,4
387,150.84259,4
388,110.634315,4
389,155.35841,4
390,213.24141,4
391,101.5034,4
392,130.24529,4
393,234.1888,4
394,138.78307,4
395,212.88014,4
396,176.84265,4
397,73.55006,4
398,196.58952,4
399,141.94618,4
400,272.54932,5
401,224.30045,5
402,271.08615,5
403,215.8184,5
404,287.2634,5
405,296.71848,5
406,296.064,5
407,150.33147,5
408,304.6308,5
409,153.1704,5
410,254.25941,5
411,242.2032,5
412,30.09763,5
413,169.26343,5
414,320.22684,5
415,152.0561,5
416,348.59854,5
417,290.9137,5
418,194.65324,5
419,247.20576,5
420,344.42087,5
421,332.09305,5
422,280.55096,5
423,340.34888,5
424,175.70085,5
425,111.94105,5
426,201.22798,5
427,404.12302,5
428,305.35077,5
429,266.4753,5
430,408.51837,5
431,229.71129,5
432,209.44159,5
433,247.77577,5
434,277.69138,5
435,270.06113,5
436,169.79115,5
437,241.86952,5
438,142.98517,5
439,93.24124,5
440,142.17929,5
441,350.51724,5
442,316.88156,5
443,184.70638,5
444,103.16636,5
445,206.82484,5
446,260.4789,5
447,294.17932,5
448,386.57138,5
449,172.21907,5
450,147.67583,5
451,130.8271,5
452,167.16106,5
453,253.04594,5
454,46.171795,5
455,189.98305,5
456,282.43936,5
457,316.4936,5
458,203.9671,5
459,255.7271,5
460,152.1773,5
461,349.08328,5
462,324.70053,5
463,259.32773,5
464,259.6621,5
465,150.5009,5
466,370.7017,5
467,217.98775,5
468,211.62117,5
469,339.61282,5
470,194.24013,5
471,271.19107,5
472,369.64072,5
473,216.17685,5
474,244.86607,5
475,264.3878,5
476,318.8765,5
477,167.6083,5
478,147.74364,5
479,251.59769,5
480,91.12997,6
481,121.16321,6
482,165.22557,6
483,162.16316,6
484,115.83359,6
485,204.4273,6
486,242.89607,6
487,294.40976,6
488,316.69507,6
489,247.28004,6
490,149.31921,6
491,109.75507,6
492,86.40818,6
493,180.09709,6
494,155.66463,6
495,189.06706,6
496,195.04358,6
497,212.83226,6
498,135.31253,6
499,295.88153,6
500,156.82732,6
501,135.48509,6
502,164.15291,6
503,150.47229,6
504,160.67702,6
505,280.8126,6
506,209.67424,6
507,193.89772,6
508,159.09892,6
509,309.63254,6
510,241.38257,6
511,166.70013,6
512,198.33736,6
513,213.0082,6
514,91.88422,6
515,120.78604,6
516,152.5636,6
517,98.025734,6
518,138.83838,6
519,128.5625,6
520,258.89066,6
521,184.77815,6
522,205.61485,6
523,277.4741,6
524,260.32605,6
525,185.62677,6
526,119.91787,6
527,167.88113,6
528,252.41718,6
529,125.306335,6
530,99.36508,6
531,117.60412,6
532,270.1299,6
533,76.83158,6
534,136.85019,6
535,155.28645,6
536,286.13794,6
537,276.97327,6
538,181.34062,6
539,173.2667,6
540,110.30608,6
541,136.61655,6
542,91.71538,6
543,137.19087,6
544,110.88763,6
545,119.40997,6
546,103.897804,6
547,108.62539,6
548,127.02439,6
549,152.53865,6
550,162.56848,6
551,146.99596,6
552,162.82756,6
553,167.92195,6
554,238.9929,6
555,216.92021,6
556,210.12617,6
557,239.25868,6
558,155.622,6
559,130.40903,6
560,201.37083,7
561,59.638626,7
562,36.863426,7
563,187.85736,7
564,215.93298,7
565,178.19325,7
566,284.2903,7
567,129.85051,7
568,209.46274,7
569,162.10896,7
570,265.38913,7
571,73.79523,7
572,125.93796,7
573,352.56424,7
574,52.980892,7
575,174.93413,7
576,174.6673,7
577,124.1401,7
578,144.08983,7
579,150.05995,7
580,82.44131,7
581,69.551315,7
582,147.33763,7
583,239.57845,7
584,183.85011,7
585,188.91783,7
586,209.87984,7
587,183.75725,7
588,101.01568,7
589,242.43822,7
590,346.59207,7
591,99.40471,7
592,181.98436,7
593,149.29605,7
594,162.81737,7
595,137.12744,7
596,254.49165,7
597,209.993,7
598,216.36461,7
599,274.7222,7
600,294.34653,7
601,90.232,7
602,179.30908,7
603,137.29214,7
604,128.23256,7
605,201.6537,7
606,181.94196,7
607,334.23962,7
608,133.8147,7
609,86.40032,7
610,186.667,7
611,251.28981,7
612,195.25356,7
613,203.0424,7
614,170.60287,7
615,70.601295,7
616,178.47804,7
617,184.71992,7
618,118.637505,7
619,207.77522,7
620,144.80333,7
621,143.69983,7
622,194.62297,7
623,78.070786,7
624,38.006504,7
625,326.90326,7
626,95.32251,7
627,104.49059,7
628,61.62991,7
629,164.04784,7
630,206.10744,7
631,63.612675,7
632,127.16776,7
633,100.95931,7
634,236.22957,7
635,174.24593,7
636,195.80046,7
637,206.8225,7
638,204.16966,7
639,96.66047,7
640,362.44458,8
641,242.05276,8
642,193.66434,8
643,94.4894,8
644,271.0258,8
645,76.28837,8
646,203.2389,8
647,117.32249,8
648,167.60085,8
649,164.49022,8
650,222.0875,8
651,182.98212,8
652,329.7356,8
653,375.11417,8
654,258.6409,8
655,225.67017,8
656,177.82219,8
657,197.30872,8
658,161.18425,8
659,354.1039,8
660,358.4486,8
661,142.69989,8
662,192.76735,8
663,284.46753,8
664,370.65887,8
665,114.78931,8
666,273.15845,8
667,110.21378,8
668,200.08528,8
669,315.78763,8
670,166.09969,8
671,130.86247,8
672,232.35619,8
673,237.29802,8
674,149.56024,8
675,200.77275,8
676,100.16298,8
677,149.14899,8
678,96.47247,8
679,245.81557,8
680,188.92465,8
681,203.00702,8
682,271.12524,8
683,288.07248,8
684,212.66693,8
685,186.30237,8
686,231.53093,8
687,318.07666,8
688,257.63104,8
689,122.0805,8
690,159.60951,8
691,264.1703,8
692,260.93512,8
693,284.4297,8
694,197.47444,8
695,133.67503,8
696,349.86002,8
697,127.422,8
698,108.12147,8
699,152.10175,8
700,258.7771,8
701,160.47266,8
702,176.65169,8
703,101.38987,8
704,257.8191,8
705,181.57227,8
706,187.07825,8
707,176.17918,8
708,138.00876,8
709,269.36197,8
710,148.9029,8
711,120.53731,8
712,181.93811,8
713,187.33714,8
714,130.99536,8
715,191.25987,8
716,248.2425,8
717,199.43987,8
718,227.7522,8
719,112.12893,8
720,153.62347,9
721,276.27023,9
722,190.30261,9
723,285.56415,9
724,116.43354,9
725,169.66685,9
726,133.68584,9
727,146.77896,9
728,143.84435,9
729,130.34451,9
730,169.69675,9
731,91.39171,9
732,245.7935,9
733,218.81595,9
734,144.52287,9
735,120.33872,9
736,117.30262,9
737,268.8586,9
738,194.67136,9
739,189.36491,9
740,192.52122,9
741,237.73862,9
742,149.27608,9
743,244.37627,9
744,193.76053,9
745,189.15688,9
746,102.26984,9
747,182.38457,9
748,75.796104,9
749,131.76915,9
750,122.66091,9
751,195.99005,9
752,306.9639,9
753,156.21484,9
754,370.32025,9
755,113.38044,9
756,152.01591,9
757,135.79068,9
758,221.72029,9
759,55.291325,9
760,162.1339,9
761,148.54112,9
762,163.85136,9
763,203.16484,9
764,217.87038,9
765,104.679634,9
766,144.22923,9
767,251.43472,9
768,111.65656,9
769,121.447586,9
770,226.21497,9
771,117.89491,9
772,248.83504,9
773,85.776855,9
774,166.85324,9
775,104.153534,9
776,236.54796,9
777,134.44716,9
778,175.98439,9
779,130.33183,9
780,336.1327,9
781,152.18481,9
782,39.84232,9
783,180.66766,9
784,138.22237,9
785,235.66809,9
786,184.41788,9
787,77.12713,9
788,120.23698,9
789,145.78062,9
790,157.02452,9
791,124.84853,9
792,220.8305,9
793,183.21527,9
794,183.00838,9
795,126.4916,9
796,198.92976,9
797,116.04417,9
798,200.11955,9
799,93.93045,9
