Image,Value,Label
0,323.93884,0
1,175.0414,0
2,160.67749,0
3,357.52112,0
4,322.66992,0
5,258.18317,0
6,331.51065,0
7,351.78363,0
8,274.10004,0
9,329.63443,0
10,336.25696,0
11,263.32617,0
12,355.2612,0
13,271.22467,0
14,236.24948,0
15,278.36084,0
16,277.75937,0
17,299.53326,0
18,314.74173,0
19,261.66925,0
20,446.9192,0
21,238.95633,0
22,391.62457,0
23,225.17853,0
24,331.91934,0
25,139.74544,0
26,230.84085,0
27,257.2567,0
28,358.73682,0
29,162.93787,0
30,308.6565,0
31,352.58957,0
32,137.47594,0
33,319.2243,0
34,426.19247,0
35,233.85463,0
36,176.38144,0
37,155.00012,0
38,355.41284,0
39,318.81592,0
40,207.97476,0
41,327.34338,0
42,502.6117,0
43,242.00223,0
44,300.41745,0
45,490.03333,0
46,446.83386,0
47,234.38837,0
48,170.37384,0
49,176.31961,0
50,203.72202,0
51,308.74023,0
52,181.27048,0
53,282.41815,0
54,188.34366,0
55,191.19205,0
56,335.88873,0
57,111.84631,0
58,418.26318,0
59,259.70007,0
60,258.86826,0
61,230.56601,0
62,230.2908,0
63,420.1246,0
64,337.67035,0
65,498.11902,0
66,268.05118,0
67,218.31793,0
68,189.73755,0
69,210.49579,0
70,369.0193,0
71,312.44708,0
72,236.23624,0
73,496.9572,0
74,317.98734,0
75,241.83441,0
76,372.59833,0
77,340.2113,0
78,212.49208,0
79,256.60687,0
80,151.84314,1
81,98.691895,1
82,178.8371,1
83,193.20856,1
84,143.90369,1
85,110.88982,1
86,147.38663,1
87,177.1322,1
88,185.18285,1
89,174.3023,1
90,114.34895,1
91,127.49851,1
92,142.72655,1
93,182.30151,1
94,183.43163,1
95,90.744705,1
96,175.39426,1
97,114.8693,1
98,133.36516,1
99,205.2036,1
100,147.66486,1
101,115.42612,1
102,205.30241,1
103,110.789215,1
104,125.40266,1
105,168.45288,1
106,175.71188,1
107,169.16916,1
108,140.9943,1
109,106.36389,1
110,173.59525,1
111,161.2591,1
112,158.39334,1
113,160.51453,1
114,147.438,1
115,84.98839,1
116,219.64246,1
117,117.63252,1
118,164.05717,1
119,113.69437,1
120,98.831245,1
121,171.59021,1
122,109.012695,1
123,159.72281,1
124,107.6634,1
125,110.95154,1
126,180.62039,1
127,88.05121,1
128,116.71692,1
129,122.93248,1
130,142.47842,1
131,122.44559,1
132,148.39755,1
133,129.39742,1
134,100.24035,1
135,91.174194,1
136,156.71284,1
137,124.39256,1
138,147.20987,1
139,199.31776,1
140,177.14095,1
141,129.6434,1
142,172.75876,1
143,120.87901,1
144,115.27763,1
145,153.8346,1
146,125.08928,1
147,126.04354,1
148,235.9031,1
149,151.22916,1
150,182.82486,1
151,178.8863,1
152,218.54276,1
153,162.87326,1
154,229.72371,1
155,145.98193,1
156,232.19925,1
157,127.52752,1
158,166.4711,1
159,195.8995,1
160,127.992836,2
161,255.00105,2
162,167.23828,2
163,192.906,2
164,205.19788,2
165,268.27277,2
166,246.55331,2
167,245.698,2
168,253.91989,2
169,198.80139,2
170,220.03976,2
171,249.04605,2
172,224.50627,2
173,254.56519,2
174,190.9498,2
175,350.67145,2
176,250.82458,2
177,249.7475,2
178,312.15662,2
179,319.00116,2
180,141.34866,2
181,325.83734,2
182,325.5162,2
183,249.32825,2
184,151.68573,2
185,240.31195,2
186,288.17352,2
187,194.00528,2
188,159.1174,2
189,175.3857,2
190,195.90921,2
191,239.83713,2
192,314.7426,2
193,238.12613,2
194,190.74503,2
195,176.76395,2
196,338.76993,2
197,275.86105,2
198,267.1355,2
199,367.05902,2
200,184.26837,2
201,259.77917,2
202,210.12689,2
203,296.26627,2
204,202.62527,2
205,130.32353,2
206,203.24347,2
207,429.7509,2
208,284.7222,2
209,306.09525,2
210,355.41486,2
211,347.91754,2
212,330.9004,2
213,295.4269,2
214,220.67828,2
215,267.77844,2
216,242.56186,2
217,161.35715,2
218,271.7964,2
219,329.2925,2
220,304.0708,2
221,389.995,2
222,213.62238,2
223,99.89947,2
224,213.55966,2
225,262.58643,2
226,377.1962,2
227,261.484,2
228,152.2781,2
229,153.95572,2
230,278.54022,2
231,256.34827,2
232,192.6368,2
233,331.8642,2
234,265.94318,2
235,218.34625,2
236,181.66794,2
237,202.28009,2
238,158.11693,2
239,244.94537,2
240,272.28595,3
241,244.10431,3
242,147.6114,3
243,142.81627,3
244,242.79784,3
245,159.06378,3
246,285.10797,3
247,128.9978,3
248,277.7713,3
249,169.53793,3
250,276.17258,3
251,195.11288,3
252,216.229,3
253,295.82617,3
254,201.86682,3
255,259.99158,3
256,150.99503,3
257,210.54974,3
258,253.42526,3
259,287.6992,3
260,195.66365,3
261,224.35703,3
262,243.771,3
263,197.57626,3
264,195.32306,3
265,172.90906,3
266,266.6928,3
267,271.08893,3
268,359.47687,3
269,208.49924,3
270,190.78978,3
271,211.6337,3
272,221.76526,3
273,187.80148,3
274,191.9844,3
275,192.84021,3
276,257.26508,3
277,138.67262,3
278,218.57178,3
279,271.15524,3
280,261.15582,3
281,230.16035,3
282,318.02905,3
283,180.55655,3
284,186.8461,3
285,202.26276,3
286,259.81946,3
287,297.97824,3
288,242.2616,3
289,376.86194,3
290,199.30305,3
291,236.0663,3
292,267.25867,3
293,240.90166,3
294,303.99817,3
295,357.6612,3
296,186.62347,3
297,209.76904,3
298,299.48065,3
299,332.65173,3
300,263.4946,3
301,364.24875,3
302,149.74188,3
303,167.37686,3
304,218.00964,3
305,179.05548,3
306,219.927,3
307,118.08934,3
308,139.39494,3
309,275.3953,3
310,328.17514,3
311,247.7157,3
312,225.39262,3
313,153.63484,3
314,203.18744,3
315,235.62723,3
316,125.08815,3
317,253.41377,3
318,217.44534,3
319,349.14728,3
320,350.17493,4
321,253.18597,4
322,244.05222,4
323,282.4067,4
324,334.95764,4
325,238.79306,4
326,303.07483,4
327,206.0893,4
328,336.563,4
329,200.60475,4
330,257.42767,4
331,287.44226,4
332,247.67581,4
333,281.5006,4
334,248.0419,4
335,211.29013,4
336,182.73325,4
337,410.26004,4
338,198.7702,4
339,285.15555,4
340,389.06326,4
341,152.289,4
342,385.95505,4
343,294.32812,4
344,297.9684,4
345,241.72806,4
346,203.78764,4
347,267.34113,4
348,173.41959,4
349,271.51187,4
350,311.8765,4
351,343.92035,4
352,244.09079,4
353,222.28812,4
354,304.63403,4
355,348.60727,4
356,491.97037,4
357,346.39017,4
358,254.1282,4
359,181.44395,4
360,267.36942,4
361,367.8114,4
362,308.79938,4
363,173.81085,4
364,306.9729,4
365,309.09048,4
366,466.45383,4
367,351.82294,4
368,191.72989,4
369,153.70651,4
370,218.0148,4
371,260.16492,4
372,161.83995,4
373,167.72464,4
374,413.47443,4
375,293.74567,4
376,258.95123,4
377,275.53455,4
378,310.0392,4
379,282.25873,4
380,352.27463,4
381,199.42029,4
382,241.0628,4
383,164.88605,4
384,373.5775,4
385,219.18085,4
386,239.12701,4
387,285.37015,4
388,289.82007,4
389,422.13318,4
390,335.4361,4
391,213.082,4
392,271.49896,4
393,347.0384,4
394,217.73535,4
395,334.7547,4
396,327.83777,4
397,196.26866,4
398,249.9697,4
399,323.39453,4
400,224.14337,5
401,59.82299,5
402,120.29195,5
403,196.24695,5
404,95.02849,5
405,181.71597,5
406,200.19699,5
407,177.01474,5
408,107.05829,5
409,308.79346,5
410,204.94028,5
411,122.360565,5
412,94.724075,5
413,136.46014,5
414,154.25745,5
415,169.53358,5
416,300.3367,5
417,323.31378,5
418,193.33456,5
419,157.28598,5
420,181.88535,5
421,224.58325,5
422,253.4008,5
423,137.051,5
424,164.15298,5
425,173.58066,5
426,184.59587,5
427,167.6016,5
428,198.05284,5
429,151.36618,5
430,221.9407,5
431,165.39058,5
432,176.1386,5
433,215.71863,5
434,164.4754,5
435,194.60788,5
436,200.82562,5
437,131.3443,5
438,149.82985,5
439,252.2092,5
440,114.34395,5
441,219.23367,5
442,186.49649,5
443,222.81213,5
444,185.57701,5
445,99.20328,5
446,165.8468,5
447,326.99524,5
448,228.31421,5
449,110.19703,5
450,98.07425,5
451,92.558876,5
452,95.29468,5
453,152.89589,5
454,187.18753,5
455,118.96295,5
456,172.96082,5
457,209.41414,5
458,138.28673,5
459,149.02502,5
460,73.06384,5
461,244.31908,5
462,240.16583,5
463,179.16388,5
464,152.9006,5
465,95.163475,5
466,132.01369,5
467,136.07361,5
468,100.34328,5
469,189.66852,5
470,150.54788,5
471,190.8475,5
472,141.06015,5
473,193.35188,5
474,102.82822,5
475,229.87123,5
476,185.71367,5
477,103.5712,5
478,165.29613,5
479,188.62912,5
480,148.16652,6
481,290.5105,6
482,167.65692,6
483,229.7416,6
484,110.056564,6
485,258.8645,6
486,250.2262,6
487,348.9159,6
488,413.4921,6
489,276.66672,6
490,205.17984,6
491,176.50562,6
492,214.90508,6
493,145.41771,6
494,255.89555,6
495,368.96973,6
496,367.44574,6
497,149.10785,6
498,216.59712,6
499,665.78375,6
500,186.22034,6
501,192.71002,6
502,163.50885,6
503,247.22592,6
504,228.81853,6
505,304.65945,6
506,323.48203,6
507,218.99338,6
508,352.77106,6
509,288.586,6
510,194.34793,6
511,188.8999,6
512,293.69614,6
513,195.64441,6
514,198.71759,6
515,142.98146,6
516,282.7227,6
517,166.07803,6
518,196.02475,6
519,111.714645,6
520,372.95728,6
521,174.74437,6
522,190.22218,6
523,235.60599,6
524,384.67953,6
525,138.56232,6
526,234.22993,6
527,162.82535,6
528,283.1453,6
529,193.91922,6
530,218.64664,6
531,288.00714,6
532,373.7488,6
533,148.8938,6
534,415.71863,6
535,278.62073,6
536,201.48004,6
537,230.72356,6
538,127.41194,6
539,277.7406,6
540,170.46243,6
541,123.73134,6
542,151.38528,6
543,249.6771,6
544,238.9634,6
545,133.62701,6
546,229.10138,6
547,251.61783,6
548,285.72028,6
549,187.74486,6
550,274.38672,6
551,298.52362,6
552,164.58716,6
553,272.47397,6
554,268.38403,6
555,201.47862,6
556,310.8545,6
557,390.30902,6
558,308.9578,6
559,209.29602,6
560,200.15872,7
561,117.81801,7
562,107.60625,7
563,205.27818,7
564,284.61664,7
565,217.00494,7
566,277.42487,7
567,159.6825,7
568,229.64603,7
569,211.63412,7
570,307.7293,7
571,169.03886,7
572,163.31642,7
573,301.24283,7
574,213.14624,7
575,129.86848,7
576,257.33203,7
577,160.7493,7
578,180.55206,7
579,144.03064,7
580,105.77875,7
581,112.920876,7
582,93.41402,7
583,205.18694,7
584,191.47977,7
585,185.69777,7
586,140.58267,7
587,211.56418,7
588,84.671135,7
589,298.11002,7
590,445.9745,7
591,76.03338,7
592,140.18591,7
593,386.41006,7
594,173.60684,7
595,249.85811,7
596,332.46826,7
597,381.8658,7
598,145.77847,7
599,220.03995,7
600,322.20508,7
601,154.94269,7
602,216.09766,7
603,148.16281,7
604,146.22136,7
605,183.03546,7
606,203.12985,7
607,369.59464,7
608,164.20546,7
609,105.5462,7
610,240.13329,7
611,220.71576,7
612,224.36026,7
613,146.76503,7
614,197.00995,7
615,80.98189,7
616,168.8677,7
617,176.56618,7
618,152.19934,7
619,440.9641,7
620,273.64664,7
621,144.35077,7
622,178.11105,7
623,165.47041,7
624,70.7425,7
625,282.42706,7
626,163.88055,7
627,101.02714,7
628,119.41437,7
629,124.3504,7
630,198.69864,7
631,86.40221,7
632,155.08292,7
633,166.01154,7
634,244.23126,7
635,149.0876,7
636,189.13657,7
637,118.708275,7
638,272.75214,7
639,160.95425,7
640,402.16592,8
641,172.09065,8
642,166.93192,8
643,213.7237,8
644,284.83478,8
645,125.047615,8
646,280.3506,8
647,163.77145,8
648,190.82426,8
649,148.103,8
650,236.9531,8
651,162.08055,8
652,268.15787,8
653,372.9665,8
654,236.70145,8
655,140.48206,8
656,177.24033,8
657,167.8424,8
658,116.17021,8
659,525.4023,8
660,392.46036,8
661,217.21385,8
662,206.70074,8
663,230.62856,8
664,482.89557,8
665,170.10522,8
666,335.1831,8
667,121.23435,8
668,186.91704,8
669,337.0769,8
670,203.35184,8
671,121.40906,8
672,308.55902,8
673,269.28632,8
674,222.06729,8
675,246.87311,8
676,135.33568,8
677,194.59015,8
678,148.80391,8
679,205.6966,8
680,283.0785,8
681,146.0032,8
682,263.6929,8
683,245.16446,8
684,266.5808,8
685,246.67738,8
686,281.13327,8
687,229.64809,8
688,167.39027,8
689,141.88548,8
690,206.57361,8
691,245.48839,8
692,221.18106,8
693,322.56085,8
694,194.1031,8
695,157.44437,8
696,359.8543,8
697,147.3591,8
698,197.94627,8
699,175.49988,8
700,270.4182,8
701,175.2676,8
702,162.41264,8
703,120.10933,8
704,272.41516,8
705,256.59943,8
706,305.98584,8
707,225.86325,8
708,158.91925,8
709,223.71362,8
710,169.31473,8
711,125.33195,8
712,255.09906,8
713,202.61537,8
714,155.65782,8
715,240.92517,8
716,207.62354,8
717,203.03235,8
718,126.871864,8
719,167.13425,8
720,192.69911,9
721,324.5874,9
722,273.31937,9
723,471.45996,9
724,232.70535,9
725,160.74857,9
726,207.6925,9
727,259.92444,9
728,226.06003,9
729,241.64381,9
730,274.9522,9
731,88.62508,9
732,291.46027,9
733,276.021,9
734,137.23883,9
735,198.38855,9
736,162.86055,9
737,345.91574,9
738,343.16675,9
739,284.36667,9
740,298.4309,9
741,266.51093,9
742,278.49323,9
743,241.23274,9
744,286.1524,9
745,342.47214,9
746,148.29752,9
747,180.7992,9
748,104.8524,9
749,188.31468,9
750,223.79987,9
751,230.85423,9
752,415.35034,9
753,217.98372,9
754,365.1484,9
755,201.97849,9
756,218.81117,9
757,160.31026,9
758,385.33917,9
759,117.8649,9
760,216.36737,9
761,218.23541,9
762,311.07077,9
763,207.03003,9
764,337.34564,9
765,251.38702,9
766,190.53574,9
767,292.2696,9
768,103.59593,9
769,164.51474,9
770,227.11583,9
771,153.64268,9
772,319.0251,9
773,178.99295,9
774,149.91327,9
775,115.82962,9
776,239.48859,9
777,146.43256,9
778,282.4505,9
779,166.19531,9
780,423.5641,9
781,256.16144,9
782,166.2608,9
783,226.03557,9
784,254.81819,9
785,295.87747,9
786,228.12317,9
787,108.656136,9
788,136.60121,9
789,195.28949,9
790,260.78952,9
791,231.72102,9
792,249.32672,9
793,265.72015,9
794,298.79498,9
795,226.74274,9
796,241.03876,9
797,147.90439,9
798,255.76274,9
799,132.99603,9
