Image,Value,Label
0,248.83505,0
1,90.60558,0
2,35.624542,0
3,172.2999,0
4,59.615852,0
5,86.09344,0
6,97.680115,0
7,207.9013,0
8,160.61377,0
9,124.29438,0
10,80.15334,0
11,120.12002,0
12,201.21759,0
13,196.4786,0
14,139.0599,0
15,72.09202,0
16,54.09262,0
17,177.75378,0
18,118.33044,0
19,98.70771,0
20,173.08276,0
21,101.41218,0
22,218.17049,0
23,86.52863,0
24,256.32623,0
25,102.24926,0
26,174.2973,0
27,117.39396,0
28,186.85114,0
29,74.65778,0
30,58.146812,0
31,170.64642,0
32,125.31593,0
33,176.88068,0
34,187.75613,0
35,68.0383,0
36,77.83913,0
37,43.410233,0
38,147.09285,0
39,93.79774,0
40,155.70084,0
41,144.48166,0
42,169.86768,0
43,86.53094,0
44,111.870674,0
45,182.27528,0
46,99.36158,0
47,172.69884,0
48,94.94044,0
49,99.78338,0
50,93.96873,0
51,120.33388,0
52,120.29576,0
53,99.04858,0
54,115.121475,0
55,135.96547,0
56,85.95301,0
57,76.43061,0
58,207.92873,0
59,75.26406,0
60,90.425964,0
61,189.4859,0
62,134.89108,0
63,284.23492,0
64,179.01814,0
65,270.9317,0
66,177.88036,0
67,177.14212,0
68,131.12787,0
69,160.97488,0
70,281.8949,0
71,155.92328,0
72,131.4625,0
73,121.98968,0
74,145.64252,0
75,187.45218,0
76,80.32311,0
77,96.617195,0
78,159.7058,0
79,141.13269,0
80,13.09473,1
81,13.638062,1
82,-33.126877,1
83,-56.116478,1
84,-9.132416,1
85,13.515274,1
86,-18.824219,1
87,-16.10582,1
88,-19.109947,1
89,31.691673,1
90,-16.060638,1
91,1.0878444,1
92,12.030758,1
93,19.527885,1
94,75.63184,1
95,-0.2997365,1
96,15.00251,1
97,22.818901,1
98,4.3698497,1
99,-9.851479,1
100,-5.949944,1
101,16.680515,1
102,34.29835,1
103,9.0066185,1
104,1.3951945,1
105,-16.223541,1
106,48.947033,1
107,22.469036,1
108,8.300667,1
109,62.18096,1
110,45.81717,1
111,-11.794769,1
112,21.497662,1
113,27.943268,1
114,41.82865,1
115,20.832485,1
116,-33.507736,1
117,2.4632106,1
118,16.508327,1
119,24.822475,1
120,12.0257,1
121,-34.183678,1
122,37.477127,1
123,-16.42656,1
124,25.48449,1
125,-4.1494985,1
126,-28.609413,1
127,37.54575,1
128,50.000656,1
129,-20.89804,1
130,20.426758,1
131,7.0196605,1
132,28.241455,1
133,13.590027,1
134,-10.572014,1
135,50.005035,1
136,2.350593,1
137,3.9434657,1
138,26.84631,1
139,-25.17913,1
140,-36.415154,1
141,-16.40052,1
142,35.04804,1
143,30.032394,1
144,31.762909,1
145,60.229385,1
146,10.358387,1
147,21.848244,1
148,-36.21749,1
149,39.308304,1
150,3.3223567,1
151,38.627575,1
152,51.56424,1
153,19.866505,1
154,-34.931664,1
155,38.387707,1
156,14.273659,1
157,1.3765864,1
158,-29.732979,1
159,-11.583099,1
160,48.53139,2
161,191.24057,2
162,120.812195,2
163,29.473211,2
164,69.97293,2
165,155.21945,2
166,115.76824,2
167,97.73295,2
168,116.06167,2
169,213.03214,2
170,210.94937,2
171,172.78818,2
172,139.67616,2
173,76.13002,2
174,73.213295,2
175,114.572556,2
176,141.27661,2
177,235.8306,2
178,180.02425,2
179,141.57207,2
180,-12.229858,2
181,222.77466,2
182,207.12315,2
183,126.201546,2
184,62.862206,2
185,150.94661,2
186,119.67132,2
187,22.242264,2
188,86.89136,2
189,54.79218,2
190,89.014786,2
191,86.221085,2
192,213.9638,2
193,133.04855,2
194,102.15749,2
195,-2.7353368,2
196,229.78348,2
197,25.93589,2
198,148.29422,2
199,216.81102,2
200,137.94838,2
201,47.757454,2
202,180.8492,2
203,123.257614,2
204,167.86215,2
205,78.231964,2
206,-3.143517,2
207,343.7569,2
208,133.59154,2
209,90.27436,2
210,148.28973,2
211,206.24847,2
212,158.984,2
213,160.17526,2
214,226.42316,2
215,178.80807,2
216,64.01301,2
217,43.002094,2
218,102.77777,2
219,220.12686,2
220,263.1341,2
221,302.74533,2
222,135.14906,2
223,50.768044,2
224,73.901695,2
225,194.6477,2
226,238.5596,2
227,87.645485,2
228,136.38344,2
229,95.440865,2
230,221.7422,2
231,49.744453,2
232,116.84559,2
233,202.24802,2
234,142.22049,2
235,183.3629,2
236,65.70045,2
237,79.7259,2
238,132.32977,2
239,73.92896,2
240,-39.923958,3
241,50.047554,3
242,-15.32233,3
243,-12.804794,3
244,-16.54757,3
245,16.10051,3
246,1.1865611,3
247,-19.59655,3
248,39.894665,3
249,8.2636795,3
250,-49.949623,3
251,-43.979614,3
252,-23.898354,3
253,-12.954735,3
254,25.351334,3
255,77.002205,3
256,5.263595,3
257,3.4117274,3
258,14.867546,3
259,20.89087,3
260,30.390087,3
261,-41.337105,3
262,-1.357285,3
263,-19.533455,3
264,67.980606,3
265,-18.360481,3
266,-22.392181,3
267,2.7404094,3
268,180.77571,3
269,-1.0626035,3
270,38.959488,3
271,20.884491,3
272,-29.035103,3
273,-18.812714,3
274,-54.899864,3
275,13.077408,3
276,15.700783,3
277,37.848957,3
278,5.5908046,3
279,-26.474815,3
280,13.99472,3
281,23.027832,3
282,41.39022,3
283,-98.4817,3
284,41.412376,3
285,49.616154,3
286,-67.451195,3
287,-69.684364,3
288,-22.975182,3
289,140.17487,3
290,-20.777328,3
291,44.554558,3
292,-5.502663,3
293,-20.954693,3
294,-3.292626,3
295,128.1662,3
296,-18.211525,3
297,7.2590594,3
298,-17.327995,3
299,75.27788,3
300,19.370209,3
301,-37.097115,3
302,25.835926,3
303,-44.656548,3
304,74.50068,3
305,-32.432426,3
306,-14.3990555,3
307,1.966476,3
308,-6.8562703,3
309,8.208305,3
310,-40.692955,3
311,5.61795,3
312,34.796257,3
313,13.433418,3
314,44.025276,3
315,36.2166,3
316,25.087097,3
317,63.7508,3
318,-5.048882,3
319,170.47423,3
320,68.14251,4
321,31.588333,4
322,-10.13485,4
323,79.50059,4
324,48.30522,4
325,-2.2062306,4
326,7.6629024,4
327,-15.217796,4
328,55.648216,4
329,49.699593,4
330,-2.6768956,4
331,84.09093,4
332,12.067581,4
333,37.409782,4
334,-11.279655,4
335,19.45568,4
336,18.420544,4
337,44.104195,4
338,-105.13177,4
339,36.563156,4
340,119.751366,4
341,-53.951714,4
342,15.429878,4
343,9.45723,4
344,-25.568016,4
345,-24.686897,4
346,49.58618,4
347,170.19034,4
348,-23.267815,4
349,57.67153,4
350,-47.91784,4
351,164.12637,4
352,-50.560066,4
353,73.283035,4
354,177.59474,4
355,54.29328,4
356,47.365593,4
357,15.560844,4
358,41.954742,4
359,19.138512,4
360,-5.777779,4
361,47.68638,4
362,15.907646,4
363,32.495823,4
364,81.9483,4
365,16.859406,4
366,97.28123,4
367,-9.925499,4
368,-64.7065,4
369,-8.605492,4
370,67.85676,4
371,12.336327,4
372,3.5859752,4
373,-56.713066,4
374,-63.324287,4
375,-50.02468,4
376,78.801834,4
377,15.628868,4
378,-18.751472,4
379,66.1902,4
380,19.820274,4
381,23.143745,4
382,7.1468883,4
383,-73.77745,4
384,77.72691,4
385,8.7291565,4
386,-72.719925,4
387,12.729103,4
388,53.34012,4
389,107.636314,4
390,83.30851,4
391,-58.05439,4
392,-27.842628,4
393,32.09017,4
394,28.033424,4
395,41.100792,4
396,17.041252,4
397,1.6639476,4
398,35.030075,4
399,48.61405,4
400,50.100998,5
401,-52.0296,5
402,-57.03994,5
403,2.6657023,5
404,-101.80125,5
405,2.7785487,5
406,-47.702217,5
407,-53.809563,5
408,-113.89787,5
409,71.78651,5
410,29.643799,5
411,-160.89108,5
412,26.492527,5
413,-77.45921,5
414,-68.14049,5
415,32.245354,5
416,153.55412,5
417,62.397995,5
418,-22.74134,5
419,-23.629166,5
420,-42.833405,5
421,15.038918,5
422,-29.969109,5
423,-163.92105,5
424,9.75634,5
425,26.397858,5
426,-49.682762,5
427,-160.96317,5
428,-103.91407,5
429,-90.851295,5
430,-94.80053,5
431,-103.38774,5
432,-3.0600362,5
433,52.49739,5
434,-71.523346,5
435,-25.44822,5
436,-38.194084,5
437,-124.39734,5
438,26.240593,5
439,54.99569,5
440,2.7042842,5
441,-63.84659,5
442,-91.516365,5
443,-40.280495,5
444,-79.63775,5
445,-28.975975,5
446,-94.950325,5
447,58.26329,5
448,-133.64714,5
449,-8.652298,5
450,-19.54837,5
451,11.307293,5
452,-95.73032,5
453,15.854141,5
454,7.1843333,5
455,-59.993965,5
456,79.22262,5
457,-25.471687,5
458,-65.685455,5
459,-103.758934,5
460,-35.73786,5
461,-44.96009,5
462,-26.819794,5
463,55.15445,5
464,-52.629448,5
465,-52.78534,5
466,-99.71835,5
467,-7.698632,5
468,-87.992615,5
469,-140.76593,5
470,-45.105118,5
471,25.878204,5
472,-82.1245,5
473,44.081863,5
474,-44.240334,5
475,-41.410225,5
476,-46.97843,5
477,22.864225,5
478,63.469284,5
479,3.0609813,5
480,66.3785,6
481,99.730515,6
482,68.267395,6
483,51.816277,6
484,9.511593,6
485,70.44462,6
486,115.82114,6
487,91.61209,6
488,126.87498,6
489,107.31611,6
490,117.18488,6
491,43.905342,6
492,129.54753,6
493,34.925808,6
494,136.16693,6
495,154.18504,6
496,124.7676,6
497,4.966636,6
498,110.0013,6
499,254.98994,6
500,90.40169,6
501,102.156105,6
502,41.071457,6
503,111.68856,6
504,48.465126,6
505,164.02826,6
506,145.00879,6
507,140.9502,6
508,106.63738,6
509,171.12158,6
510,82.43521,6
511,33.02491,6
512,146.411,6
513,88.66612,6
514,65.71254,6
515,82.15629,6
516,58.432114,6
517,32.15722,6
518,22.05716,6
519,-2.2617536,6
520,103.59088,6
521,9.370056,6
522,157.48532,6
523,107.77798,6
524,249.16074,6
525,48.535637,6
526,82.2233,6
527,56.01658,6
528,106.151115,6
529,82.8756,6
530,63.79664,6
531,132.83981,6
532,205.16113,6
533,-9.67588,6
534,183.35736,6
535,85.74903,6
536,117.433105,6
537,58.8575,6
538,25.668243,6
539,124.18487,6
540,124.01187,6
541,65.481804,6
542,54.177193,6
543,54.308754,6
544,132.40225,6
545,14.999355,6
546,4.2464824,6
547,154.74371,6
548,84.50258,6
549,79.53413,6
550,31.560791,6
551,160.5994,6
552,-4.2804875,6
553,79.6679,6
554,129.499,6
555,83.30244,6
556,46.564903,6
557,203.58441,6
558,184.90794,6
559,98.69702,6
560,-10.980141,7
561,-28.22927,7
562,-3.800095,7
563,-2.5302052,7
564,-43.42237,7
565,-35.665474,7
566,78.17016,7
567,-55.811485,7
568,-25.289314,7
569,47.736237,7
570,83.22584,7
571,-21.70665,7
572,4.2941203,7
573,-23.909508,7
574,41.76191,7
575,20.47612,7
576,-45.468742,7
577,57.488586,7
578,-54.568794,7
579,28.515244,7
580,34.10667,7
581,-33.417015,7
582,18.209442,7
583,-38.24701,7
584,20.871078,7
585,8.982468,7
586,30.800774,7
587,55.812637,7
588,-23.72015,7
589,-55.902794,7
590,-0.5394521,7
591,-1.8968511,7
592,-16.138908,7
593,114.587746,7
594,21.256866,7
595,58.90049,7
596,-68.83315,7
597,23.659737,7
598,15.583763,7
599,-18.719002,7
600,4.8638988,7
601,-8.77916,7
602,-4.2914968,7
603,-8.6777725,7
604,-22.208794,7
605,5.6030116,7
606,-60.363327,7
607,-44.520332,7
608,-67.94788,7
609,-52.298515,7
610,-12.928703,7
611,48.64025,7
612,26.194603,7
613,-6.957871,7
614,-59.262108,7
615,10.897984,7
616,-23.937408,7
617,23.86007,7
618,26.31223,7
619,-4.2342763,7
620,16.541267,7
621,-54.49804,7
622,-12.331238,7
623,5.031059,7
624,-10.316662,7
625,46.075287,7
626,23.687225,7
627,-21.428078,7
628,-48.720665,7
629,17.386658,7
630,-28.741127,7
631,-14.345139,7
632,-10.974876,7
633,-50.458366,7
634,-97.23043,7
635,2.476707,7
636,-25.844772,7
637,26.347473,7
638,153.03552,7
639,11.214165,7
640,-17.327568,8
641,-30.160782,8
642,-25.214188,8
643,11.435692,8
644,32.056778,8
645,-13.856071,8
646,29.864212,8
647,-14.240517,8
648,-59.605896,8
649,-45.832657,8
650,-28.052757,8
651,-26.80706,8
652,-4.5114675,8
653,89.82917,8
654,-13.471611,8
655,-132.67798,8
656,-36.268715,8
657,9.657116,8
658,17.481953,8
659,150.6293,8
660,-29.323067,8
661,50.006912,8
662,-8.810371,8
663,20.899162,8
664,22.418282,8
665,28.201202,8
666,-32.438316,8
667,-19.4063,8
668,7.0961833,8
669,-32.90023,8
670,9.060516,8
671,-31.082977,8
672,-14.10244,8
673,30.659477,8
674,30.494072,8
675,-61.40972,8
676,72.07092,8
677,-18.08979,8
678,-19.793808,8
679,-13.007446,8
680,-15.03344,8
681,0.8225131,8
682,11.43618,8
683,25.993614,8
684,1.8772655,8
685,-31.495155,8
686,23.056778,8
687,-55.58938,8
688,-41.068733,8
689,-5.1073003,8
690,-12.986595,8
691,-74.920616,8
692,-76.1755,8
693,-17.320366,8
694,-65.377556,8
695,18.243065,8
696,-45.27099,8
697,-45.179886,8
698,-29.271027,8
699,-77.770676,8
700,-8.79113,8
701,-22.013657,8
702,-28.62883,8
703,-1.2177815,8
704,10.446724,8
705,-55.312515,8
706,18.239113,8
707,-41.351204,8
708,-21.539825,8
709,-9.767502,8
710,-39.2471,8
711,-15.76313,8
712,-23.534874,8
713,11.405907,8
714,-72.097336,8
715,-35.50431,8
716,55.030975,8
717,21.513027,8
718,-22.300636,8
719,-19.703415,8
720,-56.45687,9
721,-133.67645,9
722,33.318687,9
723,-49.713875,9
724,48.340675,9
725,-69.29823,9
726,-63.633232,9
727,26.279213,9
728,4.6670604,9
729,29.042076,9
730,97.54847,9
731,-27.982101,9
732,39.195786,9
733,4.322227,9
734,-80.81405,9
735,-78.92756,9
736,-18.87593,9
737,31.86576,9
738,53.73938,9
739,-27.623917,9
740,-46.6921,9
741,6.1324534,9
742,86.30026,9
743,-43.55143,9
744,187.0588,9
745,122.52505,9
746,-3.2584462,9
747,-20.02272,9
748,-69.40035,9
749,-88.79844,9
750,-10.650482,9
751,-12.339821,9
752,-23.835,9
753,-83.11765,9
754,-50.56382,9
755,9.30529,9
756,-1.7383809,9
757,-34.50789,9
758,136.43222,9
759,7.9391246,9
760,-108.72611,9
761,8.31591,9
762,121.74567,9
763,-39.909447,9
764,9.787666,9
765,35.55744,9
766,-65.448166,9
767,-2.5788503,9
768,-87.526024,9
769,-75.83845,9
770,-76.497055,9
771,-104.4167,9
772,95.09295,9
773,-41.04962,9
774,-87.68161,9
775,-54.236732,9
776,-95.94839,9
777,-46.79325,9
778,77.42235,9
779,-19.763824,9
780,-1.493218,9
781,127.48141,9
782,-15.844933,9
783,-89.08863,9
784,31.578606,9
785,-5.980019,9
786,126.680374,9
787,-24.203972,9
788,-31.136559,9
789,-65.06254,9
790,79.31253,9
791,85.18441,9
792,-77.34112,9
793,21.293716,9
794,28.30812,9
795,27.634453,9
796,18.745857,9
797,-104.2959,9
798,-92.74627,9
799,-70.86231,9
