Image,Value,Label
0,57.456707,0
1,-6.214775,0
2,57.366295,0
3,85.135765,0
4,45.663677,0
5,31.991936,0
6,4.153797,0
7,56.91087,0
8,71.648895,0
9,66.32181,0
10,-27.454594,0
11,75.03246,0
12,117.04079,0
13,61.473316,0
14,87.343925,0
15,8.351604,0
16,15.291973,0
17,67.90932,0
18,79.88792,0
19,89.55544,0
20,136.72304,0
21,54.592987,0
22,37.63032,0
23,41.833847,0
24,32.890484,0
25,-20.13557,0
26,70.94783,0
27,18.775116,0
28,78.57394,0
29,34.396168,0
30,21.11478,0
31,-33.15073,0
32,31.055702,0
33,-8.739048,0
34,27.48019,0
35,104.67945,0
36,27.803661,0
37,90.39011,0
38,33.843594,0
39,0.083465405,0
40,42.531406,0
41,69.27207,0
42,103.24889,0
43,6.783592,0
44,30.260483,0
45,4.003948,0
46,26.622929,0
47,77.96771,0
48,-54.317738,0
49,-34.995625,0
50,111.10668,0
51,26.349705,0
52,-6.8024025,0
53,66.41782,0
54,69.739204,0
55,55.346313,0
56,78.31597,0
57,7.5143623,0
58,95.810196,0
59,10.953606,0
60,26.944096,0
61,15.899685,0
62,39.682377,0
63,-1.0283395,0
64,0.49317533,0
65,20.145962,0
66,61.17181,0
67,26.401646,0
68,4.54694,0
69,34.091526,0
70,-13.987202,0
71,51.52194,0
72,84.50932,0
73,42.229015,0
74,48.65414,0
75,30.53376,0
76,40.14076,0
77,98.819435,0
78,57.122524,0
79,51.48798,0
80,12.9809265,1
81,-28.885574,1
82,21.14227,1
83,37.67928,1
84,7.412163,1
85,-12.492424,1
86,25.23904,1
87,28.849287,1
88,47.467167,1
89,-14.813553,1
90,2.7562673,1
91,12.022526,1
92,-35.716965,1
93,3.7797735,1
94,-11.120747,1
95,15.922043,1
96,42.740444,1
97,-13.54001,1
98,18.6986,1
99,32.018333,1
100,36.401787,1
101,0.26039106,1
102,-6.4848404,1
103,15.881554,1
104,-6.087797,1
105,34.460842,1
106,-32.593937,1
107,15.926846,1
108,-3.387009,1
109,-16.00844,1
110,-24.77377,1
111,34.419975,1
112,8.097334,1
113,-23.349943,1
114,9.302904,1
115,15.802151,1
116,37.148308,1
117,20.128113,1
118,-13.304073,1
119,-6.624817,1
120,17.726322,1
121,45.117985,1
122,-21.560722,1
123,17.516445,1
124,-33.335503,1
125,6.5321884,1
126,30.756414,1
127,0.38045484,1
128,5.5511475,1
129,30.415562,1
130,16.983273,1
131,18.23975,1
132,46.314674,1
133,8.908958,1
134,16.90337,1
135,-0.74978274,1
136,10.913506,1
137,-7.789379,1
138,21.526367,1
139,34.900017,1
140,23.88928,1
141,-1.7236406,1
142,-35.274883,1
143,-6.8879395,1
144,-11.451071,1
145,-24.57003,1
146,11.403488,1
147,2.773317,1
148,28.259369,1
149,6.734638,1
150,-3.4870894,1
151,-27.264875,1
152,65.43802,1
153,-8.350233,1
154,35.76048,1
155,6.393137,1
156,-60.914524,1
157,1.9026488,1
158,36.379356,1
159,28.62011,1
160,19.352715,2
161,-90.55823,2
162,9.036747,2
163,27.625103,2
164,54.38034,2
165,-8.2525215,2
166,-72.36901,2
167,19.889996,2
168,-77.7341,2
169,-112.19451,2
170,-29.876041,2
171,-85.60427,2
172,5.0958366,2
173,-4.282112,2
174,18.74992,2
175,-20.236134,2
176,-91.34157,2
177,-68.73319,2
178,32.775173,2
179,-0.32873935,2
180,-44.219116,2
181,-75.79876,2
182,-14.259388,2
183,-21.12157,2
184,2.525524,2
185,46.677197,2
186,-30.680717,2
187,51.768387,2
188,-31.588634,2
189,-43.941605,2
190,2.2963216,2
191,-32.474968,2
192,-65.68992,2
193,53.38145,2
194,-54.7092,2
195,-4.5070496,2
196,-19.11884,2
197,46.486492,2
198,-43.443974,2
199,58.03538,2
200,22.00328,2
201,20.515255,2
202,-95.53763,2
203,54.712948,2
204,-64.28724,2
205,-75.93851,2
206,-31.532131,2
207,-37.353657,2
208,-44.742306,2
209,-87.478325,2
210,-66.00416,2
211,-25.799915,2
212,90.3758,2
213,-81.411316,2
214,-37.296635,2
215,-48.559116,2
216,51.49717,2
217,-36.582222,2
218,47.09199,2
219,36.756878,2
220,-24.804585,2
221,-58.01563,2
222,40.163918,2
223,19.788855,2
224,-3.7007678,2
225,28.076443,2
226,-76.60616,2
227,-14.76976,2
228,24.739216,2
229,33.184128,2
230,-16.162266,2
231,-34.924404,2
232,-41.202084,2
233,59.09991,2
234,45.96301,2
235,7.033169,2
236,-18.753359,2
237,31.012169,2
238,-16.715107,2
239,-56.939625,2
240,56.287598,3
241,56.682716,3
242,5.152092,3
243,26.361244,3
244,67.54077,3
245,48.36225,3
246,80.48785,3
247,46.704525,3
248,59.083332,3
249,17.964207,3
250,19.714062,3
251,59.212715,3
252,121.35648,3
253,27.646698,3
254,8.1806755,3
255,73.23843,3
256,46.706688,3
257,35.87974,3
258,47.368786,3
259,122.4347,3
260,40.198742,3
261,34.788464,3
262,48.484295,3
263,64.07533,3
264,73.763145,3
265,20.158234,3
266,55.02502,3
267,52.117542,3
268,42.19726,3
269,58.7757,3
270,24.333942,3
271,22.11549,3
272,31.82262,3
273,55.34708,3
274,103.19894,3
275,38.496147,3
276,24.779095,3
277,16.94122,3
278,74.4653,3
279,36.126713,3
280,32.960316,3
281,71.83292,3
282,37.71658,3
283,39.40392,3
284,3.1476858,3
285,65.31393,3
286,40.63978,3
287,103.97802,3
288,81.882866,3
289,-41.60796,3
290,35.551983,3
291,83.021614,3
292,74.11622,3
293,61.555355,3
294,87.98848,3
295,-59.171734,3
296,85.637115,3
297,11.754765,3
298,-1.1995355,3
299,88.644264,3
300,105.55045,3
301,85.870155,3
302,17.427494,3
303,61.87129,3
304,-12.281506,3
305,47.962334,3
306,72.92021,3
307,8.055674,3
308,46.67542,3
309,116.80814,3
310,173.59898,3
311,-8.494034,3
312,77.07513,3
313,34.239677,3
314,35.304745,3
315,107.40246,3
316,32.915497,3
317,-15.472286,3
318,44.279026,3
319,42.350384,3
320,27.33099,4
321,-19.12711,4
322,8.938183,4
323,-52.204823,4
324,15.455044,4
325,63.355164,4
326,-13.611561,4
327,21.506554,4
328,-64.47112,4
329,7.8890076,4
330,12.172314,4
331,2.5862386,4
332,35.173004,4
333,31.617107,4
334,12.604744,4
335,-15.993668,4
336,-15.321407,4
337,47.89094,4
338,41.128254,4
339,-3.0012476,4
340,18.405636,4
341,20.199797,4
342,23.664265,4
343,-0.25408572,4
344,-1.8481866,4
345,67.09104,4
346,-45.053844,4
347,-54.573673,4
348,5.743143,4
349,-39.541397,4
350,-13.408489,4
351,-153.08655,4
352,63.943073,4
353,1.3691825,4
354,-42.829594,4
355,-7.2679787,4
356,-26.172634,4
357,-32.83121,4
358,20.868938,4
359,36.414536,4
360,30.886765,4
361,32.560238,4
362,-14.151569,4
363,-29.069597,4
364,-92.11415,4
365,-18.957188,4
366,-36.864185,4
367,-5.00391,4
368,28.901585,4
369,35.111095,4
370,1.9261054,4
371,14.199909,4
372,-19.19991,4
373,12.94968,4
374,37.39806,4
375,36.579754,4
376,-4.121296,4
377,-19.442802,4
378,25.136242,4
379,11.65012,4
380,38.288685,4
381,12.771137,4
382,5.0086155,4
383,5.9162064,4
384,21.523365,4
385,-13.034599,4
386,2.7106664,4
387,-4.481968,4
388,21.439137,4
389,3.0099294,4
390,6.0803795,4
391,8.769356,4
392,46.41816,4
393,-4.392727,4
394,-36.949665,4
395,-6.8202324,4
396,49.23521,4
397,-6.8455544,4
398,53.117615,4
399,-21.52776,4
400,50.266254,5
401,31.496113,5
402,120.00506,5
403,72.94978,5
404,82.63107,5
405,71.63283,5
406,105.0429,5
407,-54.392704,5
408,142.1498,5
409,7.946972,5
410,86.12371,5
411,101.21957,5
412,19.055151,5
413,66.4661,5
414,91.585785,5
415,49.558872,5
416,6.2429314,5
417,96.682076,5
418,101.488846,5
419,58.561916,5
420,159.88255,5
421,86.29488,5
422,123.81907,5
423,145.3254,5
424,25.015327,5
425,50.8834,5
426,90.95715,5
427,79.842094,5
428,39.680523,5
429,24.97842,5
430,84.3947,5
431,34.664192,5
432,3.742542,5
433,27.109463,5
434,53.056885,5
435,49.603153,5
436,36.692852,5
437,82.13616,5
438,92.80533,5
439,-22.218235,5
440,98.47645,5
441,37.467754,5
442,92.21068,5
443,28.607185,5
444,82.112,5
445,72.452934,5
446,154.00414,5
447,14.505245,5
448,123.64272,5
449,29.648865,5
450,99.766594,5
451,-22.09872,5
452,71.4743,5
453,22.05563,5
454,-25.78072,5
455,70.491,5
456,71.4197,5
457,57.16956,5
458,50.038246,5
459,103.881294,5
460,30.39779,5
461,70.475815,5
462,57.26891,5
463,58.681873,5
464,104.606224,5
465,59.77631,5
466,143.76527,5
467,98.91545,5
468,24.779682,5
469,79.50537,5
470,55.76546,5
471,61.479717,5
472,73.77757,5
473,58.097507,5
474,51.043816,5
475,105.563515,5
476,81.0085,5
477,24.513172,5
478,-24.805264,5
479,-12.802555,5
480,-5.244541,6
481,40.72212,6
482,4.2955437,6
483,23.195179,6
484,29.58712,6
485,58.461544,6
486,19.499737,6
487,13.646084,6
488,26.809444,6
489,45.37562,6
490,23.6133,6
491,24.163277,6
492,-74.1653,6
493,25.711483,6
494,25.62022,6
495,-74.69652,6
496,-23.152119,6
497,49.74307,6
498,39.674778,6
499,-50.66602,6
500,9.206158,6
501,15.915997,6
502,34.73697,6
503,16.756443,6
504,16.429958,6
505,78.80744,6
506,24.915173,6
507,-3.7181284,6
508,11.998211,6
509,8.480404,6
510,44.38338,6
511,-1.1313058,6
512,31.28336,6
513,2.515087,6
514,5.7775154,6
515,-13.499966,6
516,-36.324497,6
517,16.958065,6
518,23.774738,6
519,27.724482,6
520,9.125683,6
521,32.50388,6
522,37.2569,6
523,22.125622,6
524,-61.51238,6
525,41.963696,6
526,8.491268,6
527,42.360767,6
528,52.82864,6
529,27.149761,6
530,-23.738102,6
531,-54.33147,6
532,13.516994,6
533,2.5845754,6
534,-36.94109,6
535,-13.799488,6
536,81.772995,6
537,35.838634,6
538,29.304585,6
539,-9.191074,6
540,28.64426,6
541,23.199932,6
542,-32.79866,6
543,17.275074,6
544,-25.563305,6
545,27.723534,6
546,-20.120869,6
547,-10.529896,6
548,-72.9977,6
549,-9.884838,6
550,-32.709507,6
551,-72.51106,6
552,30.396214,6
553,22.81982,6
554,4.654232,6
555,17.454998,6
556,34.793133,6
557,-54.731205,6
558,6.8815117,6
559,-21.257298,6
560,2.774204,7
561,69.08052,7
562,7.0986366,7
563,38.602726,7
564,27.180874,7
565,65.83509,7
566,61.527317,7
567,6.946903,7
568,-17.852638,7
569,-6.2658577,7
570,44.675312,7
571,-0.7268984,7
572,67.89242,7
573,18.952114,7
574,-25.930756,7
575,55.701702,7
576,3.632839,7
577,37.024574,7
578,32.944523,7
579,63.04209,7
580,44.42695,7
581,-6.9701385,7
582,28.347107,7
583,5.6172523,7
584,-25.417847,7
585,-41.99159,7
586,36.251896,7
587,0.94640714,7
588,25.559193,7
589,46.349895,7
590,-11.424091,7
591,32.935192,7
592,42.03823,7
593,31.532452,7
594,39.05843,7
595,-43.222767,7
596,3.8174322,7
597,4.8106346,7
598,33.466835,7
599,8.678539,7
600,60.95097,7
601,44.094803,7
602,68.31995,7
603,65.949036,7
604,78.38328,7
605,18.33184,7
606,3.0110052,7
607,-2.9237635,7
608,4.049591,7
609,26.84766,7
610,76.804535,7
611,20.28388,7
612,-18.734451,7
613,33.33301,7
614,-15.959705,7
615,12.078221,7
616,45.903183,7
617,60.907024,7
618,46.919403,7
619,-14.7093315,7
620,11.2077675,7
621,44.12842,7
622,6.688389,7
623,-1.7920343,7
624,-7.4653454,7
625,42.04388,7
626,26.063595,7
627,5.9154587,7
628,15.478558,7
629,4.0098343,7
630,11.511433,7
631,50.581738,7
632,36.197697,7
633,56.789417,7
634,-8.478649,7
635,11.631992,7
636,32.904667,7
637,-6.666584,7
638,17.911945,7
639,12.08416,7
640,62.10461,8
641,52.116276,8
642,44.450428,8
643,36.325096,8
644,61.528423,8
645,7.457102,8
646,10.240772,8
647,8.272564,8
648,57.201283,8
649,9.41074,8
650,23.553547,8
651,60.446186,8
652,66.78507,8
653,25.39175,8
654,13.016369,8
655,94.92462,8
656,46.908733,8
657,33.718616,8
658,-4.8537636,8
659,102.8283,8
660,43.893192,8
661,11.922382,8
662,13.552952,8
663,51.663303,8
664,75.64582,8
665,45.17111,8
666,141.70259,8
667,-26.132175,8
668,51.55966,8
669,45.379223,8
670,-15.112537,8
671,14.436604,8
672,24.97932,8
673,66.945816,8
674,52.01603,8
675,27.496128,8
676,65.012535,8
677,55.602966,8
678,19.845734,8
679,44.578014,8
680,26.799404,8
681,26.554638,8
682,35.292187,8
683,74.488625,8
684,48.621044,8
685,58.11729,8
686,-34.090168,8
687,137.29503,8
688,52.26108,8
689,23.328316,8
690,57.642155,8
691,15.182018,8
692,-3.1589472,8
693,79.474525,8
694,47.69573,8
695,44.93299,8
696,18.054226,8
697,31.55035,8
698,26.917385,8
699,80.98374,8
700,54.564663,8
701,38.72393,8
702,48.113163,8
703,14.570534,8
704,47.279247,8
705,68.8774,8
706,65.607956,8
707,25.44624,8
708,31.092289,8
709,75.16809,8
710,44.523815,8
711,21.895287,8
712,62.515583,8
713,52.69614,8
714,53.856724,8
715,42.142056,8
716,73.974434,8
717,34.065685,8
718,86.68692,8
719,31.538403,8
720,28.178616,9
721,67.18441,9
722,32.034977,9
723,26.741604,9
724,-26.099148,9
725,22.432621,9
726,16.365871,9
727,20.286976,9
728,-2.4840891,9
729,47.051456,9
730,-26.759922,9
731,36.75166,9
732,23.321964,9
733,65.43371,9
734,45.208965,9
735,50.280266,9
736,18.69524,9
737,31.030224,9
738,-19.429295,9
739,38.578403,9
740,87.0864,9
741,65.13657,9
742,-45.96623,9
743,88.55092,9
744,-47.965923,9
745,-23.298374,9
746,7.084263,9
747,5.4700127,9
748,17.499653,9
749,48.59599,9
750,16.981945,9
751,30.466053,9
752,7.4037895,9
753,57.98302,9
754,41.822613,9
755,-7.157902,9
756,-11.748943,9
757,20.545048,9
758,-22.866825,9
759,-9.430645,9
760,45.129818,9
761,30.568523,9
762,-52.338245,9
763,35.43991,9
764,19.834011,9
765,-6.9804573,9
766,61.977478,9
767,49.89191,9
768,40.67428,9
769,29.510883,9
770,37.97938,9
771,19.503105,9
772,10.886745,9
773,13.779037,9
774,7.7869987,9
775,14.160904,9
776,31.253384,9
777,29.347656,9
778,3.8130758,9
779,37.59912,9
780,77.3139,9
781,-53.424625,9
782,-15.353977,9
783,38.704365,9
784,-8.005627,9
785,68.42804,9
786,-8.9643135,9
787,4.8946915,9
788,38.476883,9
789,29.64642,9
790,-22.718662,9
791,-39.63647,9
792,44.85124,9
793,-31.330845,9
794,38.191723,9
795,26.094776,9
796,44.496456,9
797,2.18906,9
798,75.28492,9
799,54.724064,9
