Image,Value,Label
0,36.16397,0
1,4.013022,0
2,-42.437366,0
3,45.60849,0
4,3.4249136,0
5,-13.998861,0
6,44.36528,0
7,8.119865,0
8,30.334936,0
9,49.823814,0
10,33.80567,0
11,8.789529,0
12,8.447823,0
13,-12.358194,0
14,36.09534,0
15,-29.67509,0
16,14.0224285,0
17,-13.267714,0
18,35.791817,0
19,48.148575,0
20,54.297302,0
21,-9.60747,0
22,18.692093,0
23,-32.938927,0
24,33.390175,0
25,-20.418484,0
26,14.883944,0
27,-7.6139064,0
28,-6.3623004,0
29,65.83754,0
30,-11.292444,0
31,-46.662117,0
32,11.687078,0
33,-43.141823,0
34,15.257309,0
35,-17.400995,0
36,-1.6132734,0
37,17.251036,0
38,-11.483049,0
39,2.598364,0
40,2.7861788,0
41,-12.235212,0
42,40.37661,0
43,18.054747,0
44,-40.603558,0
45,43.081184,0
46,45.48143,0
47,-5.2097898,0
48,-20.351006,0
49,-9.053225,0
50,-16.82351,0
51,-2.3390214,0
52,-7.0515647,0
53,-59.3785,0
54,55.214836,0
55,-13.586821,0
56,11.92173,0
57,8.727638,0
58,-0.21951836,0
59,17.253408,0
60,17.071033,0
61,-27.689314,0
62,-6.350018,0
63,-20.020191,0
64,17.64865,0
65,48.267727,0
66,20.459309,0
67,-61.74109,0
68,-12.600353,0
69,-27.468384,0
70,-28.748518,0
71,-38.365437,0
72,-10.784458,0
73,31.814505,0
74,-0.9955365,0
75,-17.804152,0
76,33.7118,0
77,58.256943,0
78,118.61908,0
79,20.122328,0
80,68.812546,1
81,16.774332,1
82,111.09281,1
83,100.00197,1
84,84.65071,1
85,36.997337,1
86,90.20222,1
87,94.35881,1
88,112.32692,1
89,4.08771,1
90,73.51521,1
91,65.772606,1
92,17.89012,1
93,59.083176,1
94,21.615908,1
95,60.788918,1
96,101.805176,1
97,48.07056,1
98,63.385906,1
99,114.92981,1
100,91.75848,1
101,49.721336,1
102,16.361502,1
103,54.182583,1
104,66.25788,1
105,109.86807,1
106,-7.430677,1
107,59.780888,1
108,61.701057,1
109,19.416414,1
110,-1.0011537,1
111,111.318726,1
112,73.59536,1
113,25.595995,1
114,53.074116,1
115,25.205526,1
116,126.84019,1
117,71.13834,1
118,35.487946,1
119,47.873993,1
120,39.21513,1
121,102.48948,1
122,18.458958,1
123,81.53085,1
124,9.136425,1
125,52.54638,1
126,82.19483,1
127,17.96141,1
128,20.686728,1
129,74.32097,1
130,74.4421,1
131,81.35907,1
132,70.48245,1
133,66.659966,1
134,43.52264,1
135,22.808332,1
136,84.01525,1
137,51.67773,1
138,51.997757,1
139,108.21505,1
140,104.56966,1
141,63.25965,1
142,8.284555,1
143,24.585318,1
144,-7.267595,1
145,24.58338,1
146,50.292645,1
147,36.620815,1
148,127.81563,1
149,29.860365,1
150,38.741665,1
151,6.986098,1
152,124.88296,1
153,39.794926,1
154,132.6435,1
155,44.120216,1
156,-16.860785,1
157,65.80039,1
158,93.38714,1
159,126.49891,1
160,32.50679,2
161,44.888466,2
162,49.430656,2
163,24.1071,2
164,92.82916,2
165,28.023226,2
166,83.95208,2
167,90.94133,2
168,45.54154,2
169,-39.97017,2
170,15.68054,2
171,63.16903,2
172,102.43377,2
173,82.45785,2
174,41.03597,2
175,31.856134,2
176,21.648796,2
177,38.987797,2
178,174.13498,2
179,182.51666,2
180,30.181778,2
181,37.935818,2
182,36.26173,2
183,22.653662,2
184,82.29672,2
185,93.27083,2
186,8.2570095,2
187,121.74634,2
188,0.33130008,2
189,48.660225,2
190,83.764755,2
191,22.816168,2
192,10.182795,2
193,81.81143,2
194,39.222664,2
195,99.626434,2
196,81.589554,2
197,199.80681,2
198,83.39491,2
199,59.87011,2
200,34.16459,2
201,53.921432,2
202,-8.6806755,2
203,32.177338,2
204,47.14434,2
205,18.97726,2
206,30.720306,2
207,96.26588,2
208,107.63966,2
209,-51.900948,2
210,8.4563465,2
211,40.341232,2
212,117.56439,2
213,-36.543594,2
214,60.905334,2
215,34.30394,2
216,107.8103,2
217,121.23261,2
218,152.14723,2
219,20.580729,2
220,59.607975,2
221,51.33113,2
222,84.99929,2
223,54.110817,2
224,21.61121,2
225,22.088686,2
226,76.13016,2
227,13.770063,2
228,68.44328,2
229,9.263681,2
230,28.990286,2
231,15.042376,2
232,72.72511,2
233,129.01315,2
234,129.82716,2
235,78.60703,2
236,7.725426,2
237,82.60057,2
238,-4.325931,2
239,62.718468,2
240,126.42575,3
241,100.53667,3
242,47.158306,3
243,85.82793,3
244,79.77723,3
245,44.34232,3
246,104.54044,3
247,149.73956,3
248,107.96876,3
249,54.641014,3
250,126.382416,3
251,98.92934,3
252,139.69992,3
253,82.58343,3
254,99.026535,3
255,97.60732,3
256,65.87421,3
257,120.7168,3
258,143.33394,3
259,94.96394,3
260,35.436813,3
261,74.93334,3
262,103.881134,3
263,89.61796,3
264,99.83569,3
265,121.63681,3
266,86.61785,3
267,93.127045,3
268,86.02022,3
269,147.16144,3
270,69.15864,3
271,105.757,3
272,72.80795,3
273,81.806015,3
274,137.0655,3
275,5.533793,3
276,136.06119,3
277,72.37483,3
278,139.51613,3
279,76.4148,3
280,80.471146,3
281,115.64223,3
282,139.25967,3
283,149.7085,3
284,107.513916,3
285,134.80122,3
286,164.10303,3
287,77.879364,3
288,138.70616,3
289,29.602594,3
290,66.54715,3
291,45.45259,3
292,106.76772,3
293,82.25857,3
294,112.91957,3
295,111.65082,3
296,126.92557,3
297,109.49931,3
298,130.29158,3
299,199.46494,3
300,123.409775,3
301,150.74886,3
302,29.792915,3
303,69.80498,3
304,111.08044,3
305,82.98303,3
306,125.47148,3
307,21.024923,3
308,88.23325,3
309,110.67001,3
310,174.32362,3
311,95.38712,3
312,72.22969,3
313,83.28433,3
314,109.94444,3
315,102.17776,3
316,32.939915,3
317,122.507675,3
318,60.98505,3
319,138.37177,3
320,32.395565,4
321,36.453857,4
322,56.82055,4
323,1.7575095,4
324,16.277483,4
325,33.62021,4
326,86.03508,4
327,29.733236,4
328,2.1787932,4
329,23.604418,4
330,24.008196,4
331,32.773575,4
332,55.41395,4
333,-4.738483,4
334,64.85377,4
335,24.093412,4
336,32.01903,4
337,86.665886,4
338,43.520847,4
339,44.29834,4
340,-23.145922,4
341,61.706543,4
342,38.652832,4
343,46.482727,4
344,50.27849,4
345,40.03888,4
346,-2.455633,4
347,-14.705238,4
348,5.1177125,4
349,16.485247,4
350,65.5571,4
351,2.9588435,4
352,64.17431,4
353,-2.954355,4
354,-17.791151,4
355,8.927408,4
356,102.58034,4
357,-7.363771,4
358,43.13005,4
359,29.030342,4
360,79.40976,4
361,38.964172,4
362,73.422134,4
363,-25.859497,4
364,-9.414431,4
365,21.184563,4
366,31.05073,4
367,32.16051,4
368,8.603643,4
369,-4.5315185,4
370,24.911076,4
371,36.840904,4
372,27.381647,4
373,71.94007,4
374,55.150574,4
375,123.78774,4
376,35.644127,4
377,9.521845,4
378,78.05546,4
379,22.60694,4
380,90.58116,4
381,37.027687,4
382,42.32248,4
383,88.59842,4
384,25.193644,4
385,-25.92684,4
386,92.69171,4
387,3.6946242,4
388,37.263424,4
389,-34.663437,4
390,16.196342,4
391,85.203995,4
392,85.32364,4
393,26.05356,4
394,46.22223,4
395,-3.2277772,4
396,80.991844,4
397,-40.961994,4
398,4.9319015,4
399,29.95731,4
400,143.65588,5
401,-1.1335123,5
402,9.993132,5
403,38.835114,5
404,-2.3254793,5
405,90.10887,5
406,28.007143,5
407,13.635241,5
408,5.7982774,5
409,19.118952,5
410,68.958885,5
411,47.13332,5
412,-8.298754,5
413,52.28645,5
414,64.98979,5
415,11.6129055,5
416,20.344145,5
417,41.87861,5
418,17.169523,5
419,107.83947,5
420,15.559103,5
421,88.40794,5
422,-11.917612,5
423,38.821026,5
424,34.55227,5
425,-27.359003,5
426,28.295683,5
427,43.725662,5
428,52.101807,5
429,56.613083,5
430,84.36482,5
431,52.467842,5
432,-14.380711,5
433,68.02774,5
434,46.01467,5
435,47.490616,5
436,56.06258,5
437,33.69876,5
438,42.417572,5
439,-9.30792,5
440,-27.22146,5
441,-8.596754,5
442,35.371372,5
443,61.3788,5
444,39.15549,5
445,13.527849,5
446,18.01589,5
447,113.193115,5
448,61.91967,5
449,-10.687815,5
450,-22.94187,5
451,24.036188,5
452,60.89643,5
453,24.844515,5
454,-3.9710062,5
455,-7.180696,5
456,76.101524,5
457,124.39638,5
458,49.281704,5
459,52.32662,5
460,25.429672,5
461,87.21733,5
462,115.512695,5
463,13.131504,5
464,85.227036,5
465,22.080648,5
466,1.8825018,5
467,46.161346,5
468,39.980938,5
469,2.490492,5
470,-24.484789,5
471,87.152466,5
472,90.65828,5
473,-25.360819,5
474,-2.7946737,5
475,70.77118,5
476,57.448166,5
477,34.148758,5
478,-74.57744,5
479,-15.947341,5
480,12.444078,6
481,86.21095,6
482,-38.329006,6
483,61.41435,6
484,16.275938,6
485,23.031603,6
486,-76.01765,6
487,-19.37412,6
488,85.55657,6
489,75.288376,6
490,49.930313,6
491,33.478672,6
492,31.32796,6
493,-56.474216,6
494,5.04225,6
495,17.871685,6
496,72.611465,6
497,-31.581656,6
498,27.958536,6
499,126.144135,6
500,-28.909746,6
501,32.036957,6
502,-25.857367,6
503,50.742107,6
504,30.443533,6
505,26.757479,6
506,71.00988,6
507,16.95703,6
508,95.23155,6
509,7.537871,6
510,38.808647,6
511,-64.13552,6
512,20.192616,6
513,-53.274487,6
514,40.582207,6
515,-5.432426,6
516,44.96528,6
517,63.776875,6
518,53.57604,6
519,4.6872506,6
520,70.99292,6
521,44.389305,6
522,49.248417,6
523,2.9347556,6
524,55.347797,6
525,-3.9647882,6
526,34.27648,6
527,8.459887,6
528,46.729275,6
529,22.377184,6
530,46.09139,6
531,41.956154,6
532,30.1244,6
533,68.199615,6
534,49.783012,6
535,42.059837,6
536,21.384144,6
537,24.219023,6
538,-40.390358,6
539,28.515291,6
540,17.8707,6
541,24.87946,6
542,0.45344955,6
543,81.07533,6
544,11.87649,6
545,57.291317,6
546,1.3106177,6
547,54.866364,6
548,-14.304644,6
549,5.2220674,6
550,-52.761734,6
551,35.071556,6
552,-25.417454,6
553,32.76678,6
554,9.259039,6
555,15.069223,6
556,94.98344,6
557,37.69159,6
558,-27.11063,6
559,49.423904,6
560,165.81741,7
561,122.949005,7
562,77.55385,7
563,141.37068,7
564,129.31917,7
565,166.20844,7
566,103.5099,7
567,145.47652,7
568,136.69487,7
569,183.49625,7
570,97.096794,7
571,98.406525,7
572,160.98405,7
573,153.64316,7
574,70.729195,7
575,116.17648,7
576,143.40923,7
577,139.63959,7
578,110.07331,7
579,159.42169,7
580,127.66398,7
581,106.78693,7
582,106.35642,7
583,187.36555,7
584,155.64162,7
585,163.49323,7
586,212.09885,7
587,184.80661,7
588,95.84668,7
589,214.16554,7
590,258.184,7
591,84.77957,7
592,122.33916,7
593,146.95175,7
594,173.99725,7
595,88.97139,7
596,118.65805,7
597,171.92535,7
598,95.97092,7
599,194.33539,7
600,37.915237,7
601,88.77338,7
602,174.31682,7
603,168.43149,7
604,126.7518,7
605,115.701164,7
606,148.89096,7
607,237.6038,7
608,100.22955,7
609,119.89175,7
610,242.39505,7
611,191.15631,7
612,173.90408,7
613,96.50256,7
614,162.07599,7
615,74.64153,7
616,155.51944,7
617,174.57082,7
618,73.97623,7
619,297.35754,7
620,158.71992,7
621,153.51581,7
622,161.65547,7
623,42.222088,7
624,54.768547,7
625,228.9997,7
626,126.27421,7
627,106.25872,7
628,124.59339,7
629,163.45453,7
630,201.30377,7
631,57.539337,7
632,101.3873,7
633,120.752625,7
634,196.9589,7
635,158.71677,7
636,109.541565,7
637,143.51099,7
638,165.68721,7
639,156.98859,7
640,49.07946,8
641,33.137794,8
642,65.39655,8
643,45.839703,8
644,48.53327,8
645,53.585297,8
646,25.860971,8
647,19.134756,8
648,94.37258,8
649,79.55468,8
650,27.229948,8
651,62.982113,8
652,46.143383,8
653,54.58601,8
654,22.105663,8
655,49.195744,8
656,82.1561,8
657,23.600637,8
658,22.82792,8
659,93.30292,8
660,116.697845,8
661,22.032425,8
662,19.78953,8
663,8.22348,8
664,237.64365,8
665,57.3428,8
666,127.08137,8
667,-2.6639116,8
668,47.251358,8
669,89.9236,8
670,6.1682954,8
671,43.504616,8
672,166.98436,8
673,42.16183,8
674,69.83253,8
675,49.74592,8
676,15.289432,8
677,50.162384,8
678,61.13068,8
679,32.19891,8
680,63.76908,8
681,65.007675,8
682,70.34343,8
683,39.399048,8
684,76.92086,8
685,103.93126,8
686,73.32126,8
687,-10.542627,8
688,8.551428,8
689,21.84199,8
690,114.58431,8
691,102.62279,8
692,25.957476,8
693,77.38994,8
694,50.146973,8
695,58.023888,8
696,111.61383,8
697,41.14126,8
698,32.103348,8
699,68.040665,8
700,36.052162,8
701,19.889097,8
702,58.094032,8
703,8.470568,8
704,81.58358,8
705,83.32286,8
706,65.63256,8
707,23.674887,8
708,38.689598,8
709,25.66767,8
710,88.2608,8
711,16.561857,8
712,14.204702,8
713,92.34753,8
714,106.45623,8
715,88.605,8
716,20.744747,8
717,20.45283,8
718,27.83816,8
719,47.83659,8
720,78.414314,9
721,135.1009,9
722,12.505205,9
723,180.12418,9
724,22.6388,9
725,102.17704,9
726,87.929794,9
727,66.02789,9
728,27.974455,9
729,6.710131,9
730,-0.23647851,9
731,36.63002,9
732,95.0201,9
733,84.219666,9
734,91.072815,9
735,71.83566,9
736,52.428665,9
737,57.202625,9
738,-8.521658,9
739,46.914524,9
740,103.980865,9
741,21.853256,9
742,146.46346,9
743,103.128105,9
744,2.832743,9
745,55.01063,9
746,51.87509,9
747,69.65103,9
748,58.79855,9
749,133.39091,9
750,42.087257,9
751,78.70794,9
752,174.23575,9
753,117.67644,9
754,114.90491,9
755,45.25992,9
756,-22.459005,9
757,37.12842,9
758,-5.6383166,9
759,-8.600056,9
760,104.6406,9
761,76.476395,9
762,62.182507,9
763,157.61496,9
764,31.970594,9
765,27.023945,9
766,96.32433,9
767,64.048676,9
768,82.50674,9
769,50.271526,9
770,91.05033,9
771,81.13533,9
772,3.217951,9
773,80.75036,9
774,77.68946,9
775,43.321213,9
776,120.046364,9
777,44.94275,9
778,22.794067,9
779,62.682823,9
780,97.248,9
781,-4.6517234,9
782,35.153397,9
783,115.19643,9
784,36.551643,9
785,76.88071,9
786,31.934622,9
787,39.11966,9
788,48.35981,9
789,99.118324,9
790,12.833753,9
791,-1.6936014,9
792,139.14233,9
793,0.62867385,9
794,26.945122,9
795,89.57755,9
796,77.34901,9
797,78.41292,9
798,121.6533,9
799,81.01834,9
