Image,Value,Label
0,-106.75012,0
1,-42.1518,0
2,-31.216469,0
3,-123.04013,0
4,-79.63656,0
5,-34.345776,0
6,-49.453823,0
7,-79.41404,0
8,-111.19223,0
9,-93.98779,0
10,-4.8868647,0
11,-133.22864,0
12,-132.08165,0
13,-95.1635,0
14,-118.76883,0
15,-59.181396,0
16,-28.683868,0
17,-95.98187,0
18,-117.2104,0
19,-68.878204,0
20,-189.53333,0
21,-24.03434,0
22,-119.32038,0
23,-4.80293,0
24,-129.42986,0
25,-34.232002,0
26,-125.84128,0
27,-45.652584,0
28,-120.19022,0
29,-77.40896,0
30,-13.215322,0
31,-121.33041,0
32,-85.124855,0
33,-137.62607,0
34,-105.56194,0
35,-125.822174,0
36,-34.077232,0
37,-115.82941,0
38,-0.85209745,0
39,-111.63259,0
40,-111.133156,0
41,-66.31779,0
42,-128.79605,0
43,-26.649803,0
44,-42.890697,0
45,-113.35721,0
46,-65.732864,0
47,-103.173676,0
48,-19.833622,0
49,-50.336704,0
50,-130.9192,0
51,0.085990004,0
52,-44.32415,0
53,-92.99873,0
54,-108.70656,0
55,-91.074684,0
56,-94.972694,0
57,-33.433987,0
58,-194.99188,0
59,-1.8165293,0
60,-106.26065,0
61,-98.59503,0
62,-61.65902,0
63,-146.05313,0
64,-27.807205,0
65,-176.7526,0
66,-71.06082,0
67,-99.68008,0
68,-27.056488,0
69,-102.97655,0
70,-159.04648,0
71,-133.89214,0
72,-98.1586,0
73,-111.36005,0
74,-69.235,0
75,-70.97972,0
76,-64.9792,0
77,-146.72635,0
78,-13.352993,0
79,-41.212254,0
80,30.054583,1
81,11.085612,1
82,22.407524,1
83,4.70174,1
84,22.191734,1
85,27.32355,1
86,3.276473,1
87,6.8150573,1
88,7.0805387,1
89,21.809372,1
90,-9.4860525,1
91,8.25937,1
92,28.841503,1
93,50.24118,1
94,-37.034973,1
95,1.6811113,1
96,24.396801,1
97,13.156025,1
98,23.03822,1
99,11.808315,1
100,17.6294,1
101,9.4553175,1
102,53.748184,1
103,4.1743774,1
104,11.042459,1
105,29.191448,1
106,37.086998,1
107,50.796215,1
108,23.879484,1
109,2.2289762,1
110,41.509727,1
111,37.203854,1
112,40.002426,1
113,39.903084,1
114,33.312763,1
115,0.9772368,1
116,35.904724,1
117,-12.416265,1
118,26.052448,1
119,2.8127165,1
120,16.630241,1
121,17.268927,1
122,33.627823,1
123,27.67516,1
124,18.039162,1
125,3.8967848,1
126,9.967408,1
127,0.09870248,1
128,42.05415,1
129,11.988239,1
130,14.90013,1
131,9.779003,1
132,25.3077,1
133,6.538909,1
134,12.798776,1
135,6.2177057,1
136,8.672427,1
137,7.891017,1
138,38.031113,1
139,-4.449999,1
140,8.806349,1
141,-15.8221655,1
142,39.496357,1
143,25.878952,1
144,28.207064,1
145,35.95675,1
146,23.669273,1
147,20.690313,1
148,34.02353,1
149,49.053604,1
150,37.672745,1
151,43.213097,1
152,49.37377,1
153,22.903282,1
154,17.929062,1
155,48.745567,1
156,30.978119,1
157,10.164975,1
158,-1.75741,1
159,19.56652,1
160,2.8494349,2
161,-12.406667,2
162,13.268151,2
163,6.574292,2
164,9.3698225,2
165,-32.22797,2
166,72.97891,2
167,39.472626,2
168,45.05696,2
169,2.2380629,2
170,32.54018,2
171,12.385249,2
172,11.432046,2
173,13.569587,2
174,41.78721,2
175,0.80981356,2
176,11.492492,2
177,-13.038381,2
178,-32.51322,2
179,62.707146,2
180,25.18307,2
181,16.697727,2
182,-106.619,2
183,21.944607,2
184,30.100254,2
185,54.910362,2
186,-81.82107,2
187,8.066577,2
188,7.4262724,2
189,32.965782,2
190,-0.17835325,2
191,20.37534,2
192,-9.394662,2
193,39.761436,2
194,39.21874,2
195,26.384077,2
196,10.821235,2
197,23.176493,2
198,66.18201,2
199,-15.856912,2
200,-54.576466,2
201,30.14286,2
202,-30.467121,2
203,-0.6659154,2
204,84.126144,2
205,35.64846,2
206,31.461237,2
207,24.371826,2
208,7.9430075,2
209,-20.795761,2
210,-7.732381,2
211,-22.268143,2
212,8.314967,2
213,2.5220594,2
214,8.125545,2
215,42.285213,2
216,32.50463,2
217,23.400978,2
218,22.683453,2
219,31.177673,2
220,61.656944,2
221,11.359195,2
222,18.413124,2
223,2.9790869,2
224,64.15934,2
225,79.592026,2
226,126.557236,2
227,32.132805,2
228,28.408861,2
229,23.518867,2
230,12.101768,2
231,-35.5616,2
232,3.3028593,2
233,85.2651,2
234,68.07706,2
235,6.560981,2
236,25.16382,2
237,33.956955,2
238,-17.79084,2
239,-32.071243,2
240,24.997602,3
241,38.91362,3
242,-7.1636114,3
243,26.599459,3
244,-18.875809,3
245,4.024308,3
246,-13.685323,3
247,26.030233,3
248,-8.645215,3
249,3.3976984,3
250,13.275695,3
251,105.39646,3
252,30.680408,3
253,-7.8374033,3
254,34.92933,3
255,33.605484,3
256,8.550727,3
257,7.7654295,3
258,-13.313434,3
259,-10.710374,3
260,10.081485,3
261,-33.41623,3
262,26.366365,3
263,34.276443,3
264,53.69553,3
265,59.247265,3
266,-35.3179,3
267,18.893147,3
268,15.946403,3
269,43.953583,3
270,33.295372,3
271,8.033059,3
272,-9.774573,3
273,16.194077,3
274,6.141411,3
275,-15.573535,3
276,16.997532,3
277,49.23681,3
278,17.715828,3
279,-0.20015997,3
280,4.6174536,3
281,34.342583,3
282,24.316088,3
283,50.42177,3
284,69.494675,3
285,20.65472,3
286,-6.686881,3
287,-14.867066,3
288,35.8479,3
289,-42.567833,3
290,5.1871996,3
291,-22.744553,3
292,-1.5353518,3
293,-30.086834,3
294,8.274745,3
295,-2.693677,3
296,46.020737,3
297,41.229652,3
298,30.175388,3
299,-9.293984,3
300,38.232056,3
301,-22.922031,3
302,8.082137,3
303,5.3375483,3
304,13.202971,3
305,9.403834,3
306,20.621752,3
307,-0.5490846,3
308,38.098858,3
309,17.459663,3
310,52.947155,3
311,5.3961782,3
312,-6.23932,3
313,0.37591845,3
314,28.492664,3
315,-29.852592,3
316,22.953459,3
317,24.51323,3
318,-10.32977,3
319,37.864464,3
320,-94.88876,4
321,5.494416,4
322,-21.927725,4
323,16.072075,4
324,-79.498116,4
325,-68.156784,4
326,29.363464,4
327,17.99824,4
328,66.156075,4
329,-29.542862,4
330,-27.66296,4
331,-54.252953,4
332,-22.61244,4
333,-35.117874,4
334,-5.3199396,4
335,9.465926,4
336,-20.900036,4
337,-57.393517,4
338,-4.4964933,4
339,-10.855119,4
340,-40.56317,4
341,5.644229,4
342,-26.197998,4
343,-22.499714,4
344,-20.322353,4
345,-6.900716,4
346,-2.8028994,4
347,-77.1974,4
348,1.5085192,4
349,15.813144,4
350,-8.892526,4
351,-41.652077,4
352,-43.004112,4
353,-46.77669,4
354,-54.584652,4
355,-13.044927,4
356,-84.44698,4
357,-29.942223,4
358,-74.644226,4
359,-30.253845,4
360,-12.639447,4
361,-58.468006,4
362,-22.953394,4
363,-29.810207,4
364,9.525855,4
365,-39.18976,4
366,-9.533692,4
367,-27.507847,4
368,21.45081,4
369,-0.2570848,4
370,-53.87229,4
371,-34.974625,4
372,-0.61805815,4
373,-4.3100405,4
374,-81.79753,4
375,-12.901681,4
376,-35.628426,4
377,2.2385588,4
378,-35.174908,4
379,-54.181503,4
380,-24.513699,4
381,-25.909622,4
382,-28.96388,4
383,33.53949,4
384,-78.24043,4
385,-11.095437,4
386,35.763588,4
387,5.8455343,4
388,-36.819782,4
389,-72.971825,4
390,-81.595856,4
391,29.674423,4
392,10.854026,4
393,-47.438244,4
394,-7.6903524,4
395,-94.85515,4
396,-85.22264,4
397,-30.030434,4
398,-102.43536,4
399,-54.24781,4
400,-4.9681406,5
401,56.07483,5
402,16.312664,5
403,-35.80317,5
404,53.237377,5
405,26.209885,5
406,-26.537355,5
407,97.82975,5
408,-2.9696894,5
409,-52.946766,5
410,42.51928,5
411,58.380054,5
412,-38.726036,5
413,68.23219,5
414,69.441376,5
415,-4.6830187,5
416,-30.678188,5
417,-53.22841,5
418,0.4336577,5
419,6.450061,5
420,6.309333,5
421,26.974735,5
422,-13.804692,5
423,29.053284,5
424,8.87115,5
425,-83.01577,5
426,10.941844,5
427,41.0332,5
428,34.6004,5
429,31.226986,5
430,-22.542519,5
431,41.834023,5
432,-34.655228,5
433,54.142204,5
434,24.901821,5
435,0.13484102,5
436,-4.072234,5
437,72.629684,5
438,-79.13173,5
439,-25.143131,5
440,-25.35878,5
441,67.223335,5
442,-9.755471,5
443,42.787163,5
444,-61.042793,5
445,-5.5403643,5
446,-7.435525,5
447,16.53621,5
448,15.079646,5
449,76.17082,5
450,-7.999978,5
451,7.9046335,5
452,30.03547,5
453,57.986664,5
454,15.81951,5
455,14.587405,5
456,46.79254,5
457,-4.714261,5
458,26.110909,5
459,8.664725,5
460,22.114134,5
461,22.53965,5
462,16.194748,5
463,-24.92334,5
464,-10.795053,5
465,11.023604,5
466,-10.800126,5
467,-29.92737,5
468,32.43339,5
469,42.954224,5
470,38.850105,5
471,-35.003468,5
472,38.544075,5
473,-24.774864,5
474,-7.9798098,5
475,-2.2147074,5
476,15.812583,5
477,37.2054,5
478,31.067627,5
479,46.71805,5
480,47.135696,6
481,1.7987928,6
482,71.034164,6
483,35.667034,6
484,56.19211,6
485,54.033516,6
486,3.1730032,6
487,63.637672,6
488,50.038918,6
489,1.0864439,6
490,33.57892,6
491,28.451351,6
492,18.481628,6
493,67.20624,6
494,13.028926,6
495,15.828639,6
496,22.277859,6
497,43.425255,6
498,-32.06066,6
499,-53.1269,6
500,48.96522,6
501,43.134384,6
502,52.251644,6
503,27.594284,6
504,54.172913,6
505,-46.05463,6
506,24.852936,6
507,49.504677,6
508,5.13227,6
509,37.176224,6
510,15.053313,6
511,52.7162,6
512,-76.33656,6
513,56.77752,6
514,30.191364,6
515,46.922623,6
516,87.48149,6
517,37.748863,6
518,39.770786,6
519,51.13135,6
520,46.024574,6
521,36.164738,6
522,-31.932678,6
523,8.111312,6
524,-27.685204,6
525,2.9289732,6
526,-15.508298,6
527,28.422344,6
528,36.241707,6
529,41.935596,6
530,27.948006,6
531,34.277206,6
532,1.8032904,6
533,33.622555,6
534,-23.416386,6
535,58.41906,6
536,-8.054833,6
537,21.061462,6
538,36.264656,6
539,28.100327,6
540,9.810988,6
541,34.52417,6
542,14.306762,6
543,49.007935,6
544,17.897404,6
545,51.977036,6
546,66.24684,6
547,-21.628792,6
548,50.17601,6
549,53.444782,6
550,18.44777,6
551,24.930038,6
552,0.38675982,6
553,42.49418,6
554,39.060432,6
555,38.78144,6
556,49.77,6
557,-13.673179,6
558,-82.13187,6
559,24.507687,6
560,38.356247,7
561,30.791132,7
562,46.06121,7
563,-28.209627,7
564,-32.300064,7
565,13.123366,7
566,-130.35089,7
567,35.256516,7
568,-6.880069,7
569,49.48617,7
570,-84.92909,7
571,31.067413,7
572,23.476631,7
573,-47.270576,7
574,39.347725,7
575,-4.8707094,7
576,-39.96594,7
577,-11.522441,7
578,25.749636,7
579,10.518783,7
580,39.622673,7
581,32.752197,7
582,21.045269,7
583,43.298325,7
584,16.964182,7
585,27.630718,7
586,13.0382805,7
587,11.079375,7
588,42.80695,7
589,4.1584225,7
590,-85.37613,7
591,-1.2885141,7
592,-5.496438,7
593,-14.384206,7
594,-5.9494467,7
595,16.01251,7
596,-121.2704,7
597,27.34516,7
598,-31.81695,7
599,11.219031,7
600,-103.72568,7
601,40.84202,7
602,-62.77941,7
603,15.184553,7
604,15.240291,7
605,-14.080508,7
606,26.103148,7
607,-16.960043,7
608,32.841915,7
609,39.430214,7
610,28.087818,7
611,-11.244071,7
612,-10.839353,7
613,-7.920087,7
614,24.746227,7
615,18.57952,7
616,22.932083,7
617,20.806623,7
618,26.819218,7
619,-13.885732,7
620,44.68447,7
621,39.094757,7
622,2.5043058,7
623,-27.584976,7
624,3.2730093,7
625,-7.320074,7
626,40.648766,7
627,20.6372,7
628,37.283924,7
629,55.058647,7
630,59.17063,7
631,15.800986,7
632,1.3383379,7
633,10.432876,7
634,5.2327585,7
635,40.56369,7
636,-21.339592,7
637,32.965107,7
638,-55.09717,7
639,41.193512,7
640,-62.621758,8
641,-12.317357,8
642,9.668361,8
643,24.601397,8
644,58.760845,8
645,28.091814,8
646,32.11911,8
647,52.524048,8
648,-0.3548593,8
649,1.1115751,8
650,42.03545,8
651,-7.1659384,8
652,27.575142,8
653,5.8221426,8
654,23.834724,8
655,43.597076,8
656,18.761436,8
657,16.75386,8
658,26.381327,8
659,-136.82834,8
660,-7.054284,8
661,16.00452,8
662,48.72222,8
663,-32.393406,8
664,30.188763,8
665,-34.09749,8
666,-67.753716,8
667,53.79045,8
668,34.807404,8
669,67.905304,8
670,39.08505,8
671,75.10052,8
672,-27.69625,8
673,-38.10793,8
674,39.635204,8
675,85.18835,8
676,-62.575546,8
677,30.432194,8
678,30.609886,8
679,2.5342035,8
680,22.062695,8
681,29.957602,8
682,-6.9735613,8
683,-5.6136065,8
684,19.735638,8
685,-10.189885,8
686,-0.06923384,8
687,-32.2304,8
688,7.2330656,8
689,40.24259,8
690,-2.006341,8
691,21.82897,8
692,35.265034,8
693,-0.62083906,8
694,-18.99231,8
695,18.639317,8
696,-11.47344,8
697,78.81528,8
698,35.82617,8
699,-4.3219194,8
700,35.7898,8
701,23.019367,8
702,1.5945482,8
703,38.819683,8
704,35.318645,8
705,-19.247047,8
706,-50.1183,8
707,9.481217,8
708,11.135989,8
709,94.32174,8
710,23.034626,8
711,54.49695,8
712,8.342656,8
713,49.446114,8
714,48.63385,8
715,63.539654,8
716,1.0694628,8
717,-0.46517652,8
718,7.206691,8
719,44.53713,8
720,13.582637,9
721,23.938164,9
722,-54.98254,9
723,-24.250984,9
724,-24.613888,9
725,15.574393,9
726,31.155273,9
727,-45.335407,9
728,-6.5162687,9
729,-26.048851,9
730,-14.346421,9
731,10.760391,9
732,-42.657604,9
733,-59.22127,9
734,-1.4644966,9
735,36.820213,9
736,4.246724,9
737,-81.80347,9
738,-36.47926,9
739,-9.047971,9
740,-22.981586,9
741,-20.78194,9
742,-48.808506,9
743,-21.446651,9
744,-80.79152,9
745,-94.023796,9
746,7.603677,9
747,-0.04940123,9
748,56.884956,9
749,8.745898,9
750,-20.376438,9
751,-0.72512907,9
752,-15.618627,9
753,22.97415,9
754,-65.1177,9
755,-10.134831,9
756,25.290424,9
757,12.083814,9
758,-75.38011,9
759,-19.779737,9
760,25.424995,9
761,2.3737211,9
762,-49.126297,9
763,-43.463303,9
764,-16.437763,9
765,-70.61074,9
766,7.748456,9
767,-40.637978,9
768,27.783348,9
769,-0.09226508,9
770,10.7733135,9
771,20.601633,9
772,-65.84091,9
773,18.790218,9
774,29.186432,9
775,24.85493,9
776,24.060406,9
777,1.0866318,9
778,-100.83339,9
779,-14.312848,9
780,-114.562805,9
781,-53.812263,9
782,11.057784,9
783,25.869408,9
784,-37.30048,9
785,-50.13531,9
786,-80.020134,9
787,38.288494,9
788,12.098282,9
789,30.921093,9
790,-32.478992,9
791,-35.513332,9
792,4.53763,9
793,-2.0536203,9
794,-27.51709,9
795,-22.616774,9
796,-31.103952,9
797,38.451904,9
798,18.345396,9
799,40.40741,9
