Image,Value,Label
0,172.14493,0
1,-4.7597995,0
2,125.20308,0
3,142.57552,0
4,84.54088,0
5,41.096806,0
6,102.731995,0
7,103.06152,0
8,75.28006,0
9,144.76529,0
10,124.67121,0
11,91.2536,0
12,172.55492,0
13,50.233356,0
14,74.37504,0
15,114.56438,0
16,97.0714,0
17,135.2286,0
18,166.31706,0
19,152.24942,0
20,203.76468,0
21,90.52654,0
22,119.36981,0
23,73.789085,0
24,176.39853,0
25,-18.468855,0
26,83.94348,0
27,38.579933,0
28,137.81937,0
29,109.18862,0
30,130.09038,0
31,77.73007,0
32,94.94304,0
33,94.09846,0
34,106.92369,0
35,127.931564,0
36,51.346035,0
37,117.14958,0
38,124.037834,0
39,118.48792,0
40,69.20173,0
41,77.68471,0
42,184.83261,0
43,38.54661,0
44,89.48358,0
45,129.12138,0
46,185.28796,0
47,46.126743,0
48,13.410608,0
49,-2.6311736,0
50,99.50195,0
51,111.31736,0
52,55.70427,0
53,118.71789,0
54,158.47641,0
55,156.932,0
56,129.84904,0
57,9.056723,0
58,173.50818,0
59,82.509865,0
60,158.21222,0
61,49.31769,0
62,30.601873,0
63,123.20537,0
64,87.31055,0
65,136.79803,0
66,63.579483,0
67,4.4894586,0
68,35.12998,0
69,123.435005,0
70,103.19064,0
71,190.52194,0
72,125.76534,0
73,210.6508,0
74,100.11444,0
75,87.702545,0
76,151.74579,0
77,289.10483,0
78,153.19542,0
79,186.32227,0
80,62.520348,1
81,36.92095,1
82,115.799545,1
83,101.296844,1
84,87.276276,1
85,42.409267,1
86,58.352474,1
87,80.16963,1
88,102.690575,1
89,74.17564,1
90,74.84005,1
91,79.186905,1
92,61.26649,1
93,84.29151,1
94,33.52556,1
95,40.652493,1
96,110.65155,1
97,56.037285,1
98,61.30603,1
99,97.95567,1
100,77.972336,1
101,62.293327,1
102,85.26216,1
103,66.87709,1
104,61.642597,1
105,91.83958,1
106,69.323456,1
107,106.3123,1
108,63.58115,1
109,59.802166,1
110,71.40829,1
111,94.39201,1
112,93.6255,1
113,59.40153,1
114,94.586006,1
115,55.87782,1
116,120.86705,1
117,77.80343,1
118,79.36402,1
119,70.01474,1
120,54.016758,1
121,85.27262,1
122,43.50043,1
123,62.474514,1
124,51.087505,1
125,59.547844,1
126,124.79512,1
127,36.396988,1
128,61.375988,1
129,88.1783,1
130,98.82971,1
131,64.291855,1
132,70.50223,1
133,80.8777,1
134,63.73664,1
135,40.05155,1
136,68.15945,1
137,45.89852,1
138,69.57321,1
139,95.73847,1
140,94.91111,1
141,75.064095,1
142,64.68525,1
143,52.95011,1
144,51.86749,1
145,57.834225,1
146,55.944427,1
147,57.967194,1
148,114.19983,1
149,82.33464,1
150,83.67776,1
151,96.32528,1
152,176.50363,1
153,72.43135,1
154,126.73021,1
155,76.20238,1
156,128.9705,1
157,75.693306,1
158,66.60127,1
159,101.77017,1
160,73.88149,2
161,154.19327,2
162,119.128815,2
163,130.3716,2
164,157.62491,2
165,167.42715,2
166,94.64785,2
167,209.7626,2
168,81.78257,2
169,106.509674,2
170,56.388065,2
171,155.50186,2
172,113.05446,2
173,164.72038,2
174,114.59361,2
175,214.32411,2
176,46.035587,2
177,101.37946,2
178,162.49448,2
179,228.0043,2
180,23.653076,2
181,151.75565,2
182,170.11093,2
183,160.94888,2
184,105.629684,2
185,191.47876,2
186,112.349045,2
187,148.6808,2
188,25.647821,2
189,62.85024,2
190,72.72602,2
191,95.04436,2
192,114.891495,2
193,190.14328,2
194,68.95872,2
195,90.515594,2
196,150.72649,2
197,210.43063,2
198,126.0206,2
199,121.98682,2
200,51.675793,2
201,184.68106,2
202,-2.3364997,2
203,128.40231,2
204,77.604515,2
205,90.84436,2
206,126.485954,2
207,142.69012,2
208,142.7824,2
209,198.95407,2
210,109.69037,2
211,159.86438,2
212,312.51776,2
213,90.61931,2
214,140.41867,2
215,128.71393,2
216,174.36786,2
217,65.02969,2
218,192.9167,2
219,231.08902,2
220,175.35638,2
221,177.89899,2
222,186.94666,2
223,73.36098,2
224,72.0012,2
225,171.87817,2
226,231.82088,2
227,112.42445,2
228,135.12933,2
229,111.680176,2
230,58.166027,2
231,113.16042,2
232,106.636925,2
233,301.6831,2
234,204.86783,2
235,162.99701,2
236,110.245674,2
237,161.70456,2
238,59.96332,2
239,158.74014,2
240,193.54976,3
241,106.96098,3
242,71.03688,3
243,83.0887,3
244,178.8702,3
245,104.792854,3
246,147.58936,3
247,104.03244,3
248,172.93307,3
249,92.4406,3
250,217.14499,3
251,155.01245,3
252,178.88737,3
253,163.01994,3
254,111.94103,3
255,147.73843,3
256,112.36283,3
257,182.59311,3
258,167.68367,3
259,155.22154,3
260,141.77664,3
261,164.79346,3
262,173.64835,3
263,122.48021,3
264,161.16263,3
265,178.4613,3
266,124.70635,3
267,151.6142,3
268,160.18198,3
269,203.92601,3
270,107.6857,3
271,117.172134,3
272,168.16983,3
273,122.140465,3
274,202.72743,3
275,41.93514,3
276,186.20024,3
277,52.05882,3
278,204.81166,3
279,210.44974,3
280,126.59573,3
281,186.22247,3
282,141.18382,3
283,151.63547,3
284,137.00964,3
285,107.523705,3
286,173.92752,3
287,169.96529,3
288,200.29376,3
289,139.39182,3
290,119.76513,3
291,88.38998,3
292,128.9677,3
293,165.59724,3
294,185.42213,3
295,135.80374,3
296,222.27364,3
297,154.04648,3
298,157.35196,3
299,226.7784,3
300,202.32822,3
301,177.34987,3
302,44.928562,3
303,98.23145,3
304,102.904625,3
305,101.70798,3
306,155.00232,3
307,33.6993,3
308,105.665695,3
309,202.65135,3
310,330.2119,3
311,119.52095,3
312,121.74293,3
313,81.437935,3
314,141.35895,3
315,178.89517,3
316,71.608795,3
317,159.53464,3
318,117.86653,3
319,224.44012,3
320,43.715164,4
321,31.2552,4
322,56.690258,4
323,33.74641,4
324,44.525948,4
325,37.64403,4
326,81.8841,4
327,72.723045,4
328,82.520615,4
329,25.030636,4
330,70.76754,4
331,44.317226,4
332,34.440754,4
333,72.12374,4
334,78.86313,4
335,29.263702,4
336,59.874317,4
337,133.77843,4
338,131.9738,4
339,72.48685,4
340,110.42229,4
341,60.991924,4
342,72.31742,4
343,64.7198,4
344,63.158943,4
345,93.81238,4
346,20.292112,4
347,80.50193,4
348,49.889744,4
349,23.044327,4
350,80.81856,4
351,84.09071,4
352,113.160065,4
353,54.433353,4
354,54.45946,4
355,53.397137,4
356,142.31937,4
357,76.48018,4
358,54.419266,4
359,45.86166,4
360,85.04512,4
361,52.538036,4
362,79.4541,4
363,40.391163,4
364,72.04802,4
365,24.91046,4
366,146.20439,4
367,47.851315,4
368,121.21217,4
369,49.366875,4
370,31.147188,4
371,58.722973,4
372,43.873867,4
373,58.82379,4
374,151.94675,4
375,99.37764,4
376,19.446306,4
377,25.513277,4
378,77.442604,4
379,61.66114,4
380,65.808914,4
381,44.015884,4
382,56.321445,4
383,92.42868,4
384,58.081013,4
385,54.683857,4
386,104.74425,4
387,58.828968,4
388,37.174076,4
389,77.92035,4
390,65.252235,4
391,86.3926,4
392,83.615585,4
393,108.76437,4
394,32.983273,4
395,107.77887,4
396,97.46794,4
397,68.955696,4
398,46.074978,4
399,43.085087,4
400,146.94942,5
401,112.84582,5
402,201.22894,5
403,129.99683,5
404,187.8833,5
405,190.28506,5
406,164.60329,5
407,192.79036,5
408,191.14279,5
409,68.34544,5
410,137.80229,5
411,170.61694,5
412,28.208773,5
413,126.602234,5
414,233.2757,5
415,123.1443,5
416,194.95326,5
417,46.479202,5
418,199.48131,5
419,131.1756,5
420,175.21191,5
421,174.96602,5
422,225.42932,5
423,209.93759,5
424,99.80668,5
425,58.077755,5
426,135.57635,5
427,259.39236,5
428,149.0295,5
429,131.94743,5
430,242.57513,5
431,159.69328,5
432,141.66904,5
433,165.34198,5
434,147.3285,5
435,162.54475,5
436,191.21844,5
437,225.63623,5
438,70.42596,5
439,151.68352,5
440,118.23438,5
441,269.71307,5
442,155.89633,5
443,136.79282,5
444,95.3363,5
445,127.53622,5
446,181.08151,5
447,162.78952,5
448,258.81952,5
449,193.45352,5
450,106.85715,5
451,76.500694,5
452,138.87302,5
453,111.21439,5
454,83.41942,5
455,119.37066,5
456,168.23361,5
457,127.10019,5
458,97.39183,5
459,141.82248,5
460,76.274284,5
461,150.29633,5
462,189.63477,5
463,91.69446,5
464,200.74438,5
465,87.961975,5
466,238.74298,5
467,171.1658,5
468,98.134995,5
469,192.7804,5
470,69.124664,5
471,99.59713,5
472,235.86723,5
473,162.55661,5
474,119.66525,5
475,221.2182,5
476,138.14699,5
477,122.79646,5
478,158.70105,5
479,131.30641,5
480,99.817314,6
481,48.60478,6
482,135.37286,6
483,82.64824,6
484,87.56319,6
485,122.21298,6
486,144.80966,6
487,201.20578,6
488,159.7576,6
489,135.44083,6
490,92.52844,6
491,114.800476,6
492,37.420208,6
493,113.68074,6
494,38.089203,6
495,110.52745,6
496,102.22084,6
497,153.87268,6
498,78.60828,6
499,190.4494,6
500,100.4483,6
501,80.200935,6
502,106.90704,6
503,62.96555,6
504,123.044525,6
505,96.57381,6
506,102.90316,6
507,101.54505,6
508,47.11575,6
509,161.47667,6
510,165.0594,6
511,127.249344,6
512,90.303734,6
513,127.255806,6
514,80.559814,6
515,96.976906,6
516,162.89368,6
517,90.35047,6
518,111.6049,6
519,89.520386,6
520,150.90012,6
521,143.4942,6
522,120.64816,6
523,82.90399,6
524,137.07843,6
525,76.170654,6
526,81.163765,6
527,86.38692,6
528,149.81865,6
529,130.05423,6
530,75.84723,6
531,111.73782,6
532,127.112335,6
533,100.39909,6
534,43.675625,6
535,120.371704,6
536,108.17265,6
537,96.2184,6
538,96.721924,6
539,59.967007,6
540,28.835863,6
541,65.19366,6
542,54.423573,6
543,134.25606,6
544,47.980297,6
545,89.555885,6
546,129.15585,6
547,60.477848,6
548,93.208565,6
549,105.29217,6
550,181.14088,6
551,84.76602,6
552,153.7626,6
553,123.11882,6
554,116.851265,6
555,114.42696,6
556,152.91702,6
557,182.49619,6
558,67.982155,6
559,105.19055,6
560,92.76349,7
561,78.37915,7
562,54.78329,7
563,60.24325,7
564,96.38283,7
565,124.98624,7
566,60.282482,7
567,92.128746,7
568,92.11633,7
569,139.81587,7
570,90.40277,7
571,74.85144,7
572,91.659836,7
573,183.67383,7
574,61.450302,7
575,54.751038,7
576,155.04816,7
577,70.87727,7
578,136.12302,7
579,92.76933,7
580,59.838856,7
581,58.001137,7
582,59.348713,7
583,173.30261,7
584,71.130646,7
585,88.587524,7
586,79.0546,7
587,90.57454,7
588,48.784668,7
589,138.43898,7
590,137.37534,7
591,21.308184,7
592,60.397976,7
593,92.15706,7
594,67.09268,7
595,84.36399,7
596,90.7992,7
597,108.73851,7
598,55.59067,7
599,118.877716,7
600,74.494576,7
601,101.48494,7
602,94.94559,7
603,104.490074,7
604,96.73131,7
605,63.80194,7
606,158.22343,7
607,161.71802,7
608,86.601616,7
609,60.7192,7
610,155.98175,7
611,102.85027,7
612,108.874466,7
613,66.32492,7
614,87.92617,7
615,45.903606,7
616,114.449844,7
617,110.27326,7
618,108.32561,7
619,157.52975,7
620,87.9718,7
621,118.452896,7
622,85.05855,7
623,83.538506,7
624,32.286335,7
625,139.35672,7
626,84.44801,7
627,56.694153,7
628,84.44235,7
629,65.61817,7
630,109.08153,7
631,51.979004,7
632,83.97779,7
633,81.51199,7
634,182.42715,7
635,77.121315,7
636,72.17111,7
637,72.84129,7
638,66.38963,7
639,72.65268,7
640,255.99161,8
641,113.445,8
642,154.5843,8
643,114.28364,8
644,150.5378,8
645,83.993866,8
646,156.43747,8
647,71.591385,8
648,148.57114,8
649,99.70949,8
650,138.08147,8
651,132.62,8
652,169.63994,8
653,178.01259,8
654,139.77403,8
655,170.73859,8
656,119.79624,8
657,113.17707,8
658,90.35209,8
659,205.568,8
660,226.20827,8
661,74.17636,8
662,143.40817,8
663,142.47353,8
664,321.6313,8
665,90.028946,8
666,202.61867,8
667,54.33588,8
668,144.99095,8
669,214.42224,8
670,83.0972,8
671,74.84817,8
672,215.07512,8
673,114.95085,8
674,76.773964,8
675,199.59541,8
676,33.28821,8
677,102.54661,8
678,83.22071,8
679,92.567566,8
680,133.01764,8
681,152.25879,8
682,125.28098,8
683,96.51318,8
684,145.19525,8
685,133.22896,8
686,125.72979,8
687,198.86522,8
688,141.00468,8
689,79.75755,8
690,95.760826,8
691,189.88547,8
692,157.93593,8
693,173.77515,8
694,117.23065,8
695,104.22458,8
696,262.63928,8
697,115.967575,8
698,125.048935,8
699,104.48094,8
700,150.55658,8
701,129.25124,8
702,141.00371,8
703,73.61433,8
704,146.19415,8
705,155.01326,8
706,148.17276,8
707,168.9867,8
708,48.514053,8
709,185.38861,8
710,139.53214,8
711,106.52327,8
712,178.93695,8
713,135.91148,8
714,103.68073,8
715,179.89984,8
716,148.2396,8
717,114.940094,8
718,158.52026,8
719,110.968,8
720,71.67154,9
721,205.803,9
722,103.96918,9
723,244.5069,9
724,17.863214,9
725,82.433075,9
726,81.28542,9
727,43.625015,9
728,40.48029,9
729,117.51553,9
730,74.89973,9
731,25.847692,9
732,115.28145,9
733,57.687458,9
734,94.406006,9
735,116.695,9
736,39.11301,9
737,59.64658,9
738,37.13716,9
739,118.30722,9
740,86.83833,9
741,94.74242,9
742,102.782135,9
743,85.18845,9
744,96.3595,9
745,119.577354,9
746,42.755898,9
747,67.089584,9
748,83.18102,9
749,125.58564,9
750,101.66349,9
751,55.243134,9
752,220.08621,9
753,106.78787,9
754,221.00082,9
755,24.998415,9
756,51.878998,9
757,60.35796,9
758,80.39351,9
759,14.324157,9
760,119.699684,9
761,67.258286,9
762,95.375175,9
763,73.98346,9
764,96.03344,9
765,109.61037,9
766,103.79411,9
767,72.71474,9
768,70.04688,9
769,82.42728,9
770,99.72275,9
771,76.048546,9
772,88.33329,9
773,45.492496,9
774,93.859245,9
775,64.22129,9
776,153.79988,9
777,58.92449,9
778,73.01051,9
779,58.537457,9
780,122.686554,9
781,89.851006,9
782,69.40422,9
783,122.72749,9
784,51.954205,9
785,102.316666,9
786,125.577255,9
787,39.29118,9
788,59.42764,9
789,74.67504,9
790,27.873915,9
791,76.52631,9
792,127.707695,9
793,93.419655,9
794,39.39024,9
795,32.640545,9
796,51.882282,9
797,92.78029,9
798,121.576126,9
799,94.17171,9
