Image,Value,Label
0,426.84457,0
1,181.21938,0
2,223.63898,0
3,309.98572,0
4,248.97646,0
5,187.0537,0
6,218.28883,0
7,267.56857,0
8,319.39835,0
9,196.91829,0
10,179.474,0
11,282.99802,0
12,360.8916,0
13,282.04868,0
14,376.58762,0
15,224.66515,0
16,225.57104,0
17,259.55396,0
18,339.45062,0
19,280.77866,0
20,368.07727,0
21,206.97379,0
22,278.76022,0
23,170.67514,0
24,411.36234,0
25,179.39134,0
26,367.57742,0
27,161.70583,0
28,275.30536,0
29,314.68857,0
30,197.30858,0
31,265.29608,0
32,326.6674,0
33,298.14917,0
34,238.4699,0
35,286.37964,0
36,215.53577,0
37,332.09085,0
38,159.18265,0
39,270.7852,0
40,346.7586,0
41,235.48067,0
42,295.50558,0
43,212.83891,0
44,180.53018,0
45,219.83728,0
46,187.27455,0
47,275.4706,0
48,174.71887,0
49,182.21492,0
50,263.9701,0
51,167.10686,0
52,187.55116,0
53,263.04764,0
54,353.54822,0
55,319.46594,0
56,252.18488,0
57,213.93843,0
58,331.99338,0
59,218.31009,0
60,240.187,0
61,281.74564,0
62,217.09012,0
63,318.81906,0
64,158.14104,0
65,352.18387,0
66,267.09604,0
67,265.00336,0
68,183.90703,0
69,351.90305,0
70,346.999,0
71,313.31924,0
72,289.2023,0
73,198.0753,0
74,217.59291,0
75,323.90247,0
76,241.52896,0
77,369.3102,0
78,362.53604,0
79,367.54343,0
80,126.84748,1
81,172.45576,1
82,139.08574,1
83,152.96278,1
84,112.53019,1
85,155.25069,1
86,165.14247,1
87,160.579,1
88,152.53146,1
89,145.71848,1
90,154.03482,1
91,145.42891,1
92,148.61566,1
93,102.769066,1
94,105.257835,1
95,156.23645,1
96,125.83079,1
97,122.21035,1
98,152.46371,1
99,160.09802,1
100,184.95976,1
101,126.9856,1
102,108.42219,1
103,141.32289,1
104,125.80138,1
105,182.12209,1
106,119.58875,1
107,110.69916,1
108,118.67411,1
109,130.31828,1
110,117.16458,1
111,157.77803,1
112,127.84555,1
113,124.4977,1
114,118.3148,1
115,156.62114,1
116,138.16245,1
117,137.7964,1
118,130.61034,1
119,114.7217,1
120,147.45018,1
121,152.17542,1
122,153.73427,1
123,139.38182,1
124,170.8495,1
125,135.03622,1
126,134.55005,1
127,157.06557,1
128,132.98141,1
129,122.84295,1
130,119.07449,1
131,135.76965,1
132,152.24,1
133,139.40155,1
134,136.86554,1
135,148.55533,1
136,144.57965,1
137,150.01384,1
138,127.17303,1
139,166.91463,1
140,156.097,1
141,154.77109,1
142,122.7175,1
143,139.82365,1
144,146.84578,1
145,113.03632,1
146,152.36757,1
147,152.33989,1
148,157.47728,1
149,114.32693,1
150,115.773674,1
151,116.05889,1
152,139.98827,1
153,124.59745,1
154,162.59492,1
155,107.56621,1
156,161.02602,1
157,124.52257,1
158,173.14964,1
159,155.68443,1
160,155.58456,2
161,196.48067,2
162,184.06754,2
163,174.83873,2
164,147.56985,2
165,213.19461,2
166,214.32965,2
167,199.34651,2
168,217.01982,2
169,160.53754,2
170,143.70816,2
171,203.02956,2
172,223.79797,2
173,167.58308,2
174,95.10575,2
175,220.64131,2
176,189.6224,2
177,218.17737,2
178,259.87698,2
179,198.46231,2
180,138.33018,2
181,187.42583,2
182,270.07803,2
183,235.21185,2
184,157.85338,2
185,211.39749,2
186,174.31885,2
187,175.77776,2
188,122.965034,2
189,125.52702,2
190,129.3524,2
191,109.33396,2
192,195.79814,2
193,178.42374,2
194,145.85127,2
195,83.92416,2
196,275.2873,2
197,214.19833,2
198,205.43993,2
199,327.8806,2
200,237.03676,2
201,157.1951,2
202,203.7317,2
203,303.69452,2
204,170.51491,2
205,141.48947,2
206,158.39558,2
207,320.21912,2
208,144.2106,2
209,192.135,2
210,175.92317,2
211,327.96844,2
212,165.40506,2
213,204.3222,2
214,203.61783,2
215,174.2566,2
216,174.37163,2
217,189.877,2
218,194.26244,2
219,193.49051,2
220,230.46288,2
221,241.8795,2
222,217.20848,2
223,149.76321,2
224,165.67775,2
225,162.43266,2
226,231.10562,2
227,118.705475,2
228,202.20096,2
229,168.12196,2
230,213.75008,2
231,161.03291,2
232,208.73434,2
233,257.90842,2
234,186.96547,2
235,196.9196,2
236,120.02154,2
237,158.81897,2
238,156.98682,2
239,126.44753,2
240,230.30257,3
241,195.87161,3
242,129.74953,3
243,119.72242,3
244,141.55504,3
245,171.8523,3
246,213.3684,3
247,168.99026,3
248,197.96904,3
249,173.25716,3
250,167.59666,3
251,150.63104,3
252,176.40091,3
253,117.313255,3
254,159.49937,3
255,152.32419,3
256,180.76767,3
257,141.92107,3
258,194.07092,3
259,241.7281,3
260,137.93306,3
261,141.84258,3
262,142.15164,3
263,137.38585,3
264,145.63203,3
265,148.20395,3
266,184.8361,3
267,129.2458,3
268,207.7725,3
269,230.44894,3
270,136.64981,3
271,175.74025,3
272,112.27261,3
273,175.87625,3
274,142.28055,3
275,185.00557,3
276,206.2119,3
277,179.13249,3
278,218.74539,3
279,184.83018,3
280,143.69777,3
281,237.78093,3
282,213.01074,3
283,126.425255,3
284,171.66788,3
285,164.05635,3
286,186.65155,3
287,170.06932,3
288,189.87907,3
289,137.32765,3
290,161.89561,3
291,185.26721,3
292,89.59462,3
293,229.8097,3
294,144.17665,3
295,135.443,3
296,235.87202,3
297,256.4129,3
298,101.277275,3
299,318.71634,3
300,226.77728,3
301,195.44861,3
302,180.39758,3
303,132.60144,3
304,111.5584,3
305,114.81785,3
306,196.93472,3
307,153.20982,3
308,120.119934,3
309,186.81488,3
310,335.56772,3
311,128.05386,3
312,139.63264,3
313,114.2071,3
314,136.0083,3
315,219.14612,3
316,143.89786,3
317,200.37387,3
318,167.36441,3
319,260.01413,3
320,154.83249,4
321,104.45346,4
322,109.75885,4
323,76.95388,4
324,165.83063,4
325,149.85487,4
326,73.54958,4
327,108.55149,4
328,95.68673,4
329,90.812325,4
330,142.42285,4
331,131.56633,4
332,165.7625,4
333,150.71597,4
334,101.02791,4
335,88.18692,4
336,91.04467,4
337,194.1508,4
338,144.7749,4
339,60.537766,4
340,187.24861,4
341,91.70771,4
342,156.83899,4
343,129.74919,4
344,128.62459,4
345,92.06217,4
346,57.86642,4
347,175.20386,4
348,137.42749,4
349,95.59127,4
350,81.2912,4
351,171.4762,4
352,162.47165,4
353,87.31093,4
354,230.56612,4
355,122.18804,4
356,237.92363,4
357,128.77089,4
358,90.64619,4
359,151.6038,4
360,138.94241,4
361,141.31358,4
362,167.75125,4
363,74.79605,4
364,61.96755,4
365,177.88988,4
366,167.20448,4
367,168.04906,4
368,78.96449,4
369,127.00287,4
370,174.65207,4
371,128.99248,4
372,81.66159,4
373,84.1271,4
374,185.66519,4
375,90.812,4
376,83.65126,4
377,90.291145,4
378,144.4466,4
379,119.21518,4
380,135.00056,4
381,145.66495,4
382,94.72055,4
383,45.15055,4
384,196.47519,4
385,90.52439,4
386,69.34762,4
387,78.63932,4
388,118.58376,4
389,147.45183,4
390,215.4756,4
391,64.809685,4
392,117.53107,4
393,202.15828,4
394,137.3174,4
395,258.57764,4
396,120.4189,4
397,66.4236,4
398,186.3371,4
399,144.39354,4
400,158.06798,5
401,35.5123,5
402,102.679695,5
403,110.86073,5
404,84.10384,5
405,102.520546,5
406,131.69032,5
407,16.744362,5
408,143.66734,5
409,32.282867,5
410,108.391045,5
411,75.47501,5
412,96.42783,5
413,49.40084,5
414,49.69122,5
415,68.689156,5
416,158.9468,5
417,94.06306,5
418,112.91824,5
419,55.574932,5
420,119.98641,5
421,223.09904,5
422,160.68446,5
423,64.79327,5
424,126.63217,5
425,91.80187,5
426,59.609802,5
427,70.141754,5
428,55.088104,5
429,57.096794,5
430,116.43423,5
431,54.42528,5
432,79.229095,5
433,61.677498,5
434,58.827824,5
435,148.40529,5
436,120.026886,5
437,50.61638,5
438,91.94243,5
439,81.53504,5
440,87.73877,5
441,9.2832775,5
442,69.79664,5
443,88.5227,5
444,127.05635,5
445,59.089096,5
446,122.70219,5
447,114.66028,5
448,73.58078,5
449,60.778385,5
450,128.76411,5
451,134.68312,5
452,102.29409,5
453,62.692596,5
454,27.292263,5
455,28.832277,5
456,121.40435,5
457,59.541313,5
458,31.993742,5
459,122.405205,5
460,4.4482756,5
461,28.109926,5
462,55.693043,5
463,205.54524,5
464,119.20673,5
465,99.680046,5
466,131.29239,5
467,152.5568,5
468,81.24125,5
469,65.82665,5
470,98.52587,5
471,126.93172,5
472,77.55549,5
473,181.88141,5
474,58.462032,5
475,101.91447,5
476,46.47369,5
477,73.72248,5
478,80.27366,5
479,31.208195,5
480,-10.853533,6
481,102.899315,6
482,-48.146988,6
483,80.44659,6
484,15.696056,6
485,75.956245,6
486,31.691278,6
487,43.251392,6
488,43.53353,6
489,184.35225,6
490,52.043163,6
491,-18.221666,6
492,48.80659,6
493,10.114702,6
494,54.782063,6
495,-26.545477,6
496,19.95133,6
497,84.60588,6
498,114.172714,6
499,313.4104,6
500,3.0388052,6
501,69.27658,6
502,21.225714,6
503,79.16387,6
504,11.011442,6
505,95.41712,6
506,92.86486,6
507,14.399996,6
508,103.34741,6
509,132.22748,6
510,47.45382,6
511,-15.332003,6
512,180.77003,6
513,29.143454,6
514,84.47175,6
515,-20.297853,6
516,-58.350952,6
517,60.136547,6
518,46.78424,6
519,-6.1159916,6
520,60.212944,6
521,20.204535,6
522,168.22452,6
523,25.596884,6
524,201.52312,6
525,40.512672,6
526,105.485634,6
527,40.758457,6
528,118.84316,6
529,-11.04859,6
530,21.426584,6
531,30.627775,6
532,119.27743,6
533,21.308134,6
534,60.37848,6
535,38.212467,6
536,154.82503,6
537,-39.014046,6
538,2.8112204,6
539,35.160404,6
540,67.06497,6
541,52.57507,6
542,18.65963,6
543,17.74308,6
544,73.514,6
545,46.07347,6
546,-26.921427,6
547,87.50647,6
548,-59.072758,6
549,-9.520807,6
550,48.854633,6
551,12.243925,6
552,78.780426,6
553,31.992395,6
554,13.92277,6
555,-4.6101665,6
556,18.212881,6
557,204.65688,6
558,137.01816,6
559,28.75453,6
560,44.4461,7
561,31.384882,7
562,-11.147932,7
563,29.221989,7
564,-3.6283777,7
565,41.946568,7
566,101.14737,7
567,-22.372534,7
568,-14.177099,7
569,85.1275,7
570,114.83196,7
571,25.165224,7
572,58.79129,7
573,70.33585,7
574,6.820326,7
575,65.984764,7
576,51.21602,7
577,92.18745,7
578,34.864586,7
579,74.80792,7
580,60.264824,7
581,16.830257,7
582,59.867985,7
583,52.403225,7
584,40.050835,7
585,57.56642,7
586,28.131706,7
587,57.82704,7
588,13.085197,7
589,18.07711,7
590,51.667835,7
591,63.088627,7
592,48.853977,7
593,127.324486,7
594,66.46582,7
595,48.94831,7
596,8.837114,7
597,41.665325,7
598,56.820824,7
599,-26.677893,7
600,26.102983,7
601,16.134459,7
602,78.754036,7
603,94.27017,7
604,27.29303,7
605,18.166725,7
606,58.157288,7
607,12.188726,7
608,-19.756973,7
609,0.56011796,7
610,54.768677,7
611,64.650246,7
612,58.6332,7
613,36.969913,7
614,2.5668757,7
615,43.30709,7
616,8.414375,7
617,67.8685,7
618,73.31571,7
619,14.345541,7
620,107.28299,7
621,24.434557,7
622,14.643206,7
623,9.949005,7
624,50.599525,7
625,76.95457,7
626,69.01744,7
627,25.376123,7
628,1.676657,7
629,22.314909,7
630,-8.893171,7
631,38.060543,7
632,63.234272,7
633,25.43893,7
634,17.381592,7
635,23.410625,7
636,29.31903,7
637,32.17935,7
638,159.23534,7
639,50.022057,7
640,53.122444,8
641,20.659315,8
642,38.66157,8
643,-20.603159,8
644,-27.578768,8
645,7.8444824,8
646,-15.283331,8
647,-0.9702146,8
648,4.2507973,8
649,-21.715723,8
650,-71.479355,8
651,34.979874,8
652,-44.507866,8
653,116.137794,8
654,-15.482397,8
655,44.53875,8
656,11.622541,8
657,24.470709,8
658,-18.42842,8
659,110.774086,8
660,56.23417,8
661,-21.151041,8
662,-43.978638,8
663,23.953054,8
664,91.67423,8
665,42.202496,8
666,57.86991,8
667,-6.380314,8
668,-3.3736627,8
669,-69.07417,8
670,-83.99316,8
671,-25.912815,8
672,21.297316,8
673,13.478361,8
674,15.949865,8
675,-42.555992,8
676,37.3764,8
677,-48.270638,8
678,-23.08219,8
679,-0.90995955,8
680,-13.077147,8
681,12.655653,8
682,-10.556383,8
683,46.371346,8
684,31.390162,8
685,7.5612736,8
686,50.23542,8
687,-6.6229496,8
688,-23.715422,8
689,-34.64835,8
690,-37.02186,8
691,-7.114622,8
692,28.685854,8
693,-41.51422,8
694,-1.0275667,8
695,6.974798,8
696,16.469328,8
697,-4.8723354,8
698,15.593992,8
699,-72.78467,8
700,-52.63052,8
701,-12.750727,8
702,22.383131,8
703,-53.482334,8
704,15.968977,8
705,-15.666498,8
706,29.964605,8
707,-0.4316614,8
708,-4.8300056,8
709,-46.3295,8
710,9.180864,8
711,-47.267582,8
712,20.080915,8
713,17.998,8
714,-37.661274,8
715,-39.512,8
716,81.11004,8
717,2.136801,8
718,46.272964,8
719,-8.355791,8
720,-27.63548,9
721,-39.598915,9
722,11.125509,9
723,50.97744,9
724,-21.164186,9
725,-44.1925,9
726,-14.913748,9
727,47.24437,9
728,-26.839708,9
729,-11.764254,9
730,-55.40959,9
731,3.353247,9
732,63.652023,9
733,69.5922,9
734,-34.605705,9
735,-11.132223,9
736,-25.034758,9
737,40.419296,9
738,-16.526804,9
739,-20.71081,9
740,44.392815,9
741,19.747232,9
742,67.78376,9
743,44.536438,9
744,96.46138,9
745,91.24911,9
746,-1.0849855,9
747,-47.278553,9
748,-25.157251,9
749,-65.02942,9
750,-13.013094,9
751,28.3968,9
752,86.63184,9
753,-34.291542,9
754,27.100882,9
755,-1.9450548,9
756,-44.033577,9
757,-11.779268,9
758,-4.747858,9
759,15.635328,9
760,-15.699097,9
761,-36.38295,9
762,72.70344,9
763,-2.9147146,9
764,8.510355,9
765,-6.7256794,9
766,24.202963,9
767,13.7115,9
768,-43.729557,9
769,21.979637,9
770,-36.17165,9
771,-65.68383,9
772,1.9652312,9
773,-35.883564,9
774,-69.23492,9
775,-34.802193,9
776,-73.428474,9
777,-16.688078,9
778,107.21604,9
779,19.365316,9
780,34.96872,9
781,-8.284491,9
782,-35.685646,9
783,7.706072,9
784,-34.20106,9
785,40.09492,9
786,92.94528,9
787,-16.601015,9
788,4.6169567,9
789,-27.748896,9
790,-42.82353,9
791,-17.309296,9
792,-35.13941,9
793,-17.60082,9
794,15.91511,9
795,-6.3094273,9
796,45.74427,9
797,-68.62367,9
798,-42.892128,9
799,14.753069,9
