Image,Value,Label
0,249.50212,0
1,92.57084,0
2,103.94978,0
3,196.98041,0
4,169.51234,0
5,127.347244,0
6,175.02551,0
7,124.783134,0
8,162.2102,0
9,140.64679,0
10,179.3834,0
11,177.47397,0
12,172.34053,0
13,127.20673,0
14,193.47336,0
15,98.40373,0
16,146.94437,0
17,131.49008,0
18,212.86646,0
19,199.3645,0
20,225.89816,0
21,100.34499,0
22,199.95047,0
23,72.42566,0
24,296.59573,0
25,85.70791,0
26,209.19727,0
27,91.62476,0
28,169.32443,0
29,156.58264,0
30,134.77176,0
31,196.8099,0
32,144.26608,0
33,174.0565,0
34,113.245766,0
35,110.29741,0
36,95.93937,0
37,128.62314,0
38,104.51426,0
39,195.36182,0
40,197.32788,0
41,124.766464,0
42,189.14362,0
43,125.00603,0
44,135.47202,0
45,208.24098,0
46,196.16425,0
47,155.83975,0
48,81.976,0
49,99.59206,0
50,101.254875,0
51,98.431,0
52,86.80518,0
53,185.79622,0
54,165.07614,0
55,134.51273,0
56,157.3638,0
57,86.324326,0
58,188.4355,0
59,169.29387,0
60,112.6959,0
61,154.58417,0
62,83.8493,0
63,197.87637,0
64,113.37117,0
65,201.4567,0
66,80.544975,0
67,125.66967,0
68,66.188965,0
69,149.66702,0
70,163.55202,0
71,208.85849,0
72,111.94806,0
73,202.95218,0
74,117.65592,0
75,190.21138,0
76,180.63867,0
77,272.259,0
78,301.58426,0
79,187.0011,0
80,177.08052,1
81,87.80746,1
82,159.32086,1
83,169.58606,1
84,155.00082,1
85,183.75569,1
86,142.08055,1
87,155.85437,1
88,153.12527,1
89,188.96606,1
90,128.43768,1
91,158.19156,1
92,140.0828,1
93,187.94986,1
94,132.55565,1
95,113.508064,1
96,131.82034,1
97,133.13441,1
98,172.14641,1
99,170.24951,1
100,145.58627,1
101,141.52835,1
102,186.76553,1
103,135.16394,1
104,153.14052,1
105,159.87708,1
106,154.66217,1
107,180.7905,1
108,166.15508,1
109,137.71562,1
110,171.12463,1
111,149.27744,1
112,183.17082,1
113,167.20697,1
114,171.64706,1
115,159.25957,1
116,145.67152,1
117,150.90857,1
118,181.14047,1
119,141.02576,1
120,159.3031,1
121,151.53647,1
122,136.91248,1
123,200.09052,1
124,146.98267,1
125,147.27583,1
126,131.33574,1
127,148.66966,1
128,142.98749,1
129,133.70963,1
130,135.7151,1
131,124.94763,1
132,111.2902,1
133,171.45737,1
134,149.10242,1
135,150.84726,1
136,177.06107,1
137,159.58868,1
138,193.19975,1
139,158.8436,1
140,149.10736,1
141,134.99399,1
142,163.24332,1
143,171.54742,1
144,123.9188,1
145,149.48227,1
146,177.87486,1
147,182.76176,1
148,162.12491,1
149,170.3135,1
150,192.09196,1
151,169.09845,1
152,126.93081,1
153,194.77032,1
154,152.6271,1
155,183.3049,1
156,226.0264,1
157,151.85046,1
158,162.43542,1
159,155.23381,1
160,127.75651,2
161,161.60439,2
162,148.1418,2
163,95.31385,2
164,140.52634,2
165,145.55241,2
166,190.57385,2
167,186.98433,2
168,220.78,2
169,139.96806,2
170,88.139946,2
171,185.36444,2
172,157.6857,2
173,159.95885,2
174,94.36755,2
175,176.98965,2
176,158.78766,2
177,161.99902,2
178,148.39774,2
179,225.6569,2
180,97.06449,2
181,170.82916,2
182,133.19437,2
183,183.21991,2
184,198.20842,2
185,184.84048,2
186,154.20761,2
187,142.00432,2
188,115.642006,2
189,152.64908,2
190,128.31213,2
191,126.842674,2
192,171.05476,2
193,154.76143,2
194,165.07181,2
195,141.94377,2
196,205.22017,2
197,152.23442,2
198,179.81387,2
199,168.08339,2
200,143.15408,2
201,153.01236,2
202,142.49423,2
203,194.04572,2
204,149.56387,2
205,150.60104,2
206,157.76303,2
207,197.33359,2
208,137.68878,2
209,151.90283,2
210,180.20757,2
211,236.32434,2
212,89.21874,2
213,168.33177,2
214,110.9436,2
215,165.90555,2
216,214.88107,2
217,108.07133,2
218,180.82233,2
219,167.19794,2
220,156.95729,2
221,203.45459,2
222,194.47807,2
223,106.48172,2
224,156.70325,2
225,131.33316,2
226,252.38135,2
227,131.52588,2
228,196.77429,2
229,96.49116,2
230,107.073235,2
231,157.37216,2
232,150.59561,2
233,194.16406,2
234,157.68488,2
235,124.24837,2
236,132.523,2
237,169.70923,2
238,82.24338,2
239,95.7796,2
240,204.3553,3
241,148.06648,3
242,81.02983,3
243,52.79155,3
244,105.354866,3
245,118.81306,3
246,138.62857,3
247,144.72241,3
248,165.02608,3
249,114.79786,3
250,200.883,3
251,185.01782,3
252,106.833496,3
253,124.51551,3
254,161.83954,3
255,129.61469,3
256,138.43253,3
257,135.67365,3
258,247.73119,3
259,140.23286,3
260,116.98781,3
261,175.11957,3
262,161.64354,3
263,81.54888,3
264,144.5443,3
265,172.28717,3
266,187.25336,3
267,154.37393,3
268,199.37248,3
269,203.88647,3
270,114.456894,3
271,146.9641,3
272,125.537834,3
273,122.18981,3
274,110.36286,3
275,114.64709,3
276,232.28104,3
277,139.03706,3
278,168.56381,3
279,217.44955,3
280,159.47687,3
281,153.97772,3
282,199.73938,3
283,80.74143,3
284,199.17236,3
285,139.07935,3
286,171.26189,3
287,135.71548,3
288,162.31259,3
289,163.41658,3
290,145.21658,3
291,146.78111,3
292,95.192024,3
293,177.41058,3
294,137.96893,3
295,165.2139,3
296,152.78708,3
297,188.7925,3
298,128.55652,3
299,196.32898,3
300,162.56941,3
301,160.61191,3
302,107.433464,3
303,98.061554,3
304,100.429985,3
305,91.17652,3
306,161.13643,3
307,107.67316,3
308,115.3278,3
309,125.583176,3
310,232.40897,3
311,142.61829,3
312,107.86196,3
313,65.69636,3
314,131.94684,3
315,171.8291,3
316,116.18384,3
317,210.81796,3
318,169.5675,3
319,285.2043,3
320,87.585434,4
321,57.574688,4
322,59.99845,4
323,73.82904,4
324,35.845493,4
325,73.51514,4
326,84.52796,4
327,51.918957,4
328,116.08016,4
329,66.76763,4
330,79.21764,4
331,53.30828,4
332,59.218243,4
333,159.3789,4
334,55.897923,4
335,54.54082,4
336,78.413795,4
337,136.39606,4
338,94.50892,4
339,68.04244,4
340,103.89236,4
341,91.91721,4
342,89.37151,4
343,129.28107,4
344,70.12115,4
345,120.41428,4
346,31.183039,4
347,113.40708,4
348,127.35284,4
349,64.7713,4
350,56.55767,4
351,105.643776,4
352,108.985405,4
353,99.32777,4
354,121.06624,4
355,93.97895,4
356,218.06401,4
357,82.71949,4
358,75.16012,4
359,67.39692,4
360,102.23765,4
361,86.36938,4
362,139.71564,4
363,51.25162,4
364,28.894693,4
365,90.92816,4
366,139.02068,4
367,115.96739,4
368,98.72011,4
369,115.215324,4
370,62.84618,4
371,70.915085,4
372,19.785975,4
373,133.13672,4
374,152.6407,4
375,88.83706,4
376,73.4019,4
377,92.17052,4
378,69.085236,4
379,92.56567,4
380,82.486534,4
381,85.33439,4
382,64.82278,4
383,89.018425,4
384,97.887825,4
385,89.39229,4
386,80.43548,4
387,46.480675,4
388,101.40273,4
389,113.30345,4
390,154.88217,4
391,92.56637,4
392,102.291115,4
393,152.81369,4
394,96.79856,4
395,154.86507,4
396,48.27723,4
397,117.03345,4
398,109.17698,4
399,90.19114,4
400,141.40826,5
401,50.363678,5
402,51.023144,5
403,68.28014,5
404,45.32754,5
405,64.21884,5
406,42.839005,5
407,99.42704,5
408,52.104992,5
409,69.32073,5
410,15.878418,5
411,75.0876,5
412,74.02079,5
413,52.26781,5
414,12.119009,5
415,66.52536,5
416,190.72429,5
417,85.09748,5
418,89.86247,5
419,65.702736,5
420,3.4529529,5
421,109.388176,5
422,104.11126,5
423,17.251865,5
424,50.85135,5
425,81.00378,5
426,64.13383,5
427,39.777805,5
428,63.27046,5
429,48.625164,5
430,89.39151,5
431,60.561832,5
432,-1.804766,5
433,26.3187,5
434,69.53071,5
435,45.917225,5
436,161.7744,5
437,108.36724,5
438,20.373869,5
439,123.938065,5
440,48.39564,5
441,54.75427,5
442,29.662024,5
443,68.37652,5
444,103.56094,5
445,-0.36312905,5
446,48.396782,5
447,99.24676,5
448,80.22109,5
449,140.3375,5
450,47.408855,5
451,75.21624,5
452,50.205467,5
453,22.26557,5
454,16.042696,5
455,7.06356,5
456,20.463333,5
457,76.29445,5
458,11.089801,5
459,77.6619,5
460,-0.80363595,5
461,51.44274,5
462,76.59493,5
463,86.592285,5
464,81.5788,5
465,41.186882,5
466,28.701818,5
467,79.82038,5
468,33.462555,5
469,40.792744,5
470,35.19107,5
471,82.146126,5
472,54.82206,5
473,66.64492,5
474,61.282005,5
475,55.877247,5
476,10.222361,5
477,2.5395179,5
478,76.07161,5
479,1.7843186,5
480,13.437827,6
481,105.39737,6
482,-24.472584,6
483,9.170137,6
484,20.067337,6
485,-13.281798,6
486,-0.93282163,6
487,53.455753,6
488,63.785835,6
489,110.07609,6
490,0.5357586,6
491,6.631412,6
492,39.22772,6
493,-41.101482,6
494,45.368156,6
495,50.471157,6
496,16.040243,6
497,0.8072983,6
498,106.942375,6
499,282.70145,6
500,9.570631,6
501,45.629276,6
502,15.065418,6
503,43.264854,6
504,11.735604,6
505,64.94901,6
506,91.93753,6
507,41.8861,6
508,102.180595,6
509,74.05813,6
510,33.263935,6
511,-29.569445,6
512,129.02625,6
513,-28.37896,6
514,5.404447,6
515,-25.669527,6
516,22.694242,6
517,22.883713,6
518,11.713059,6
519,27.856691,6
520,19.406271,6
521,-3.8552804,6
522,23.799673,6
523,23.509937,6
524,195.66754,6
525,-13.826558,6
526,44.47506,6
527,-22.675877,6
528,72.41739,6
529,37.461887,6
530,37.69231,6
531,48.28349,6
532,62.61119,6
533,56.608498,6
534,78.06569,6
535,4.896828,6
536,76.26619,6
537,-41.05353,6
538,-25.42327,6
539,24.358385,6
540,33.108334,6
541,4.921831,6
542,35.856262,6
543,20.09847,6
544,62.693275,6
545,34.354923,6
546,-40.192898,6
547,1.7769037,6
548,-23.593094,6
549,-17.97995,6
550,74.16061,6
551,71.50034,6
552,68.78216,6
553,-22.686243,6
554,-13.487297,6
555,-9.153344,6
556,14.091394,6
557,241.07622,6
558,124.77288,6
559,18.998976,6
560,83.50884,7
561,124.83207,7
562,85.71484,7
563,27.616877,7
564,36.75016,7
565,99.98391,7
566,83.9403,7
567,41.059513,7
568,27.191238,7
569,122.665535,7
570,94.630226,7
571,31.361639,7
572,100.39733,7
573,104.33022,7
574,79.93051,7
575,43.74686,7
576,134.14319,7
577,117.47994,7
578,171.29605,7
579,89.82111,7
580,151.50143,7
581,61.151,7
582,33.596233,7
583,67.85325,7
584,67.771355,7
585,33.88787,7
586,47.59811,7
587,60.47018,7
588,27.631525,7
589,120.18412,7
590,149.29865,7
591,45.916378,7
592,6.4116855,7
593,171.54443,7
594,66.96433,7
595,64.82769,7
596,78.758965,7
597,88.4661,7
598,-2.458527,7
599,2.2847724,7
600,64.96314,7
601,126.04129,7
602,73.5353,7
603,171.3406,7
604,129.48508,7
605,19.580608,7
606,72.305,7
607,163.71419,7
608,18.288279,7
609,62.32535,7
610,135.92892,7
611,154.64082,7
612,115.58088,7
613,-8.9389515,7
614,70.96854,7
615,41.604263,7
616,47.26045,7
617,77.33513,7
618,131.47197,7
619,137.52309,7
620,91.827034,7
621,81.47817,7
622,-7.7606683,7
623,15.1930485,7
624,96.025246,7
625,152.18356,7
626,108.374344,7
627,25.264465,7
628,60.59306,7
629,25.29423,7
630,36.887196,7
631,113.638245,7
632,142.98416,7
633,105.62012,7
634,83.55692,7
635,18.042557,7
636,36.38133,7
637,22.12674,7
638,133.71513,7
639,43.12283,7
640,130.11044,8
641,30.537815,8
642,110.27583,8
643,98.56315,8
644,57.826103,8
645,68.30597,8
646,127.05951,8
647,103.727516,8
648,28.174734,8
649,40.545193,8
650,80.08379,8
651,58.32826,8
652,1.7094418,8
653,141.19731,8
654,34.244198,8
655,52.08678,8
656,61.011665,8
657,22.539392,8
658,42.848095,8
659,128.77295,8
660,130.10477,8
661,3.2633014,8
662,94.62387,8
663,62.606655,8
664,129.91438,8
665,89.52626,8
666,59.58479,8
667,27.317022,8
668,65.65465,8
669,31.840742,8
670,49.242214,8
671,27.817957,8
672,145.63751,8
673,31.496872,8
674,129.9518,8
675,84.13671,8
676,27.105371,8
677,31.66483,8
678,48.574024,8
679,22.392408,8
680,77.16432,8
681,67.16953,8
682,56.811802,8
683,48.77045,8
684,182.70499,8
685,54.62838,8
686,88.39458,8
687,34.009594,8
688,43.30975,8
689,-5.033015,8
690,83.09202,8
691,103.62118,8
692,78.45497,8
693,81.85107,8
694,60.00595,8
695,61.081177,8
696,183.25693,8
697,90.65246,8
698,148.37976,8
699,75.873024,8
700,62.01933,8
701,54.898354,8
702,54.638172,8
703,41.300056,8
704,131.92572,8
705,86.45739,8
706,81.3397,8
707,121.13611,8
708,71.75675,8
709,62.570904,8
710,86.28104,8
711,75.98614,8
712,111.203476,8
713,31.36602,8
714,80.528435,8
715,100.464005,8
716,95.018974,8
717,37.18097,8
718,33.4623,8
719,88.82102,8
720,21.657234,9
721,63.526154,9
722,49.56583,9
723,109.92118,9
724,17.63695,9
725,29.463253,9
726,39.35625,9
727,56.89755,9
728,18.280212,9
729,31.19322,9
730,-24.434614,9
731,-8.171724,9
732,89.5206,9
733,48.566685,9
734,3.2063384,9
735,114.2041,9
736,2.3788724,9
737,39.25694,9
738,35.31855,9
739,7.8664927,9
740,106.14531,9
741,6.434177,9
742,132.84343,9
743,20.93885,9
744,74.35017,9
745,80.86866,9
746,28.674515,9
747,-0.34153214,9
748,102.76409,9
749,73.209404,9
750,16.206562,9
751,33.664276,9
752,101.618065,9
753,75.71493,9
754,94.96437,9
755,35.330116,9
756,1.4313923,9
757,10.243141,9
758,58.120743,9
759,12.525993,9
760,58.62818,9
761,-2.91962,9
762,56.044308,9
763,52.977768,9
764,75.97964,9
765,45.253452,9
766,38.3174,9
767,41.10785,9
768,6.0333114,9
769,41.805187,9
770,36.563854,9
771,31.494005,9
772,49.44318,9
773,22.035467,9
774,23.746672,9
775,-2.3466697,9
776,-28.143286,9
777,15.378355,9
778,83.453224,9
779,15.07206,9
780,129.0551,9
781,32.962467,9
782,29.359978,9
783,67.51317,9
784,32.357155,9
785,27.62577,9
786,76.09967,9
787,6.624269,9
788,7.495664,9
789,17.806803,9
790,-22.280943,9
791,43.878178,9
792,34.50031,9
793,24.748167,9
794,34.647694,9
795,10.001419,9
796,11.506599,9
797,13.338541,9
798,32.76433,9
799,105.62806,9
