Image,Value,Label
0,-449.7975,0
1,-286.83282,0
2,-309.89896,0
3,-386.74384,0
4,-311.27557,0
5,-307.5269,0
6,-292.6701,0
7,-372.71838,0
8,-312.67297,0
9,-328.47696,0
10,-342.65372,0
11,-348.238,0
12,-409.5161,0
13,-315.1693,0
14,-337.49094,0
15,-294.3482,0
16,-312.05835,0
17,-362.7293,0
18,-369.48975,0
19,-427.64484,0
20,-458.64944,0
21,-335.04962,0
22,-397.09772,0
23,-307.41882,0
24,-472.50812,0
25,-320.51657,0
26,-367.61423,0
27,-311.4266,0
28,-422.95078,0
29,-301.59933,0
30,-327.15546,0
31,-420.98602,0
32,-337.04602,0
33,-415.31354,0
34,-337.783,0
35,-334.05582,0
36,-287.65515,0
37,-334.70203,0
38,-343.34366,0
39,-368.13617,0
40,-370.37192,0
41,-371.88086,0
42,-423.29855,0
43,-300.50247,0
44,-358.7163,0
45,-370.11237,0
46,-366.43668,0
47,-344.94183,0
48,-262.47467,0
49,-287.62106,0
50,-308.42325,0
51,-329.16217,0
52,-256.94244,0
53,-387.55682,0
54,-353.6261,0
55,-387.24658,0
56,-309.8605,0
57,-274.30225,0
58,-433.02472,0
59,-312.27826,0
60,-306.3402,0
61,-343.10382,0
62,-314.64914,0
63,-466.52924,0
64,-331.60382,0
65,-421.31372,0
66,-295.58136,0
67,-324.18655,0
68,-295.62198,0
69,-424.01202,0
70,-412.75122,0
71,-482.96143,0
72,-364.65564,0
73,-403.36853,0
74,-349.27167,0
75,-395.84827,0
76,-317.37094,0
77,-458.73126,0
78,-414.68924,0
79,-428.27585,0
80,-272.36597,1
81,-233.66068,1
82,-244.86682,1
83,-218.56137,1
84,-253.15686,1
85,-287.9494,1
86,-233.86794,1
87,-233.6878,1
88,-233.80634,1
89,-282.16528,1
90,-235.54727,1
91,-263.09903,1
92,-239.22346,1
93,-290.87634,1
94,-266.0406,1
95,-235.52356,1
96,-240.98471,1
97,-243.68796,1
98,-279.7193,1
99,-245.51639,1
100,-228.21294,1
101,-260.09164,1
102,-280.91058,1
103,-247.86026,1
104,-249.81755,1
105,-237.9251,1
106,-274.1732,1
107,-299.41016,1
108,-248.46121,1
109,-273.12646,1
110,-272.4499,1
111,-236.65596,1
112,-294.46277,1
113,-263.12875,1
114,-296.30835,1
115,-260.8789,1
116,-247.62479,1
117,-264.21484,1
118,-274.1966,1
119,-259.49402,1
120,-257.03513,1
121,-237.34497,1
122,-245.87433,1
123,-263.28156,1
124,-248.73563,1
125,-245.278,1
126,-230.10187,1
127,-256.35312,1
128,-264.1593,1
129,-218.9833,1
130,-259.15698,1
131,-231.72818,1
132,-249.22795,1
133,-282.7961,1
134,-236.10272,1
135,-273.48917,1
136,-279.706,1
137,-254.00269,1
138,-275.61725,1
139,-225.51863,1
140,-230.40628,1
141,-227.94246,1
142,-252.11014,1
143,-270.04974,1
144,-267.0824,1
145,-273.59695,1
146,-267.86777,1
147,-274.19934,1
148,-237.3762,1
149,-287.9859,1
150,-258.74103,1
151,-268.75552,1
152,-310.62006,1
153,-265.25677,1
154,-236.82593,1
155,-305.2652,1
156,-295.4217,1
157,-254.0013,1
158,-241.72797,1
159,-244.19519,1
160,-218.48349,2
161,-352.1107,2
162,-289.46442,2
163,-260.0968,2
164,-289.97614,2
165,-372.1104,2
166,-318.28156,2
167,-269.65298,2
168,-312.48666,2
169,-369.59293,2
170,-251.40906,2
171,-345.78625,2
172,-313.61664,2
173,-282.67685,2
174,-248.7308,2
175,-307.11008,2
176,-319.19388,2
177,-341.27112,2
178,-290.6776,2
179,-366.7226,2
180,-184.85641,2
181,-377.8454,2
182,-352.32562,2
183,-353.81754,2
184,-239.23187,2
185,-331.45346,2
186,-355.3495,2
187,-244.71951,2
188,-246.54813,2
189,-283.49042,2
190,-236.64313,2
191,-300.53958,2
192,-300.15436,2
193,-314.59335,2
194,-312.21802,2
195,-168.8739,2
196,-377.99426,2
197,-279.00378,2
198,-314.77844,2
199,-375.11285,2
200,-289.0818,2
201,-247.49243,2
202,-322.4953,2
203,-334.31146,2
204,-327.57822,2
205,-286.17673,2
206,-265.0095,2
207,-404.101,2
208,-331.2002,2
209,-362.0276,2
210,-339.4198,2
211,-377.4837,2
212,-315.84137,2
213,-275.5739,2
214,-312.4956,2
215,-363.81885,2
216,-273.23413,2
217,-214.36682,2
218,-315.252,2
219,-394.13376,2
220,-353.83026,2
221,-360.64587,2
222,-359.69086,2
223,-246.0965,2
224,-276.26804,2
225,-356.55347,2
226,-419.47833,2
227,-268.2522,2
228,-353.83368,2
229,-307.49902,2
230,-270.25543,2
231,-260.2719,2
232,-293.4331,2
233,-368.86298,2
234,-298.30353,2
235,-323.91946,2
236,-261.66354,2
237,-268.08734,2
238,-274.0763,2
239,-249.33151,2
240,-224.18515,3
241,-215.53389,3
242,-158.89064,3
243,-117.93606,3
244,-183.39124,3
245,-185.77603,3
246,-169.40512,3
247,-222.32089,3
248,-214.39307,3
249,-197.87242,3
250,-200.97226,3
251,-228.23077,3
252,-161.20856,3
253,-161.95847,3
254,-196.76324,3
255,-212.39877,3
256,-201.8868,3
257,-190.17282,3
258,-214.9006,3
259,-186.96854,3
260,-173.43408,3
261,-201.38388,3
262,-203.2341,3
263,-176.48967,3
264,-221.28351,3
265,-157.34573,3
266,-178.56625,3
267,-221.2991,3
268,-311.52478,3
269,-248.5556,3
270,-181.427,3
271,-213.18306,3
272,-184.05046,3
273,-196.65274,3
274,-175.58093,3
275,-192.29303,3
276,-229.71815,3
277,-203.51167,3
278,-244.8273,3
279,-298.6751,3
280,-237.39374,3
281,-223.84048,3
282,-220.44772,3
283,-98.941864,3
284,-264.92798,3
285,-190.20235,3
286,-106.44137,3
287,-165.87927,3
288,-199.36945,3
289,-217.58307,3
290,-174.29588,3
291,-209.34677,3
292,-142.91258,3
293,-191.89796,3
294,-206.24876,3
295,-294.17163,3
296,-237.98593,3
297,-245.20801,3
298,-134.66635,3
299,-247.26056,3
300,-226.90128,3
301,-127.11501,3
302,-200.20404,3
303,-179.74359,3
304,-197.24919,3
305,-143.32104,3
306,-182.90846,3
307,-184.3031,3
308,-166.30467,3
309,-218.01802,3
310,-313.98077,3
311,-178.09052,3
312,-174.70901,3
313,-164.84235,3
314,-201.41711,3
315,-239.06479,3
316,-205.26874,3
317,-241.83685,3
318,-161.97751,3
319,-385.21997,3
320,-172.9967,4
321,-130.68163,4
322,-120.233345,4
323,-155.71072,4
324,-109.92683,4
325,-141.7131,4
326,-142.11029,4
327,-121.0025,4
328,-171.71597,4
329,-176.50368,4
330,-85.80175,4
331,-170.21791,4
332,-140.18896,4
333,-219.25406,4
334,-133.59187,4
335,-173.64096,4
336,-164.18509,4
337,-109.06243,4
338,-119.27512,4
339,-141.94592,4
340,-219.59912,4
341,-125.40772,4
342,-108.40885,4
343,-168.86815,4
344,-132.1706,4
345,-179.30972,4
346,-139.87079,4
347,-239.6975,4
348,-170.13422,4
349,-168.4737,4
350,-94.14422,4
351,-138.6922,4
352,-155.85887,4
353,-174.32861,4
354,-206.11565,4
355,-143.5748,4
356,-152.2113,4
357,-157.65475,4
358,-165.5789,4
359,-132.22612,4
360,-144.24933,4
361,-162.81519,4
362,-134.50882,4
363,-166.90518,4
364,-159.04105,4
365,-122.59887,4
366,-187.841,4
367,-116.254074,4
368,-160.43414,4
369,-188.86249,4
370,-178.80855,4
371,-160.57253,4
372,-130.75931,4
373,-176.34555,4
374,-103.58432,4
375,-102.84431,4
376,-154.0615,4
377,-143.51968,4
378,-113.478714,4
379,-149.15674,4
380,-141.62038,4
381,-178.72385,4
382,-139.25444,4
383,-108.87794,4
384,-170.79315,4
385,-177.37213,4
386,-129.17436,4
387,-136.66269,4
388,-180.59705,4
389,-220.06898,4
390,-158.13492,4
391,-123.30062,4
392,-156.23517,4
393,-164.4898,4
394,-127.299034,4
395,-167.45914,4
396,-152.61792,4
397,-205.4062,4
398,-157.31387,4
399,-161.6233,4
400,-162.77068,5
401,-114.129135,5
402,-187.06412,5
403,-137.60745,5
404,-163.17517,5
405,-103.1084,5
406,-131.77972,5
407,-208.75491,5
408,-156.78864,5
409,-151.80267,5
410,-141.9834,5
411,-155.67574,5
412,-195.66031,5
413,-149.77931,5
414,-159.61972,5
415,-191.38425,5
416,-208.02913,5
417,-136.49387,5
418,-212.84035,5
419,-105.71191,5
420,-152.65195,5
421,-164.88712,5
422,-264.97733,5
423,-98.45006,5
424,-146.2497,5
425,-165.97769,5
426,-143.64293,5
427,-108.006256,5
428,-75.98085,5
429,-70.41796,5
430,-94.35107,5
431,-129.45749,5
432,-90.90988,5
433,-147.54544,5
434,-107.16058,5
435,-100.33767,5
436,-223.05276,5
437,-205.5502,5
438,-142.08159,5
439,-249.69128,5
440,-179.30463,5
441,-168.95518,5
442,-90.35058,5
443,-150.00938,5
444,-202.93814,5
445,-114.499855,5
446,-164.19406,5
447,-104.44163,5
448,-137.79759,5
449,-278.72363,5
450,-174.1194,5
451,-127.96691,5
452,-102.18168,5
453,-99.81825,5
454,-178.73909,5
455,-131.48303,5
456,-138.65862,5
457,-44.88755,5
458,-94.49768,5
459,-127.60963,5
460,-80.1599,5
461,-70.49586,5
462,-116.58152,5
463,-136.63635,5
464,-164.45883,5
465,-135.12329,5
466,-130.39815,5
467,-213.89543,5
468,-90.61793,5
469,-141.50354,5
470,-153.77986,5
471,-142.31227,5
472,-98.93343,5
473,-195.39655,5
474,-126.01646,5
475,-168.227,5
476,-52.634613,5
477,-169.20331,5
478,-259.3282,5
479,-92.29281,5
480,-153.67249,6
481,-174.45119,6
482,-154.1199,6
483,-127.74506,6
484,-132.84537,6
485,-96.95838,6
486,-212.00525,6
487,-215.39938,6
488,-166.53531,6
489,-211.2863,6
490,-169.48746,6
491,-138.74966,6
492,-153.43243,6
493,-112.85385,6
494,-120.36846,6
495,-138.25308,6
496,-104.01635,6
497,-181.26508,6
498,-172.77039,6
499,-330.7053,6
500,-158.4473,6
501,-173.96548,6
502,-134.85313,6
503,-166.24896,6
504,-131.52142,6
505,-191.51108,6
506,-205.07608,6
507,-149.22125,6
508,-129.4029,6
509,-256.6211,6
510,-210.70439,6
511,-154.9049,6
512,-243.26823,6
513,-145.38301,6
514,-115.494225,6
515,-127.8626,6
516,-125.12148,6
517,-123.720055,6
518,-119.42627,6
519,-107.33835,6
520,-133.4519,6
521,-116.05122,6
522,-182.14246,6
523,-127.352776,6
524,-225.57907,6
525,-103.72566,6
526,-104.31187,6
527,-126.30474,6
528,-151.1531,6
529,-149.41614,6
530,-126.56021,6
531,-156.1301,6
532,-193.14276,6
533,-130.1428,6
534,-110.41393,6
535,-158.24231,6
536,-180.95293,6
537,-71.42988,6
538,-103.95405,6
539,-108.70879,6
540,-127.724724,6
541,-107.627495,6
542,-119.902016,6
543,-143.13675,6
544,-176.37769,6
545,-138.43634,6
546,-118.6283,6
547,-126.31184,6
548,-128.40854,6
549,-101.90068,6
550,-203.4348,6
551,-193.63335,6
552,-200.1784,6
553,-89.87339,6
554,-178.10516,6
555,-108.6358,6
556,-55.04191,6
557,-305.0991,6
558,-165.8068,6
559,-169.6372,6
560,-23.614874,7
561,-111.70907,7
562,-82.29728,7
563,-26.595793,7
564,0.121850505,7
565,-60.136765,7
566,-45.25594,7
567,-1.4268785,7
568,46.567688,7
569,-107.55554,7
570,-40.933624,7
571,-25.96229,7
572,-77.18078,7
573,21.246828,7
574,-101.95101,7
575,-54.85367,7
576,-62.872005,7
577,-116.98523,7
578,-120.65952,7
579,-100.31336,7
580,-126.53985,7
581,-26.626503,7
582,-33.54262,7
583,-12.251066,7
584,-25.320494,7
585,-20.039557,7
586,-12.256346,7
587,-55.10427,7
588,-42.70537,7
589,2.0075088,7
590,46.048332,7
591,-71.986015,7
592,7.85029,7
593,-150.26334,7
594,-76.6802,7
595,-69.9536,7
596,53.56417,7
597,-29.067327,7
598,2.765924,7
599,74.14834,7
600,-29.84197,7
601,-112.2622,7
602,-51.534496,7
603,-116.80248,7
604,-84.472206,7
605,14.0936985,7
606,-9.713293,7
607,35.952866,7
608,-20.999838,7
609,-58.764473,7
610,-85.12399,7
611,-30.919813,7
612,-45.52998,7
613,0.321939,7
614,-1.5407548,7
615,-61.9862,7
616,-17.591047,7
617,-73.09034,7
618,-145.7035,7
619,-29.731619,7
620,-111.97201,7
621,-45.442173,7
622,20.075602,7
623,-53.237244,7
624,-84.6119,7
625,-25.85383,7
626,-112.0366,7
627,-14.491346,7
628,-44.00724,7
629,-14.463842,7
630,-1.2916627,7
631,-111.95514,7
632,-99.035194,7
633,-77.7467,7
634,35.211067,7
635,-8.785818,7
636,5.7716994,7
637,-25.174467,7
638,-138.31993,7
639,-70.620865,7
640,-126.6092,8
641,-49.635956,8
642,-85.577126,8
643,-72.34532,8
644,-105.37777,8
645,-38.262592,8
646,-127.19451,8
647,-82.86283,8
648,-18.261099,8
649,-11.356913,8
650,-58.76076,8
651,-55.475746,8
652,28.385248,8
653,-104.47239,8
654,-39.12419,8
655,-39.721054,8
656,-21.488438,8
657,-10.114122,8
658,-51.135334,8
659,-122.11094,8
660,-18.444723,8
661,-57.688705,8
662,-104.56871,8
663,-82.423134,8
664,-100.05532,8
665,-68.676216,8
666,-53.659634,8
667,-17.444426,8
668,-84.27197,8
669,-40.093063,8
670,-51.514015,8
671,-25.720537,8
672,-62.68265,8
673,-37.362526,8
674,-95.01725,8
675,-109.68543,8
676,-71.05766,8
677,-19.481993,8
678,-60.685905,8
679,-29.684294,8
680,-63.94722,8
681,-77.57908,8
682,-3.6738,8
683,-33.044415,8
684,-113.792656,8
685,-27.188375,8
686,-83.36411,8
687,-55.530872,8
688,-100.812416,8
689,-33.274963,8
690,-30.39753,8
691,-22.48585,8
692,-24.415844,8
693,-68.810295,8
694,-3.4700189,8
695,-51.00429,8
696,-17.863184,8
697,-65.773254,8
698,-119.50036,8
699,-62.401947,8
700,-36.076298,8
701,-97.10175,8
702,-42.23839,8
703,-43.694077,8
704,-92.79612,8
705,-26.40045,8
706,-82.63966,8
707,-150.36852,8
708,-48.42521,8
709,-79.628716,8
710,-77.81336,8
711,-77.76775,8
712,-143.399,8
713,-40.963383,8
714,-59.09088,8
715,-69.74302,8
716,-80.83065,8
717,-33.887074,8
718,-25.898932,8
719,-89.84874,8
720,28.39715,9
721,52.681,9
722,-19.246668,9
723,24.077036,9
724,5.220823,9
725,60.4594,9
726,9.233038,9
727,-3.0408425,9
728,9.153227,9
729,-44.694336,9
730,-23.41519,9
731,19.127241,9
732,7.694799,9
733,39.733093,9
734,71.18527,9
735,-46.239735,9
736,16.177294,9
737,65.5998,9
738,-22.355589,9
739,38.727776,9
740,-16.028395,9
741,-3.1605744,9
742,-44.131737,9
743,7.1049514,9
744,-111.439896,9
745,-46.81096,9
746,-8.090124,9
747,60.6714,9
748,-48.86742,9
749,18.418749,9
750,22.376522,9
751,49.335114,9
752,-6.28134,9
753,1.0192847,9
754,74.43466,9
755,19.180822,9
756,3.733667,9
757,18.01335,9
758,-31.3057,9
759,2.5098376,9
760,46.258533,9
761,29.927534,9
762,-1.3287129,9
763,45.345783,9
764,4.2376647,9
765,-31.834753,9
766,5.924188,9
767,50.3422,9
768,23.634417,9
769,8.302183,9
770,42.645615,9
771,37.256935,9
772,15.571703,9
773,30.236322,9
774,32.076782,9
775,40.102844,9
776,98.65171,9
777,26.784723,9
778,-28.662092,9
779,18.533663,9
780,48.224785,9
781,-13.397505,9
782,-15.269583,9
783,28.18653,9
784,23.740831,9
785,34.534504,9
786,-82.84687,9
787,0.18666984,9
788,7.4969115,9
789,38.572258,9
790,-14.898989,9
791,-40.19118,9
792,57.712906,9
793,46.670258,9
794,24.404917,9
795,59.116753,9
796,59.558525,9
797,42.033577,9
798,36.64427,9
799,-45.727936,9
