Image,Value,Label
0,106.492485,0
1,71.61315,0
2,57.798576,0
3,110.57275,0
4,36.511997,0
5,50.675175,0
6,25.250832,0
7,82.974144,0
8,102.37632,0
9,57.956013,0
10,14.871299,0
11,88.18535,0
12,121.04077,0
13,105.895966,0
14,120.66511,0
15,45.34185,0
16,32.450996,0
17,64.99416,0
18,92.566414,0
19,133.22104,0
20,94.60228,0
21,83.55241,0
22,102.25712,0
23,82.86042,0
24,167.12665,0
25,112.37527,0
26,150.97702,0
27,77.04486,0
28,70.929146,0
29,73.45024,0
30,33.61098,0
31,18.650238,0
32,137.81622,0
33,42.96652,0
34,30.039543,0
35,39.82081,0
36,77.916725,0
37,106.04863,0
38,72.86579,0
39,14.033378,0
40,124.28244,0
41,84.35738,0
42,48.018898,0
43,52.69704,0
44,74.18463,0
45,44.566566,0
46,-22.203686,0
47,118.50802,0
48,70.04757,0
49,78.90454,0
50,66.80242,0
51,58.2801,0
52,77.03956,0
53,57.517746,0
54,138.26013,0
55,130.27289,0
56,39.451946,0
57,92.34881,0
58,107.03443,0
59,51.642967,0
60,68.1198,0
61,130.83789,0
62,73.81568,0
63,73.08245,0
64,65.18879,0
65,95.11672,0
66,87.07454,0
67,126.57802,0
68,81.8301,0
69,144.23042,0
70,84.121155,0
71,90.990814,0
72,130.60355,0
73,-63.092476,0
74,67.514656,0
75,117.11219,0
76,-4.331631,0
77,63.553596,0
78,114.38802,0
79,149.00647,0
80,42.559875,1
81,50.86119,1
82,36.135906,1
83,27.763584,1
84,51.322968,1
85,39.77961,1
86,51.997173,1
87,57.78341,1
88,60.44436,1
89,46.221107,1
90,55.39303,1
91,48.117176,1
92,37.18959,1
93,24.16285,1
94,44.798073,1
95,79.479355,1
96,64.74084,1
97,58.493813,1
98,39.221237,1
99,26.139835,1
100,60.0556,1
101,65.841576,1
102,37.345722,1
103,63.946884,1
104,50.326923,1
105,51.797943,1
106,55.2145,1
107,35.083824,1
108,47.09798,1
109,64.80119,1
110,61.44424,1
111,65.689445,1
112,24.910164,1
113,42.02137,1
114,52.30597,1
115,56.848434,1
116,18.658306,1
117,54.96163,1
118,38.99969,1
119,59.59257,1
120,54.577744,1
121,56.503815,1
122,59.667442,1
123,21.790794,1
124,56.295273,1
125,66.09165,1
126,34.89278,1
127,69.57775,1
128,72.164085,1
129,65.7306,1
130,59.795044,1
131,76.198586,1
132,70.12333,1
133,47.258553,1
134,47.963005,1
135,75.04703,1
136,17.519745,1
137,46.9889,1
138,54.692818,1
139,40.982147,1
140,33.04071,1
141,58.81044,1
142,44.640167,1
143,53.777832,1
144,61.285202,1
145,60.801765,1
146,43.74872,1
147,49.813377,1
148,10.601459,1
149,57.308582,1
150,30.563515,1
151,54.368652,1
152,80.70675,1
153,31.718254,1
154,20.227867,1
155,54.074364,1
156,18.464146,1
157,70.1434,1
158,43.716167,1
159,24.008821,1
160,64.15576,2
161,81.12387,2
162,113.84834,2
163,54.74513,2
164,58.747047,2
165,40.139725,2
166,20.908886,2
167,72.11988,2
168,52.4569,2
169,96.69423,2
170,85.12243,2
171,52.40768,2
172,38.004673,2
173,-0.730271,2
174,60.299923,2
175,-14.018563,2
176,38.61488,2
177,93.179344,2
178,65.501656,2
179,69.556595,2
180,-1.7149779,2
181,61.559616,2
182,53.05587,2
183,79.106865,2
184,58.717487,2
185,117.07324,2
186,-36.105965,2
187,68.10051,2
188,46.67553,2
189,29.863127,2
190,34.053806,2
191,65.20815,2
192,65.391754,2
193,92.789856,2
194,58.86342,2
195,-1.4177157,2
196,79.81074,2
197,29.813114,2
198,51.386696,2
199,26.088146,2
200,96.61653,2
201,64.524994,2
202,29.177526,2
203,77.28132,2
204,96.2828,2
205,58.403915,2
206,5.4082522,2
207,43.010063,2
208,41.04035,2
209,-2.7436302,2
210,-36.38781,2
211,16.794952,2
212,83.91421,2
213,15.381091,2
214,81.721924,2
215,47.190216,2
216,12.045024,2
217,-5.8515506,2
218,48.96768,2
219,127.08513,2
220,99.82934,2
221,95.65304,2
222,118.67271,2
223,74.23145,2
224,77.17538,2
225,130.81184,2
226,77.17513,2
227,21.12024,2
228,117.82934,2
229,128.47534,2
230,86.94373,2
231,36.125145,2
232,39.38017,2
233,171.67545,2
234,63.338913,2
235,107.49482,2
236,42.579155,2
237,55.48448,2
238,73.10994,2
239,33.69202,2
240,-15.077733,3
241,10.531798,3
242,31.256323,3
243,-3.595248,3
244,5.3716083,3
245,26.59499,3
246,-21.573505,3
247,34.95314,3
248,30.172626,3
249,44.11024,3
250,-6.2304425,3
251,36.368332,3
252,3.3563054,3
253,24.79842,3
254,9.721404,3
255,12.7294855,3
256,32.993793,3
257,53.75568,3
258,19.186592,3
259,-12.712316,3
260,11.8395605,3
261,-10.40075,3
262,29.168365,3
263,15.905461,3
264,78.88276,3
265,-7.3181176,3
266,-18.560417,3
267,5.0111156,3
268,41.686638,3
269,62.307007,3
270,51.778614,3
271,8.365272,3
272,2.300151,3
273,-19.132748,3
274,6.041269,3
275,15.578063,3
276,15.428355,3
277,60.806526,3
278,31.571785,3
279,-10.860585,3
280,10.316001,3
281,42.70055,3
282,-36.855713,3
283,-35.368687,3
284,25.489506,3
285,36.161697,3
286,-10.695619,3
287,-39.94082,3
288,8.138373,3
289,-29.6203,3
290,14.539287,3
291,18.610977,3
292,-13.835404,3
293,20.129547,3
294,-3.5032852,3
295,-53.84719,3
296,8.613006,3
297,40.720337,3
298,-32.031067,3
299,22.870102,3
300,35.428726,3
301,-50.28426,3
302,26.365952,3
303,-3.4989345,3
304,24.529987,3
305,10.001842,3
306,20.36964,3
307,22.888943,3
308,67.48115,3
309,15.370105,3
310,3.585914,3
311,15.567794,3
312,18.309135,3
313,35.29028,3
314,46.187668,3
315,85.30874,3
316,44.777508,3
317,3.5843422,3
318,32.935482,3
319,114.3514,3
320,-88.02785,4
321,-70.329,4
322,-86.26666,4
323,-61.153572,4
324,-77.11915,4
325,-74.07667,4
326,-110.06931,4
327,-38.700478,4
328,-37.703156,4
329,-9.676742,4
330,-66.902626,4
331,-72.29563,4
332,-84.81544,4
333,-45.719406,4
334,-48.67828,4
335,-82.96441,4
336,-28.623402,4
337,-94.063095,4
338,-90.21641,4
339,-67.23522,4
340,-39.419666,4
341,-29.708773,4
342,-110.54073,4
343,-72.65244,4
344,-129.21436,4
345,-64.063484,4
346,-23.630293,4
347,-17.911757,4
348,-28.970171,4
349,-51.419632,4
350,-109.5651,4
351,-4.3002553,4
352,-117.67321,4
353,-22.181171,4
354,-30.444855,4
355,-78.205666,4
356,-75.9497,4
357,-89.3951,4
358,-99.249756,4
359,-21.861658,4
360,-84.144714,4
361,-80.99021,4
362,-53.256462,4
363,1.3123926,4
364,-88.80391,4
365,-82.53873,4
366,-118.6792,4
367,-96.3116,4
368,-110.08442,4
369,-18.323067,4
370,-29.66452,4
371,-106.018875,4
372,-54.967434,4
373,-44.14892,4
374,-117.440605,4
375,-135.94287,4
376,-45.314785,4
377,-72.2008,4
378,-109.735374,4
379,-32.800613,4
380,-104.69356,4
381,-54.493454,4
382,-53.98667,4
383,-63.348927,4
384,-84.934425,4
385,-44.66754,4
386,-98.79168,4
387,-57.10147,4
388,-54.34073,4
389,-94.44465,4
390,-24.217606,4
391,-72.557304,4
392,-109.249985,4
393,-77.00708,4
394,-16.21765,4
395,-50.204002,4
396,-109.178604,4
397,-26.587015,4
398,-58.249596,4
399,-69.03489,4
400,10.116588,5
401,44.575397,5
402,30.698048,5
403,-50.92346,5
404,10.581721,5
405,15.598334,5
406,-24.219465,5
407,9.864745,5
408,8.268271,5
409,-52.37631,5
410,-16.341513,5
411,-43.879704,5
412,-10.151337,5
413,-10.805951,5
414,-1.0840803,5
415,9.727538,5
416,52.755524,5
417,0.049170833,5
418,-19.697731,5
419,12.392629,5
420,-21.798384,5
421,8.282298,5
422,-18.461079,5
423,-70.06924,5
424,18.031424,5
425,-17.885143,5
426,-8.479474,5
427,-77.292534,5
428,-41.626316,5
429,-23.85746,5
430,-23.759748,5
431,-43.885582,5
432,-19.732086,5
433,18.143616,5
434,-5.1833577,5
435,-64.485596,5
436,-23.555904,5
437,-14.361117,5
438,-42.337906,5
439,-50.164112,5
440,-3.0279682,5
441,-56.446312,5
442,-43.023182,5
443,-12.83674,5
444,-40.332104,5
445,-19.419271,5
446,-46.802944,5
447,-4.3791547,5
448,-104.159485,5
449,6.0036387,5
450,-12.951043,5
451,-8.559329,5
452,-64.288994,5
453,0.93410623,5
454,-23.412813,5
455,-82.51569,5
456,54.476124,5
457,-27.999292,5
458,-19.045835,5
459,-81.34855,5
460,-40.423874,5
461,-33.313026,5
462,25.435825,5
463,16.006641,5
464,23.83327,5
465,-0.25459543,5
466,-15.631303,5
467,0.8450378,5
468,-41.126434,5
469,-22.112938,5
470,-38.24232,5
471,3.5202477,5
472,10.053744,5
473,9.83812,5
474,0.7024511,5
475,-24.446896,5
476,-23.84951,5
477,39.428387,5
478,-17.238213,5
479,-27.105453,5
480,6.9690795,6
481,-8.000199,6
482,34.86598,6
483,-24.879955,6
484,10.736552,6
485,1.6593889,6
486,34.43953,6
487,-12.681329,6
488,-32.678154,6
489,22.25706,6
490,10.586015,6
491,-3.6246498,6
492,-5.744248,6
493,36.127144,6
494,11.330962,6
495,-61.964447,6
496,-64.52949,6
497,5.995128,6
498,10.855681,6
499,-48.09766,6
500,25.91202,6
501,34.212032,6
502,36.970005,6
503,18.968834,6
504,-10.646974,6
505,33.468067,6
506,1.5342363,6
507,19.608349,6
508,-66.0597,6
509,22.20604,6
510,18.40038,6
511,-7.687947,6
512,30.601933,6
513,12.305675,6
514,-11.603247,6
515,17.518139,6
516,-49.573788,6
517,-9.936883,6
518,-11.749318,6
519,14.915631,6
520,-41.18169,6
521,-14.999452,6
522,53.255096,6
523,30.5503,6
524,60.35403,6
525,21.27792,6
526,-13.1885805,6
527,5.5920367,6
528,20.362179,6
529,4.6035075,6
530,-8.633225,6
531,-28.199848,6
532,-1.9954764,6
533,-14.193816,6
534,-78.45071,6
535,-24.701214,6
536,42.037148,6
537,-0.66480315,6
538,36.045277,6
539,-10.12827,6
540,26.480524,6
541,10.52226,6
542,10.481559,6
543,-32.60089,6
544,-0.5743147,6
545,2.0216687,6
546,-52.80413,6
547,-41.034065,6
548,-56.31062,6
549,-5.3462033,6
550,-44.781563,6
551,-0.7574583,6
552,-8.309009,6
553,-24.599104,6
554,-1.3160368,6
555,9.226565,6
556,-31.473372,6
557,58.926598,6
558,13.100621,6
559,-6.8364987,6
560,-78.765526,7
561,-35.818604,7
562,-13.3552685,7
563,-88.958305,7
564,-114.43499,7
565,-79.45779,7
566,-31.275488,7
567,-78.68644,7
568,-73.61525,7
569,-34.27976,7
570,-67.52399,7
571,-63.748802,7
572,-56.132072,7
573,-60.345707,7
574,-51.06298,7
575,-32.18436,7
576,-114.20557,7
577,-50.150295,7
578,-56.13221,7
579,-44.31758,7
580,-17.795269,7
581,-53.551437,7
582,0.91798246,7
583,-90.92289,7
584,-57.375183,7
585,-58.092796,7
586,-37.31072,7
587,-57.827873,7
588,-29.752636,7
589,-87.41664,7
590,-133.20135,7
591,-45.20818,7
592,-53.327694,7
593,-103.710625,7
594,-58.797974,7
595,-54.893314,7
596,-104.82303,7
597,-130.56642,7
598,-31.089428,7
599,-77.46615,7
600,-104.66264,7
601,-22.509647,7
602,-116.49881,7
603,-44.544308,7
604,-44.901134,7
605,-65.32287,7
606,-80.39965,7
607,-112.5767,7
608,-74.842354,7
609,-45.84716,7
610,-97.464516,7
611,-30.28295,7
612,-51.090523,7
613,-62.33602,7
614,-87.57017,7
615,-1.5807511,7
616,-67.328896,7
617,-52.34295,7
618,-14.01945,7
619,-139.09645,7
620,-91.43297,7
621,-37.68107,7
622,-72.01316,7
623,-50.350323,7
624,9.003091,7
625,-57.922073,7
626,-53.14788,7
627,-33.77118,7
628,-45.68773,7
629,-43.829803,7
630,-74.10462,7
631,-11.911825,7
632,-44.409378,7
633,-56.005707,7
634,-118.6504,7
635,-54.259205,7
636,-87.43327,7
637,-12.371583,7
638,-44.511,7
639,-65.0167,7
640,-175.11761,8
641,-27.542599,8
642,-58.742172,8
643,-21.976892,8
644,-38.17342,8
645,-12.061995,8
646,-30.387362,8
647,-10.883607,8
648,-58.27117,8
649,-58.2294,8
650,-56.62039,8
651,-48.048454,8
652,-62.68484,8
653,-47.05745,8
654,-58.913757,8
655,-86.67917,8
656,-45.114964,8
657,-24.899237,8
658,-3.6137474,8
659,-99.643616,8
660,-62.71953,8
661,-58.82188,8
662,-20.65962,8
663,-34.341217,8
664,-124.4273,8
665,-15.316347,8
666,-137.20131,8
667,-16.596474,8
668,-8.19009,8
669,-85.842224,8
670,-70.01289,8
671,-22.812906,8
672,-116.10178,8
673,-75.2459,8
674,4.714277,8
675,-56.665154,8
676,-10.638738,8
677,-42.03733,8
678,-74.24939,8
679,-38.91409,8
680,-96.286514,8
681,-30.594606,8
682,-82.20591,8
683,-13.666509,8
684,-9.011933,8
685,-86.66825,8
686,-44.27098,8
687,-117.63691,8
688,-9.729636,8
689,-30.861477,8
690,-90.49824,8
691,-108.28583,8
692,-91.55403,8
693,-108.41285,8
694,-98.74993,8
695,-8.816648,8
696,-147.05807,8
697,-0.654122,8
698,-33.555843,8
699,-111.11363,8
700,-50.811478,8
701,-52.741722,8
702,-43.443768,8
703,-7.372,8
704,-41.05356,8
705,-114.43708,8
706,-93.73501,8
707,-53.015556,8
708,-22.806938,8
709,-17.165764,8
710,-46.003082,8
711,4.4927115,8
712,-37.866753,8
713,-24.30363,8
714,-71.97342,8
715,-47.062363,8
716,25.607533,8
717,-30.50465,8
718,-10.118236,8
719,-28.575676,8
720,-106.756096,9
721,-169.74377,9
722,-73.26461,9
723,-193.46646,9
724,-77.60876,9
725,-112.047195,9
726,-91.498436,9
727,-91.29119,9
728,-90.80708,9
729,-109.628426,9
730,-68.60197,9
731,-35.247837,9
732,-79.21427,9
733,-113.75601,9
734,-91.36046,9
735,-90.92409,9
736,-80.725586,9
737,-106.24795,9
738,-112.250404,9
739,-136.41092,9
740,-118.530945,9
741,-77.73881,9
742,-110.24549,9
743,-122.74143,9
744,-3.069432,9
745,-92.425896,9
746,-47.024094,9
747,-96.652016,9
748,-35.462288,9
749,-95.27256,9
750,-106.33733,9
751,-119.38167,9
752,-162.13841,9
753,-125.74139,9
754,-126.05106,9
755,-99.80416,9
756,-80.13571,9
757,-65.23882,9
758,-97.72493,9
759,-46.052807,9
760,-135.42847,9
761,-92.18742,9
762,-53.671455,9
763,-107.496185,9
764,-121.89763,9
765,-123.19243,9
766,-111.16721,9
767,-101.27633,9
768,-65.555595,9
769,-97.242546,9
770,-120.710915,9
771,-91.46258,9
772,-93.91558,9
773,-81.14839,9
774,-84.985725,9
775,-72.56133,9
776,-139.66762,9
777,-74.60524,9
778,-70.01928,9
779,-87.963264,9
780,-141.87085,9
781,-60.36692,9
782,-64.30431,9
783,-109.39104,9
784,-106.26855,9
785,-117.283134,9
786,-39.682327,9
787,-44.526375,9
788,-51.143295,9
789,-114.51427,9
790,-85.14652,9
791,-72.51743,9
792,-147.77374,9
793,-90.19932,9
794,-96.61701,9
795,-102.90872,9
796,-97.78668,9
797,-95.541016,9
798,-137.05164,9
799,-56.333954,9
