Image,Value,Label
0,76.49574,0
1,43.494473,0
2,74.39641,0
3,103.81449,0
4,93.340935,0
5,93.674225,0
6,55.477123,0
7,93.515045,0
8,25.424604,0
9,75.77075,0
10,175.15889,0
11,34.51543,0
12,76.501175,0
13,49.052097,0
14,24.54289,0
15,113.377205,0
16,111.67981,0
17,113.38612,0
18,5.405515,0
19,116.68044,0
20,108.85672,0
21,136.24919,0
22,96.6626,0
23,139.96526,0
24,42.46188,0
25,39.074802,0
26,-9.410045,0
27,96.39311,0
28,135.33698,0
29,13.39047,0
30,156.87874,0
31,192.5451,0
32,14.388318,0
33,169.14058,0
34,112.82202,0
35,87.15375,0
36,79.91238,0
37,70.87392,0
38,166.62161,0
39,111.63855,0
40,2.7088447,0
41,124.65579,0
42,194.45293,0
43,63.581497,0
44,137.01495,0
45,96.325806,0
46,166.33795,0
47,57.798267,0
48,52.5299,0
49,43.44387,0
50,92.6882,0
51,147.64221,0
52,42.221485,0
53,95.55033,0
54,99.079926,0
55,82.94446,0
56,71.66678,0
57,46.586258,0
58,156.21611,0
59,108.52801,0
60,71.7731,0
61,-11.532199,0
62,100.70572,0
63,133.46715,0
64,149.58005,0
65,141.60379,0
66,71.41304,0
67,57.877235,0
68,84.10855,0
69,103.780914,0
70,111.027695,0
71,191.03621,0
72,95.44126,0
73,163.40172,0
74,93.07743,0
75,26.97494,0
76,120.55216,0
77,95.19036,0
78,35.70602,0
79,115.45626,0
80,89.58171,1
81,92.060425,1
82,126.7518,1
83,119.84939,1
84,112.69484,1
85,63.601833,1
86,109.08186,1
87,133.88185,1
88,149.12134,1
89,103.01718,1
90,92.85365,1
91,92.298584,1
92,100.6888,1
93,113.492615,1
94,116.17778,1
95,96.47766,1
96,158.36472,1
97,97.87098,1
98,80.46859,1
99,132.12993,1
100,110.851456,1
101,99.40851,1
102,133.9203,1
103,98.679695,1
104,87.40477,1
105,128.6704,1
106,111.51202,1
107,128.69612,1
108,98.49357,1
109,99.36976,1
110,122.52698,1
111,143.19283,1
112,104.69844,1
113,88.84015,1
114,118.844025,1
115,62.41855,1
116,166.8128,1
117,95.32118,1
118,84.9261,1
119,96.01887,1
120,80.73674,1
121,145.14503,1
122,65.84601,1
123,78.92917,1
124,64.078735,1
125,97.08746,1
126,155.1467,1
127,58.940258,1
128,93.04015,1
129,124.336914,1
130,134.32921,1
131,126.28403,1
132,142.46762,1
133,85.16826,1
134,84.497536,1
135,67.95043,1
136,83.49254,1
137,73.12326,1
138,96.748,1
139,133.1612,1
140,116.357315,1
141,98.266014,1
142,101.3481,1
143,73.71442,1
144,87.91089,1
145,108.38153,1
146,65.12996,1
147,64.27694,1
148,139.32742,1
149,105.19816,1
150,102.7249,1
151,124.44252,1
152,218.46806,1
153,80.31396,1
154,140.53346,1
155,99.74379,1
156,171.45425,1
157,111.29107,1
158,105.26708,1
159,117.34767,1
160,75.399506,2
161,111.0717,2
162,110.3799,2
163,108.97308,2
164,144.42355,2
165,117.20047,2
166,132.97289,2
167,144.4775,2
168,55.51382,2
169,106.58142,2
170,168.07489,2
171,112.94252,2
172,79.04269,2
173,73.27179,2
174,151.67351,2
175,83.958015,2
176,68.97748,2
177,104.61371,2
178,91.24453,2
179,162.36133,2
180,48.44503,2
181,139.42354,2
182,121.290535,2
183,117.04234,2
184,35.449413,2
185,153.4381,2
186,192.37206,2
187,85.83125,2
188,92.31759,2
189,133.63116,2
190,95.09042,2
191,177.03598,2
192,127.468155,2
193,175.04573,2
194,108.93677,2
195,55.923355,2
196,115.91174,2
197,175.76535,2
198,100.25364,2
199,93.70997,2
200,53.608753,2
201,133.19844,2
202,54.64568,2
203,12.948201,2
204,138.52705,2
205,115.29644,2
206,161.51428,2
207,169.7733,2
208,166.97997,2
209,120.99609,2
210,129.96889,2
211,79.74689,2
212,225.32248,2
213,92.243225,2
214,133.22575,2
215,165.90092,2
216,90.79578,2
217,54.640553,2
218,112.73791,2
219,200.64444,2
220,175.87447,2
221,126.27028,2
222,141.03139,2
223,72.94826,2
224,118.96658,2
225,194.9888,2
226,162.31917,2
227,113.30902,2
228,74.97075,2
229,65.77081,2
230,104.72676,2
231,137.21652,2
232,74.43812,2
233,179.38336,2
234,168.40306,2
235,149.32886,2
236,104.25511,2
237,92.31775,2
238,106.55601,2
239,100.89003,2
240,0.6222891,3
241,73.3008,3
242,30.660116,3
243,56.569138,3
244,43.70605,3
245,4.7088447,3
246,-4.609179,3
247,67.40051,3
248,38.74952,3
249,24.516272,3
250,-45.189312,3
251,85.22914,3
252,85.40744,3
253,2.5765967,3
254,6.5269217,3
255,114.586685,3
256,-7.8096337,3
257,38.011906,3
258,-8.979083,3
259,13.241818,3
260,19.224623,3
261,-35.07285,3
262,78.08373,3
263,104.60993,3
264,122.35213,3
265,6.46639,3
266,-20.091509,3
267,83.012634,3
268,54.39558,3
269,60.43342,3
270,45.50022,3
271,26.837774,3
272,43.615498,3
273,80.773346,3
274,96.126724,3
275,10.525235,3
276,-73.700424,3
277,21.516981,3
278,35.96043,3
279,156.84132,3
280,50.158268,3
281,12.03468,3
282,50.62833,3
283,6.2907233,3
284,129.91261,3
285,59.451817,3
286,-7.648501,3
287,80.35135,3
288,35.78892,3
289,113.03385,3
290,-4.763186,3
291,20.272894,3
292,57.743084,3
293,-38.980762,3
294,79.051254,3
295,148.66339,3
296,37.226933,3
297,-11.723323,3
298,38.94235,3
299,21.70883,3
300,24.110617,3
301,-19.58478,3
302,38.54367,3
303,78.822876,3
304,64.923706,3
305,66.70508,3
306,25.386251,3
307,21.36117,3
308,109.174515,3
309,61.882755,3
310,84.05556,3
311,37.10484,3
312,58.435158,3
313,78.48334,3
314,44.904922,3
315,8.8519945,3
316,72.95889,3
317,-8.069568,3
318,-19.684572,3
319,167.59193,3
320,49.309624,4
321,62.09811,4
322,23.018557,4
323,92.76613,4
324,32.924248,4
325,46.709553,4
326,74.07589,4
327,81.84323,4
328,135.9851,4
329,69.53555,4
330,6.980264,4
331,21.485262,4
332,47.563408,4
333,59.7819,4
334,81.89427,4
335,30.58978,4
336,84.25729,4
337,15.382672,4
338,-3.1758943,4
339,93.30238,4
340,66.480446,4
341,46.054993,4
342,39.82967,4
343,41.51388,4
344,-2.426474,4
345,79.80778,4
346,111.46692,4
347,119.673935,4
348,83.11858,4
349,74.295746,4
350,28.69245,4
351,-15.023192,4
352,112.99271,4
353,104.63451,4
354,90.83465,4
355,81.85857,4
356,-74.853424,4
357,56.779964,4
358,104.96071,4
359,24.109453,4
360,22.246916,4
361,52.662823,4
362,4.8019843,4
363,83.427826,4
364,116.40402,4
365,-2.5394998,4
366,64.11334,4
367,-18.679472,4
368,71.85498,4
369,49.91011,4
370,5.2697616,4
371,97.84285,4
372,44.85498,4
373,28.737215,4
374,-41.08466,4
375,69.07394,4
376,88.87692,4
377,59.220757,4
378,68.34232,4
379,95.3551,4
380,73.87496,4
381,13.320523,4
382,61.38159,4
383,67.869934,4
384,31.33064,4
385,58.189415,4
386,68.94403,4
387,116.798515,4
388,69.05295,4
389,132.31104,4
390,-46.390285,4
391,63.81695,4
392,79.64669,4
393,-30.33848,4
394,-2.0141397,4
395,-78.67096,4
396,111.83574,4
397,71.81934,4
398,4.961393,4
399,24.816633,4
400,17.321386,5
401,67.71764,5
402,120.802734,5
403,4.6357627,5
404,105.52076,5
405,61.913074,5
406,70.82783,5
407,222.25807,5
408,24.3915,5
409,146.03954,5
410,93.49069,5
411,92.0742,5
412,70.0243,5
413,111.30965,5
414,107.91552,5
415,138.35129,5
416,-81.44838,5
417,-7.4410424,5
418,144.98067,5
419,70.85469,5
420,89.37017,5
421,-59.80968,5
422,253.49866,5
423,63.555294,5
424,71.05855,5
425,94.07066,5
426,97.2269,5
427,61.420406,5
428,10.610578,5
429,-8.8090315,5
430,-12.91788,5
431,55.402103,5
432,57.02168,5
433,135.66896,5
434,38.259388,5
435,-45.987904,5
436,157.69621,5
437,130.21356,5
438,139.75482,5
439,236.31833,5
440,96.39386,5
441,143.94641,5
442,17.558569,5
443,55.689407,5
444,173.17601,5
445,37.489544,5
446,109.793434,5
447,-32.48492,5
448,44.700542,5
449,207.8098,5
450,55.42367,5
451,-38.07849,5
452,93.19665,5
453,64.39835,5
454,144.9088,5
455,62.30676,5
456,120.04344,5
457,-10.885226,5
458,64.65057,5
459,57.25615,5
460,42.269558,5
461,33.11588,5
462,6.3364005,5
463,-81.23904,5
464,118.84433,5
465,70.529305,5
466,68.8715,5
467,172.07114,5
468,15.167287,5
469,53.3698,5
470,45.33056,5
471,-31.885218,5
472,39.381092,5
473,75.90454,5
474,-13.409778,5
475,125.43754,5
476,0.23394528,5
477,91.260155,5
478,174.71483,5
479,59.54701,5
480,146.77948,6
481,95.064995,6
482,190.87202,6
483,94.41847,6
484,114.61775,6
485,145.55125,6
486,177.86504,6
487,180.14241,6
488,135.31479,6
489,64.52675,6
490,125.046684,6
491,163.7489,6
492,53.99532,6
493,122.241806,6
494,90.17293,6
495,130.19594,6
496,139.22195,6
497,96.257866,6
498,102.02141,6
499,112.22801,6
500,139.53232,6
501,111.37326,6
502,142.66246,6
503,106.456856,6
504,160.90318,6
505,164.04596,6
506,103.65793,6
507,101.76748,6
508,75.28701,6
509,98.68565,6
510,95.0044,6
511,184.65422,6
512,126.76201,6
513,156.95097,6
514,111.19324,6
515,119.56178,6
516,166.26295,6
517,118.29205,6
518,139.08458,6
519,114.226974,6
520,120.27633,6
521,104.29385,6
522,81.48992,6
523,57.05792,6
524,1.9075903,6
525,64.24518,6
526,70.047104,6
527,110.19333,6
528,107.059074,6
529,152.77321,6
530,115.178986,6
531,154.6753,6
532,110.46244,6
533,108.527115,6
534,74.17484,6
535,163.1281,6
536,39.616116,6
537,110.92349,6
538,95.54266,6
539,84.346085,6
540,46.784954,6
541,81.202354,6
542,71.278404,6
543,178.2544,6
544,82.28898,6
545,115.77967,6
546,175.12361,6
547,71.087616,6
548,163.5142,6
549,108.901215,6
550,158.24371,6
551,90.45355,6
552,157.16368,6
553,162.83856,6
554,125.72807,6
555,94.4153,6
556,152.20067,6
557,61.99464,6
558,122.60687,6
559,117.498825,6
560,18.955267,7
561,54.273502,7
562,65.26499,7
563,44.907307,7
564,20.66065,7
565,72.359276,7
566,-28.422739,7
567,68.799126,7
568,29.98953,7
569,51.221943,7
570,-17.315722,7
571,59.2195,7
572,73.06251,7
573,-50.53017,7
574,100.83815,7
575,33.06057,7
576,33.485962,7
577,22.812624,7
578,51.31818,7
579,70.24045,7
580,37.584385,7
581,26.955244,7
582,49.819798,7
583,15.42616,7
584,18.829512,7
585,33.252243,7
586,6.588201,7
587,47.42058,7
588,43.918934,7
589,61.457237,7
590,-31.656847,7
591,33.47184,7
592,22.554457,7
593,119.48187,7
594,59.302494,7
595,88.83522,7
596,-2.68323,7
597,107.2856,7
598,3.178083,7
599,36.510952,7
600,-16.032465,7
601,92.99811,7
602,84.41219,7
603,48.000195,7
604,53.89339,7
605,9.421521,7
606,34.17403,7
607,-5.997126,7
608,51.821808,7
609,48.7,7
610,107.40941,7
611,-107.665146,7
612,-52.771076,7
613,10.0431185,7
614,29.797522,7
615,54.066494,7
616,61.686375,7
617,66.630135,7
618,23.23702,7
619,112.16587,7
620,53.518265,7
621,72.52544,7
622,38.37989,7
623,57.220467,7
624,27.57298,7
625,-20.939974,7
626,53.578594,7
627,33.929462,7
628,65.01958,7
629,51.83146,7
630,69.256,7
631,32.104992,7
632,22.937437,7
633,53.33115,7
634,21.695269,7
635,52.30879,7
636,12.078771,7
637,31.816061,7
638,22.555273,7
639,68.36372,7
640,122.579,8
641,34.800014,8
642,3.1663718,8
643,143.53001,8
644,166.619,8
645,56.662174,8
646,130.81993,8
647,81.25792,8
648,89.07961,8
649,32.921425,8
650,143.22516,8
651,33.683422,8
652,95.99695,8
653,-31.666674,8
654,70.95182,8
655,120.36502,8
656,28.577677,8
657,79.08854,8
658,24.678732,8
659,128.11574,8
660,67.41974,8
661,111.38626,8
662,133.2382,8
663,53.34038,8
664,156.99693,8
665,-5.90943,8
666,146.23589,8
667,49.538998,8
668,85.878944,8
669,124.471375,8
670,68.73515,8
671,76.286026,8
672,16.374075,8
673,149.51659,8
674,137.7307,8
675,161.39574,8
676,68.33673,8
677,136.48215,8
678,64.470215,8
679,56.2261,8
680,148.22726,8
681,34.662014,8
682,34.100925,8
683,26.728216,8
684,79.377655,8
685,33.25427,8
686,11.859902,8
687,177.21465,8
688,72.25172,8
689,96.18157,8
690,120.88571,8
691,96.24036,8
692,55.202282,8
693,116.02576,8
694,95.09481,8
695,116.297745,8
696,-14.994861,8
697,95.53857,8
698,151.44919,8
699,82.39609,8
700,168.90182,8
701,112.12093,8
702,20.601904,8
703,59.53741,8
704,141.87083,8
705,116.08692,8
706,50.214024,8
707,156.06033,8
708,90.742195,8
709,186.44377,8
710,59.597908,8
711,104.88895,8
712,174.47935,8
713,94.14778,8
714,84.14247,8
715,132.31183,8
716,31.941793,8
717,69.59517,8
718,35.514004,8
719,99.145615,8
720,33.011684,9
721,35.02113,9
722,66.469376,9
723,14.144193,9
724,41.81342,9
725,-11.911971,9
726,23.839003,9
727,-0.29591236,9
728,25.494219,9
729,79.35039,9
730,90.741,9
731,25.338888,9
732,-37.865704,9
733,-18.218775,9
734,34.240402,9
735,55.676228,9
736,35.310425,9
737,-37.05431,9
738,50.75088,9
739,34.535625,9
740,-4.261645,9
741,-8.823443,9
742,-95.40584,9
743,33.80884,9
744,17.24803,9
745,-19.73723,9
746,20.347305,9
747,-2.4633737,9
748,17.443651,9
749,62.425472,9
750,43.90763,9
751,-13.654849,9
752,-69.49627,9
753,25.564962,9
754,-148.83757,9
755,-16.691294,9
756,49.91569,9
757,-4.216227,9
758,21.727556,9
759,10.101628,9
760,24.507296,9
761,57.59909,9
762,-68.060326,9
763,10.846883,9
764,33.412746,9
765,7.509496,9
766,45.361156,9
767,-29.399004,9
768,20.633383,9
769,18.935526,9
770,2.4194083,9
771,31.064764,9
772,-8.64619,9
773,30.078724,9
774,31.08792,9
775,9.176581,9
776,54.866993,9
777,16.51826,9
778,-89.74822,9
779,-9.386584,9
780,-62.875004,9
781,27.781569,9
782,93.3252,9
783,28.299223,9
784,32.16549,9
785,-6.8679757,9
786,-6.1767907,9
787,17.270374,9
788,44.987484,9
789,12.956166,9
790,44.10525,9
791,59.570568,9
792,28.701582,9
793,-13.194156,9
794,28.457483,9
795,21.469957,9
796,-6.8942513,9
797,32.352192,9
798,56.923878,9
799,59.601616,9
