Image,Value,Label
0,110.487144,0
1,25.351631,0
2,74.54107,0
3,90.44069,0
4,82.169304,0
5,117.249886,0
6,161.0184,0
7,182.52571,0
8,118.83401,0
9,145.60883,0
10,171.76578,0
11,72.05695,0
12,153.68317,0
13,120.370094,0
14,40.029457,0
15,96.695885,0
16,116.70754,0
17,176.61192,0
18,80.69547,0
19,75.51854,0
20,150.68985,0
21,148.86414,0
22,104.900085,0
23,129.05875,0
24,88.39866,0
25,1.7902025,0
26,65.31011,0
27,119.10097,0
28,168.32156,0
29,-9.239366,0
30,219.54953,0
31,120.358665,0
32,-22.021828,0
33,52.0551,0
34,254.9188,0
35,13.2681265,0
36,52.807083,0
37,-52.65957,0
38,265.89307,0
39,70.27128,0
40,6.7567973,0
41,157.27917,0
42,237.96677,0
43,106.24772,0
44,170.53745,0
45,164.41917,0
46,246.99707,0
47,98.720726,0
48,77.112465,0
49,31.856544,0
50,45.085457,0
51,206.98596,0
52,99.89693,0
53,123.36623,0
54,1.771232,0
55,-6.871659,0
56,161.37631,0
57,-26.913235,0
58,112.20121,0
59,146.64311,0
60,115.851326,0
61,53.34378,0
62,95.77921,0
63,161.7256,0
64,241.08733,0
65,128.02158,0
66,148.63339,0
67,53.94181,0
68,103.50052,0
69,-20.543938,0
70,62.692688,0
71,123.14419,0
72,72.12102,0
73,314.06436,0
74,171.43933,0
75,49.99257,0
76,197.02753,0
77,135.74567,0
78,90.559654,0
79,57.09777,0
80,56.786667,1
81,-1.5970522,1
82,73.31072,1
83,45.94182,1
84,62.06067,1
85,24.245445,1
86,15.112975,1
87,47.31534,1
88,63.46421,1
89,96.89468,1
90,5.7094684,1
91,28.360909,1
92,30.845406,1
93,102.98168,1
94,109.03566,1
95,11.510188,1
96,123.37086,1
97,38.544006,1
98,15.580077,1
99,77.07192,1
100,39.38893,1
101,45.297436,1
102,140.47507,1
103,26.08102,1
104,16.265396,1
105,49.839737,1
106,105.26309,1
107,118.904205,1
108,53.128353,1
109,50.87626,1
110,112.96573,1
111,51.057167,1
112,77.36297,1
113,69.770584,1
114,104.08459,1
115,20.199951,1
116,107.1041,1
117,27.638031,1
118,54.22973,1
119,50.637238,1
120,34.04513,1
121,48.752556,1
122,11.073958,1
123,34.636986,1
124,4.2220225,1
125,20.675629,1
126,115.992455,1
127,15.354079,1
128,65.96827,1
129,45.062325,1
130,89.33289,1
131,37.57331,1
132,73.496086,1
133,36.68441,1
134,23.215347,1
135,31.801544,1
136,20.877213,1
137,-4.296662,1
138,80.31797,1
139,62.05705,1
140,33.41355,1
141,26.48338,1
142,88.083206,1
143,59.884468,1
144,52.668083,1
145,84.70629,1
146,22.056614,1
147,49.67916,1
148,96.31593,1
149,112.082405,1
150,92.85912,1
151,118.02824,1
152,188.48499,1
153,88.61123,1
154,99.08408,1
155,93.12513,1
156,150.7324,1
157,33.101036,1
158,13.598849,1
159,46.676506,1
160,87.97343,2
161,133.82964,2
162,99.04084,2
163,125.757256,2
164,144.56726,2
165,178.19339,2
166,124.03444,2
167,208.04785,2
168,106.59261,2
169,155.74263,2
170,178.65303,2
171,126.6884,2
172,93.219795,2
173,133.96512,2
174,185.88618,2
175,221.99078,2
176,46.19385,2
177,154.49751,2
178,148.37909,2
179,221.92587,2
180,-5.2708097,2
181,243.64749,2
182,146.49585,2
183,146.83179,2
184,99.84629,2
185,207.90842,2
186,152.0483,2
187,49.275475,2
188,58.42344,2
189,60.540657,2
190,97.671875,2
191,119.569725,2
192,192.7103,2
193,243.94745,2
194,93.05766,2
195,98.58113,2
196,233.44547,2
197,83.69484,2
198,159.3922,2
199,233.73312,2
200,52.033424,2
201,211.67375,2
202,36.67421,2
203,184.66995,2
204,142.4868,2
205,68.96548,2
206,98.66448,2
207,295.8195,2
208,132.08296,2
209,228.88509,2
210,186.99702,2
211,188.53131,2
212,307.16745,2
213,178.54398,2
214,141.4444,2
215,182.7039,2
216,146.29062,2
217,34.37107,2
218,169.62415,2
219,327.10318,2
220,278.62122,2
221,303.0149,2
222,167.42787,2
223,48.836327,2
224,126.89941,2
225,287.48114,2
226,303.14853,2
227,227.14856,2
228,122.58445,2
229,138.59872,2
230,190.30814,2
231,114.25518,2
232,51.896355,2
233,350.51846,2
234,226.50342,2
235,214.74115,2
236,111.74789,2
237,158.57513,2
238,74.66887,2
239,111.3048,2
240,183.3838,3
241,184.85297,3
242,97.34234,3
243,99.41539,3
244,210.17656,3
245,177.35425,3
246,219.61377,3
247,76.980286,3
248,182.85492,3
249,127.87148,3
250,185.09982,3
251,123.20907,3
252,211.21054,3
253,201.503,3
254,151.90445,3
255,263.89148,3
256,83.30923,3
257,140.92833,3
258,184.65729,3
259,248.65027,3
260,222.21771,3
261,155.72647,3
262,224.85413,3
263,175.887,3
264,220.25616,3
265,201.2981,3
266,148.70842,3
267,205.415,3
268,341.13095,3
269,156.06525,3
270,169.2395,3
271,109.91541,3
272,178.07918,3
273,164.76855,3
274,161.91263,3
275,118.075264,3
276,197.29224,3
277,87.97951,3
278,178.68394,3
279,166.44728,3
280,154.636,3
281,187.8959,3
282,244.23508,3
283,149.13828,3
284,164.43057,3
285,164.63507,3
286,129.44293,3
287,196.94994,3
288,239.12424,3
289,237.37895,3
290,189.0955,3
291,175.56339,3
292,227.11905,3
293,131.1348,3
294,266.96918,3
295,237.48508,3
296,180.05817,3
297,177.30518,3
298,184.46341,3
299,196.72955,3
300,248.5023,3
301,237.98438,3
302,79.89565,3
303,127.09562,3
304,78.62505,3
305,162.63,3
306,178.6708,3
307,73.373604,3
308,134.26997,3
309,274.41846,3
310,324.624,3
311,114.6092,3
312,203.92339,3
313,106.26185,3
314,188.1856,3
315,156.62372,3
316,94.687035,3
317,196.78699,3
318,129.57402,3
319,240.99915,3
320,152.82376,4
321,118.63065,4
322,95.127945,4
323,178.61456,4
324,158.73166,4
325,89.383484,4
326,185.66745,4
327,133.52116,4
328,277.23633,4
329,66.37194,4
330,114.587456,4
331,80.253746,4
332,103.8115,4
333,162.9048,4
334,128.31688,4
335,87.83055,4
336,59.145386,4
337,208.60062,4
338,115.18676,4
339,169.71565,4
340,249.25494,4
341,34.590668,4
342,214.5207,4
343,106.79696,4
344,138.76273,4
345,119.27685,4
346,128.28699,4
347,126.42181,4
348,55.378876,4
349,124.171455,4
350,169.32904,4
351,112.70411,4
352,126.75377,4
353,128.59363,4
354,171.30272,4
355,191.04193,4
356,179.30182,4
357,158.94458,4
358,108.46973,4
359,56.09092,4
360,107.585846,4
361,171.108,4
362,127.92411,4
363,61.951042,4
364,185.23561,4
365,104.66512,4
366,268.69534,4
367,147.88599,4
368,164.16006,4
369,69.68462,4
370,65.34185,4
371,103.594185,4
372,51.497368,4
373,35.757668,4
374,183.95352,4
375,137.60895,4
376,105.66869,4
377,150.12616,4
378,138.88997,4
379,117.67551,4
380,138.15184,4
381,52.017597,4
382,87.930466,4
383,103.98286,4
384,118.76916,4
385,107.81214,4
386,125.411354,4
387,176.44958,4
388,93.14715,4
389,210.75638,4
390,106.32232,4
391,99.01414,4
392,133.01068,4
393,138.34225,4
394,45.184864,4
395,116.57668,4
396,165.76585,4
397,94.08534,4
398,93.37623,4
399,70.20177,4
400,139.14935,5
401,169.16476,5
402,208.81934,5
403,118.507576,5
404,215.47864,5
405,210.88324,5
406,165.66187,5
407,233.63594,5
408,159.77222,5
409,170.03944,5
410,221.5199,5
411,151.00546,5
412,1.760055,5
413,142.02228,5
414,247.68805,5
415,168.78174,5
416,199.5037,5
417,173.89685,5
418,172.8027,5
419,188.30002,5
420,231.21957,5
421,188.8193,5
422,243.30826,5
423,250.91891,5
424,139.914,5
425,96.55047,5
426,201.40973,5
427,284.0359,5
428,236.14923,5
429,158.95093,5
430,212.39304,5
431,165.48824,5
432,132.90097,5
433,267.00424,5
434,200.87976,5
435,174.96635,5
436,165.39525,5
437,209.4988,5
438,94.12932,5
439,180.40283,5
440,124.86724,5
441,366.7688,5
442,221.55176,5
443,165.08835,5
444,41.825348,5
445,119.73748,5
446,158.06775,5
447,198.2476,5
448,298.47375,5
449,218.98824,5
450,84.71998,5
451,66.68429,5
452,116.55557,5
453,213.30081,5
454,130.97948,5
455,158.91551,5
456,211.65518,5
457,177.24576,5
458,139.37857,5
459,163.70789,5
460,134.41785,5
461,274.23483,5
462,190.80443,5
463,141.895,5
464,171.08961,5
465,61.87528,5
466,239.3276,5
467,100.06823,5
468,96.79682,5
469,258.69577,5
470,157.72989,5
471,130.1482,5
472,222.13312,5
473,137.73735,5
474,153.82732,5
475,205.4514,5
476,229.4617,5
477,127.66999,5
478,224.22125,5
479,273.2866,5
480,207.62405,6
481,140.72545,6
482,288.1847,6
483,205.95111,6
484,157.44563,6
485,284.7275,6
486,278.50494,6
487,382.2682,6
488,405.64966,6
489,172.329,6
490,198.65967,6
491,216.40085,6
492,99.145424,6
493,245.87018,6
494,200.6383,6
495,316.85583,6
496,289.57077,6
497,190.90826,6
498,132.39288,6
499,277.05777,6
500,257.81705,6
501,179.82672,6
502,244.99942,6
503,181.71774,6
504,291.23355,6
505,280.1295,6
506,219.65433,6
507,263.49826,6
508,205.56488,6
509,295.93738,6
510,217.1288,6
511,259.68536,6
512,120.07105,6
513,284.3383,6
514,153.93538,6
515,219.94064,6
516,364.16873,6
517,157.61598,6
518,223.79236,6
519,187.74393,6
520,343.55078,6
521,219.98624,6
522,156.43463,6
523,225.70099,6
524,198.99426,6
525,173.1605,6
526,144.58264,6
527,192.80046,6
528,236.87346,6
529,255.7442,6
530,193.68524,6
531,232.08374,6
532,306.81705,6
533,151.15903,6
534,249.3161,6
535,276.07217,6
536,193.28491,6
537,271.50067,6
538,227.18573,6
539,230.21948,6
540,140.16835,6
541,171.19907,6
542,157.21283,6
543,267.86554,6
544,149.54541,6
545,178.17538,6
546,259.73547,6
547,169.55923,6
548,274.30002,6
549,263.382,6
550,266.17856,6
551,229.6891,6
552,185.55263,6
553,297.42972,6
554,276.05902,6
555,254.3706,6
556,324.47885,6
557,172.94238,6
558,189.98615,6
559,213.12686,6
560,176.63568,7
561,87.00842,7
562,83.022835,7
563,125.938194,7
564,168.41986,7
565,149.30426,7
566,136.47995,7
567,133.39401,7
568,171.952,7
569,170.18616,7
570,195.0079,7
571,105.84904,7
572,108.12441,7
573,176.10364,7
574,152.1037,7
575,123.626335,7
576,106.155014,7
577,117.417946,7
578,144.88052,7
579,117.97338,7
580,121.032074,7
581,70.83144,7
582,90.09977,7
583,174.1356,7
584,139.55806,7
585,130.27927,7
586,130.51294,7
587,152.60928,7
588,74.54324,7
589,177.76414,7
590,200.33842,7
591,44.874306,7
592,99.257195,7
593,235.50725,7
594,103.25466,7
595,191.25839,7
596,146.05835,7
597,275.135,7
598,121.68979,7
599,209.32904,7
600,249.58418,7
601,157.94958,7
602,102.20218,7
603,89.2893,7
604,136.26999,7
605,140.04634,7
606,125.03125,7
607,229.4372,7
608,128.1051,7
609,67.664795,7
610,193.82175,7
611,88.78681,7
612,94.924034,7
613,151.37128,7
614,126.28839,7
615,48.146923,7
616,154.80482,7
617,138.04257,7
618,139.74422,7
619,216.69453,7
620,163.66502,7
621,107.04471,7
622,124.37447,7
623,105.20724,7
624,26.880219,7
625,213.18578,7
626,120.6683,7
627,54.15629,7
628,50.489143,7
629,136.99197,7
630,165.24608,7
631,73.37604,7
632,107.69781,7
633,92.791916,7
634,164.37805,7
635,131.1696,7
636,134.8966,7
637,138.43057,7
638,167.16049,7
639,92.24728,7
640,372.13992,8
641,228.26407,8
642,219.03365,8
643,204.28119,8
644,338.78415,8
645,117.205574,8
646,295.4349,8
647,175.71074,8
648,202.12473,8
649,187.5893,8
650,317.80823,8
651,203.85678,8
652,387.7645,8
653,313.12326,8
654,287.3251,8
655,195.06602,8
656,205.05229,8
657,261.0485,8
658,175.9486,8
659,366.6472,8
660,309.71964,8
661,222.11261,8
662,264.68518,8
663,294.72906,8
664,401.12936,8
665,103.20138,8
666,276.93533,8
667,163.09393,8
668,245.64688,8
669,385.75055,8
670,245.5232,8
671,159.9155,8
672,241.21425,8
673,296.55313,8
674,219.04605,8
675,302.00473,8
676,111.53304,8
677,221.6661,8
678,151.9084,8
679,255.62685,8
680,266.44772,8
681,232.92807,8
682,309.45932,8
683,253.9766,8
684,227.01784,8
685,194.17978,8
686,184.78448,8
687,343.0407,8
688,248.42383,8
689,170.80217,8
690,218.61009,8
691,291.26877,8
692,250.844,8
693,360.3384,8
694,224.00267,8
695,200.16309,8
696,347.04404,8
697,194.32835,8
698,156.10443,8
699,176.63138,8
700,347.86542,8
701,225.95557,8
702,196.55412,8
703,174.77324,8
704,344.381,8
705,258.69235,8
706,227.591,8
707,186.94806,8
708,159.45625,8
709,370.4411,8
710,162.94821,8
711,210.62804,8
712,225.77156,8
713,246.8665,8
714,154.71242,8
715,288.28696,8
716,197.12784,8
717,264.19553,8
718,229.64322,8
719,180.4686,8
720,168.20801,9
721,310.88544,9
722,239.73288,9
723,275.19775,9
724,184.12761,9
725,184.70482,9
726,157.58281,9
727,152.85558,9
728,202.10211,9
729,206.65869,9
730,269.98135,9
731,103.210785,9
732,203.95142,9
733,198.43439,9
734,155.71255,9
735,195.834,9
736,132.40228,9
737,254.62228,9
738,285.22833,9
739,243.83566,9
740,184.67776,9
741,207.95895,9
742,116.9475,9
743,213.28494,9
744,192.99594,9
745,190.03098,9
746,116.35368,9
747,205.71848,9
748,124.96284,9
749,182.53435,9
750,180.94327,9
751,203.67343,9
752,224.99658,9
753,182.81575,9
754,201.0807,9
755,139.17867,9
756,228.17825,9
757,157.27237,9
758,289.095,9
759,87.15723,9
760,169.29842,9
761,213.0844,9
762,122.069176,9
763,136.31668,9
764,299.44144,9
765,160.45328,9
766,128.00447,9
767,240.3184,9
768,113.321304,9
769,125.526146,9
770,227.61424,9
771,139.6807,9
772,281.11136,9
773,119.26297,9
774,177.62498,9
775,140.94562,9
776,255.64182,9
777,138.18889,9
778,130.30492,9
779,143.43315,9
780,240.12997,9
781,220.37079,9
782,144.3609,9
783,194.32301,9
784,220.61034,9
785,226.60214,9
786,146.40277,9
787,105.19842,9
788,133.23453,9
789,163.52092,9
790,209.4509,9
791,201.18112,9
792,243.44217,9
793,240.71863,9
794,235.12518,9
795,167.74782,9
796,182.58582,9
797,146.6424,9
798,238.38815,9
799,152.94748,9
