Image,Value,Label
0,-397.95474,0
1,-115.876144,0
2,-126.88033,0
3,-180.6737,0
4,-144.298,0
5,-110.134254,0
6,-247.425,0
7,-303.8675,0
8,-262.26907,0
9,-189.00803,0
10,-216.9413,0
11,-166.5062,0
12,-303.35544,0
13,-239.17226,0
14,-255.68779,0
15,-129.96077,0
16,-163.8572,0
17,-254.9446,0
18,-245.52397,0
19,-184.30418,0
20,-305.14636,0
21,-170.0559,0
22,-238.74132,0
23,-115.13477,0
24,-383.80875,0
25,-113.20357,0
26,-261.16885,0
27,-127.759186,0
28,-249.50725,0
29,-181.66527,0
30,-177.25183,0
31,-147.52765,0
32,-199.08871,0
33,-124.9367,0
34,-287.40353,0
35,-139.33965,0
36,-127.066376,0
37,-83.4689,0
38,-231.94185,0
39,-146.04326,0
40,-230.5458,0
41,-168.68904,0
42,-292.80313,0
43,-186.52074,0
44,-142.96187,0
45,-218.10408,0
46,-254.4587,0
47,-196.38155,0
48,-155.34978,0
49,-133.79076,0
50,-91.15173,0
51,-196.9692,0
52,-162.68509,0
53,-152.82835,0
54,-217.38692,0
55,-212.48979,0
56,-196.73296,0
57,-94.86015,0
58,-178.10762,0
59,-176.54962,0
60,-165.46484,0
61,-187.92151,0
62,-128.85275,0
63,-294.70877,0
64,-215.84117,0
65,-216.15562,0
66,-209.94435,0
67,-173.13536,0
68,-173.48402,0
69,-205.88225,0
70,-257.81345,0
71,-215.58424,0
72,-214.59065,0
73,-295.15146,0
74,-207.08018,0
75,-212.22893,0
76,-215.57906,0
77,-290.79227,0
78,-337.76712,0
79,-287.2361,0
80,-91.220795,1
81,-67.345825,1
82,-67.84256,1
83,-62.368126,1
84,-50.599907,1
85,-64.23382,1
86,-39.443077,1
87,-74.53467,1
88,-57.424057,1
89,-99.760086,1
90,-25.571678,1
91,-73.69513,1
92,-104.51966,1
93,-127.18487,1
94,-58.68641,1
95,-7.479384,1
96,-85.15192,1
97,-52.49514,1
98,-92.390045,1
99,-101.23996,1
100,-89.46221,1
101,-47.36859,1
102,-147.7988,1
103,-44.161198,1
104,-57.81169,1
105,-94.27399,1
106,-113.031654,1
107,-120.406555,1
108,-73.92648,1
109,-83.98013,1
110,-124.504196,1
111,-81.000565,1
112,-111.06341,1
113,-96.91663,1
114,-109.86516,1
115,-64.63747,1
116,-68.63881,1
117,-35.82727,1
118,-96.985504,1
119,-63.94841,1
120,-62.762,1
121,-52.166576,1
122,-80.349495,1
123,-85.72268,1
124,-52.913513,1
125,-35.049706,1
126,-79.52924,1
127,-62.829502,1
128,-97.66015,1
129,-44.111485,1
130,-53.03802,1
131,-33.724743,1
132,-71.74445,1
133,-73.48784,1
134,-50.538445,1
135,-72.56978,1
136,-85.82063,1
137,-77.25851,1
138,-80.91312,1
139,-78.17938,1
140,-58.365646,1
141,-30.330008,1
142,-118.149445,1
143,-72.602875,1
144,-80.10033,1
145,-133.2311,1
146,-95.20302,1
147,-82.83015,1
148,-111.74893,1
149,-118.793785,1
150,-106.56201,1
151,-142.31477,1
152,-149.54466,1
153,-103.56642,1
154,-102.036415,1
155,-102.50626,1
156,-136.94914,1
157,-51.060017,1
158,-53.836502,1
159,-102.0354,1
160,-122.558395,2
161,-367.24643,2
162,-155.99437,2
163,-177.84654,2
164,-217.93852,2
165,-354.46994,2
166,-215.54868,2
167,-298.10822,2
168,-338.95535,2
169,-338.57004,2
170,-206.57109,2
171,-385.2601,2
172,-251.01093,2
173,-215.88327,2
174,-201.68222,2
175,-407.55338,2
176,-275.83023,2
177,-355.03568,2
178,-269.1777,2
179,-363.95172,2
180,-36.2769,2
181,-412.36438,2
182,-301.44205,2
183,-351.1583,2
184,-202.5077,2
185,-293.6968,2
186,-138.0188,2
187,-121.44378,2
188,-119.40863,2
189,-137.03748,2
190,-158.69972,2
191,-190.7769,2
192,-343.58057,2
193,-271.20853,2
194,-217.27815,2
195,-141.54767,2
196,-394.75266,2
197,-160.92328,2
198,-367.69437,2
199,-409.5695,2
200,-224.16911,2
201,-253.69388,2
202,-191.56615,2
203,-326.50613,2
204,-305.49753,2
205,-178.27722,2
206,-159.8456,2
207,-409.8616,2
208,-301.08524,2
209,-307.98593,2
210,-271.4422,2
211,-364.3406,2
212,-273.866,2
213,-273.9877,2
214,-304.85648,2
215,-313.5107,2
216,-196.7801,2
217,-107.59589,2
218,-291.04605,2
219,-403.59225,2
220,-428.285,2
221,-484.35657,2
222,-279.2887,2
223,-128.20137,2
224,-220.85117,2
225,-328.83127,2
226,-587.991,2
227,-221.12473,2
228,-265.49716,2
229,-243.93063,2
230,-242.75764,2
231,-77.14889,2
232,-233.4597,2
233,-516.7984,2
234,-288.15414,2
235,-274.52563,2
236,-192.01527,2
237,-251.57704,2
238,-126.00362,2
239,-183.54329,2
240,-215.09727,3
241,-204.06602,3
242,-101.73465,3
243,-73.85867,3
244,-160.67036,3
245,-163.3999,3
246,-209.42064,3
247,-188.97505,3
248,-271.6022,3
249,-194.07137,3
250,-228.4045,3
251,-191.56912,3
252,-140.2899,3
253,-186.12718,3
254,-243.59526,3
255,-241.35631,3
256,-139.33737,3
257,-223.63573,3
258,-238.59694,3
259,-212.45903,3
260,-181.91316,3
261,-183.83429,3
262,-259.37445,3
263,-119.535965,3
264,-238.34724,3
265,-145.42769,3
266,-203.77545,3
267,-214.42436,3
268,-314.2726,3
269,-254.30347,3
270,-185.21869,3
271,-183.31078,3
272,-188.07735,3
273,-91.99736,3
274,-101.717636,3
275,-121.70733,3
276,-290.55646,3
277,-165.42717,3
278,-211.79916,3
279,-177.97038,3
280,-238.17387,3
281,-278.5394,3
282,-267.87363,3
283,-61.277164,3
284,-227.6483,3
285,-194.47522,3
286,-165.41536,3
287,-113.71846,3
288,-209.03584,3
289,-244.85841,3
290,-178.69406,3
291,-175.83821,3
292,-147.00497,3
293,-193.71927,3
294,-197.00928,3
295,-227.54228,3
296,-161.73735,3
297,-274.9316,3
298,-164.093,3
299,-243.23906,3
300,-311.32037,3
301,-138.9846,3
302,-85.52852,3
303,-80.577774,3
304,-181.56102,3
305,-98.996826,3
306,-168.68327,3
307,-89.27957,3
308,-107.43701,3
309,-201.75653,3
310,-297.58228,3
311,-158.76344,3
312,-156.82816,3
313,-80.67733,3
314,-249.86584,3
315,-192.1988,3
316,-101.72616,3
317,-273.54507,3
318,-181.84247,3
319,-440.4602,3
320,-85.452614,4
321,-126.53404,4
322,-100.27622,4
323,-155.28496,4
324,-98.37251,4
325,-45.29959,4
326,-137.43643,4
327,-87.32298,4
328,-227.04494,4
329,-62.9325,4
330,-114.49124,4
331,-134.8218,4
332,-69.44304,4
333,-158.45338,4
334,-67.30866,4
335,-118.81544,4
336,-74.171585,4
337,-174.06737,4
338,-65.67923,4
339,-145.39244,4
340,-256.65094,4
341,-40.292473,4
342,-148.57213,4
343,-104.32453,4
344,-112.78448,4
345,-52.412773,4
346,-80.7687,4
347,-170.03508,4
348,-56.226913,4
349,-96.98475,4
350,-105.57457,4
351,-218.9966,4
352,-58.54605,4
353,-63.0401,4
354,-267.3525,4
355,-181.22685,4
356,-207.00014,4
357,-155.6422,4
358,-61.766468,4
359,-71.51127,4
360,-94.2679,4
361,-126.581635,4
362,-137.35623,4
363,-54.647003,4
364,-160.25621,4
365,-128.37956,4
366,-284.79666,4
367,-126.4639,4
368,-32.975998,4
369,-39.160263,4
370,-91.42561,4
371,-86.27643,4
372,-60.06556,4
373,-53.025665,4
374,-126.85953,4
375,-81.055176,4
376,-130.0247,4
377,-106.93442,4
378,-89.20675,4
379,-108.61372,4
380,-124.321915,4
381,-81.524,4
382,-47.117104,4
383,-51.301743,4
384,-162.10222,4
385,-72.31057,4
386,-61.621956,4
387,-112.226875,4
388,-91.89252,4
389,-144.5151,4
390,-142.57246,4
391,-88.79057,4
392,-89.74881,4
393,-140.75856,4
394,-86.50986,4
395,-149.29738,4
396,-85.39052,4
397,-81.45413,4
398,-53.513035,4
399,-153.53386,4
400,-172.93738,5
401,-87.37106,5
402,-73.151886,5
403,-60.98198,5
404,-102.912605,5
405,-194.2112,5
406,-37.31697,5
407,-178.24564,5
408,-26.499023,5
409,-113.99073,5
410,-156.66855,5
411,-54.31578,5
412,-7.787987,5
413,-63.724297,5
414,-135.34674,5
415,-79.14534,5
416,-431.18365,5
417,-144.0518,5
418,-81.77312,5
419,-131.06314,5
420,-95.808914,5
421,-254.03001,5
422,-101.58004,5
423,-59.2163,5
424,-76.037155,5
425,-15.873057,5
426,-39.317482,5
427,-125.75229,5
428,-174.05974,5
429,-141.78896,5
430,-138.73482,5
431,-124.406876,5
432,-85.71745,5
433,-187.03105,5
434,-190.89586,5
435,-139.96933,5
436,-117.85962,5
437,-101.86692,5
438,-10.013778,5
439,-115.709816,5
440,-40.27825,5
441,-195.8442,5
442,-119.854416,5
443,-137.53487,5
444,-23.426332,5
445,-98.78363,5
446,-21.41691,5
447,-211.70564,5
448,-64.55919,5
449,-121.36846,5
450,-43.573437,5
451,-101.47445,5
452,41.341484,5
453,-216.0355,5
454,-83.05224,5
455,-61.49207,5
456,-197.70744,5
457,-120.99475,5
458,-22.205576,5
459,-45.720978,5
460,-24.211405,5
461,-168.95126,5
462,-201.57478,5
463,-199.24188,5
464,-68.18451,5
465,-27.900404,5
466,-100.89568,5
467,-52.24225,5
468,-97.43855,5
469,-106.96965,5
470,-92.299675,5
471,-171.42943,5
472,-219.03615,5
473,-83.539276,5
474,-109.5555,5
475,-63.836006,5
476,-156.85077,5
477,-134.28331,5
478,-144.82124,5
479,-187.92737,5
480,-128.5253,6
481,-129.9209,6
482,-119.04059,6
483,-151.35379,6
484,-64.557106,6
485,-145.37032,6
486,-143.40593,6
487,-290.7847,6
488,-266.2472,6
489,-267.46246,6
490,-133.82547,6
491,-85.77084,6
492,-149.66737,6
493,-102.10149,6
494,-122.619064,6
495,-256.31567,6
496,-169.2037,6
497,-160.8038,6
498,-92.37311,6
499,-425.77878,6
500,-139.42865,6
501,-177.17711,6
502,-112.17313,6
503,-157.65865,6
504,-120.88115,6
505,-147.87553,6
506,-227.07536,6
507,-188.03604,6
508,-142.1589,6
509,-347.74063,6
510,-224.87955,6
511,-111.34061,6
512,-186.43452,6
513,-181.3412,6
514,-135.39607,6
515,-114.945274,6
516,-178.23543,6
517,-108.52142,6
518,-84.53236,6
519,-93.64249,6
520,-215.03526,6
521,-112.32377,6
522,-231.55287,6
523,-156.45882,6
524,-380.2388,6
525,-90.62795,6
526,-140.93564,6
527,-100.537636,6
528,-243.58192,6
529,-144.10233,6
530,-84.71483,6
531,-184.7881,6
532,-305.1439,6
533,-64.856384,6
534,-195.82939,6
535,-156.73105,6
536,-239.35036,6
537,-125.23288,6
538,-99.69997,6
539,-123.810646,6
540,-96.84238,6
541,-68.07681,6
542,-61.834938,6
543,-110.30104,6
544,-172.28102,6
545,-104.27554,6
546,-117.10545,6
547,-160.55365,6
548,-155.5394,6
549,-126.96555,6
550,-212.8336,6
551,-228.35497,6
552,-115.13931,6
553,-139.09741,6
554,-209.73546,6
555,-143.4623,6
556,-143.32588,6
557,-355.1285,6
558,-141.27058,6
559,-138.30779,6
560,-136.7668,7
561,-77.53222,7
562,-79.44934,7
563,-52.064137,7
564,-51.583458,7
565,-83.60547,7
566,-28.993572,7
567,-16.06776,7
568,-9.752387,7
569,-205.74498,7
570,-140.74062,7
571,-70.15428,7
572,-78.24645,7
573,-118.140816,7
574,-131.10503,7
575,-69.067535,7
576,-3.2345035,7
577,-182.81169,7
578,-65.60556,7
579,-115.80597,7
580,-134.45793,7
581,-81.55515,7
582,-91.78964,7
583,-115.087616,7
584,-124.97064,7
585,-41.86089,7
586,-60.60939,7
587,-116.02017,7
588,-34.920544,7
589,-47.703796,7
590,-51.820496,7
591,-39.331192,7
592,-32.952774,7
593,-199.80324,7
594,-39.66329,7
595,-145.61406,7
596,23.26977,7
597,-97.43461,7
598,-53.448944,7
599,-28.939878,7
600,-72.60982,7
601,-76.99989,7
602,-47.77213,7
603,-60.330772,7
604,-38.37886,7
605,-15.238572,7
606,-47.294132,7
607,-58.15853,7
608,-36.27674,7
609,-58.93197,7
610,-88.26378,7
611,-102.05733,7
612,-78.851204,7
613,-67.35051,7
614,-24.190256,7
615,-67.37923,7
616,-41.436813,7
617,-115.337296,7
618,-155.71861,7
619,-89.65626,7
620,-159.28178,7
621,-64.95267,7
622,-13.001555,7
623,-61.199257,7
624,-35.680717,7
625,-155.22278,7
626,-161.13573,7
627,-26.27449,7
628,-35.7072,7
629,-105.98827,7
630,-67.212585,7
631,-79.83251,7
632,-68.07466,7
633,-68.363686,7
634,-32.191635,7
635,-68.103,7
636,-21.584724,7
637,-94.36612,7
638,-182.24481,7
639,-84.74166,7
640,-264.13794,8
641,-131.66066,8
642,-117.92412,8
643,-120.59039,8
644,-202.123,8
645,-74.731964,8
646,-249.37779,8
647,-140.21425,8
648,-21.20935,8
649,-102.952934,8
650,-152.06975,8
651,-125.38971,8
652,-159.70663,8
653,-361.59872,8
654,-153.89268,8
655,-99.85312,8
656,-103.69369,8
657,-129.95422,8
658,-108.04881,8
659,-202.47931,8
660,-215.24707,8
661,-185.33902,8
662,-167.74187,8
663,-163.38713,8
664,-221.7298,8
665,-117.80792,8
666,-85.45073,8
667,-83.95649,8
668,-143.24103,8
669,-152.61278,8
670,-155.30138,8
671,-118.47429,8
672,-154.94861,8
673,-168.2912,8
674,-157.4499,8
675,-150.88242,8
676,-76.21312,8
677,-42.023987,8
678,-110.255005,8
679,-148.41121,8
680,-180.05663,8
681,-156.9893,8
682,-169.52979,8
683,-162.8474,8
684,-203.72621,8
685,-69.29755,8
686,-246.30139,8
687,-152.79475,8
688,-127.76268,8
689,-65.00038,8
690,-3.8289382,8
691,-129.38234,8
692,-125.68654,8
693,-169.54532,8
694,-61.55275,8
695,-107.08297,8
696,-234.37184,8
697,-102.864784,8
698,-119.002594,8
699,4.2474875,8
700,-193.2996,8
701,-83.3377,8
702,-137.0135,8
703,-84.09425,8
704,-206.49724,8
705,-109.40277,8
706,-96.666466,8
707,-121.71025,8
708,-93.38435,8
709,-124.87883,8
710,-124.906265,8
711,-101.865944,8
712,-126.085754,8
713,-132.95222,8
714,-59.682266,8
715,-162.91618,8
716,-168.67506,8
717,-111.141174,8
718,-67.257645,8
719,-104.74666,8
720,-74.027725,9
721,-93.120735,9
722,-116.44107,9
723,-132.17317,9
724,-103.105446,9
725,-77.058235,9
726,-88.29126,9
727,-112.36626,9
728,-105.631424,9
729,-95.9763,9
730,-148.75478,9
731,-18.359806,9
732,-186.58894,9
733,-92.35455,9
734,-17.3733,9
735,-89.987236,9
736,-77.07231,9
737,-114.4724,9
738,-135.88666,9
739,-108.86458,9
740,-108.22821,9
741,-82.7498,9
742,-174.46556,9
743,-54.66629,9
744,-200.373,9
745,-194.1557,9
746,-69.633224,9
747,-84.694244,9
748,-84.84575,9
749,-74.89938,9
750,-105.16673,9
751,-112.46829,9
752,-165.45256,9
753,-86.806335,9
754,-118.37648,9
755,-76.36488,9
756,-88.5428,9
757,-90.351265,9
758,-196.09294,9
759,-46.450302,9
760,-88.129524,9
761,-102.23276,9
762,-205.43007,9
763,-10.496539,9
764,-181.7231,9
765,-112.32931,9
766,-35.553383,9
767,-75.46431,9
768,-12.433471,9
769,-81.85325,9
770,-79.87311,9
771,-26.845488,9
772,-167.30254,9
773,-54.727875,9
774,-99.16202,9
775,-49.226543,9
776,-51.641243,9
777,-24.78321,9
778,-145.5511,9
779,-63.21142,9
780,-113.0443,9
781,-172.83752,9
782,-67.19273,9
783,-72.52135,9
784,-124.57695,9
785,-102.76788,9
786,-210.28755,9
787,-52.05567,9
788,-51.525734,9
789,-51.2647,9
790,-133.39566,9
791,-177.12578,9
792,-88.57621,9
793,-171.06384,9
794,-100.412094,9
795,-82.47367,9
796,-70.10164,9
797,-51.079056,9
798,-52.136036,9
799,-83.066284,9
