Image,Value,Label
0,297.66266,0
1,211.56169,0
2,196.48483,0
3,329.61905,0
4,287.70486,0
5,245.00089,0
6,259.55392,0
7,233.63904,0
8,242.34895,0
9,230.97748,0
10,240.1019,0
11,270.39774,0
12,307.39297,0
13,222.8472,0
14,244.70306,0
15,228.29854,0
16,208.96494,0
17,216.2956,0
18,300.4169,0
19,263.9397,0
20,352.49954,0
21,216.13739,0
22,321.16003,0
23,206.25096,0
24,330.30124,0
25,211.52127,0
26,234.52806,0
27,234.69946,0
28,255.02777,0
29,213.56895,0
30,227.43259,0
31,268.54855,0
32,225.53412,0
33,261.2627,0
34,185.36957,0
35,272.79807,0
36,179.81984,0
37,253.71828,0
38,224.22226,0
39,237.4617,0
40,270.65836,0
41,270.27066,0
42,343.51358,0
43,221.78467,0
44,249.8445,0
45,286.4476,0
46,241.56305,0
47,292.1225,0
48,180.93144,0
49,216.26064,0
50,249.14763,0
51,215.2868,0
52,180.83896,0
53,282.86627,0
54,305.15506,0
55,287.3411,0
56,256.94336,0
57,180.04184,0
58,378.1302,0
59,243.00342,0
60,222.94504,0
61,254.8605,0
62,216.9499,0
63,280.2137,0
64,214.52759,0
65,377.1813,0
66,183.35419,0
67,245.45215,0
68,180.68958,0
69,329.4094,0
70,315.4297,0
71,291.27817,0
72,280.63602,0
73,232.14645,0
74,252.77496,0
75,241.55496,0
76,197.82117,0
77,371.6047,0
78,188.50299,0
79,266.6794,0
80,163.3924,1
81,98.44485,1
82,150.7471,1
83,145.31845,1
84,155.27243,1
85,156.42075,1
86,135.4288,1
87,135.77936,1
88,132.56259,1
89,196.8722,1
90,159.42157,1
91,159.09576,1
92,177.5636,1
93,165.61789,1
94,184.09491,1
95,136.41026,1
96,143.35648,1
97,160.2441,1
98,158.41365,1
99,135.67053,1
100,109.73455,1
101,162.45027,1
102,197.76933,1
103,154.3757,1
104,157.13014,1
105,110.62197,1
106,215.6403,1
107,167.1666,1
108,158.3299,1
109,155.22827,1
110,212.34016,1
111,111.385376,1
112,155.95547,1
113,170.54443,1
114,166.52649,1
115,156.08565,1
116,125.4123,1
117,160.54002,1
118,186.8678,1
119,158.99387,1
120,149.99432,1
121,129.47311,1
122,181.20517,1
123,160.61835,1
124,167.00389,1
125,150.12744,1
126,134.14981,1
127,154.25977,1
128,181.27153,1
129,146.05887,1
130,162.48502,1
131,146.16458,1
132,116.55496,1
133,162.25436,1
134,144.02695,1
135,165.25522,1
136,150.72574,1
137,156.54527,1
138,179.93198,1
139,145.53398,1
140,152.4029,1
141,157.30634,1
142,199.77272,1
143,166.4773,1
144,182.36331,1
145,167.31232,1
146,154.15968,1
147,166.14708,1
148,128.97952,1
149,191.32635,1
150,178.45221,1
151,230.79968,1
152,121.30205,1
153,170.18694,1
154,121.65844,1
155,182.0213,1
156,237.71591,1
157,165.72614,1
158,135.43143,1
159,163.45366,1
160,127.06866,2
161,187.49478,2
162,176.4029,2
163,178.67323,2
164,162.43207,2
165,179.59212,2
166,152.6642,2
167,182.5602,2
168,144.70697,2
169,214.43384,2
170,133.26538,2
171,174.83511,2
172,119.75472,2
173,148.7293,2
174,157.28029,2
175,129.31657,2
176,174.11404,2
177,151.18979,2
178,145.63931,2
179,144.4635,2
180,87.555466,2
181,180.4847,2
182,181.51662,2
183,151.70389,2
184,113.433624,2
185,175.76463,2
186,161.36543,2
187,185.1172,2
188,135.85089,2
189,164.08823,2
190,104.05255,2
191,211.6985,2
192,140.63748,2
193,158.57431,2
194,208.02724,2
195,138.69574,2
196,141.30043,2
197,172.26569,2
198,133.8038,2
199,161.83145,2
200,193.91559,2
201,197.83557,2
202,165.32275,2
203,116.74389,2
204,105.87193,2
205,139.75287,2
206,166.01834,2
207,170.07806,2
208,198.20955,2
209,142.71474,2
210,149.33795,2
211,138.44417,2
212,159.72134,2
213,133.32216,2
214,130.56798,2
215,189.02437,2
216,139.5326,2
217,103.520035,2
218,178.47455,2
219,198.93124,2
220,110.37416,2
221,208.19241,2
222,185.55835,2
223,160.599,2
224,96.36477,2
225,172.45837,2
226,120.20407,2
227,88.28668,2
228,136.7709,2
229,175.80579,2
230,136.08365,2
231,188.75964,2
232,148.15709,2
233,161.76982,2
234,142.07603,2
235,118.30122,2
236,163.1983,2
237,180.58443,2
238,135.4685,2
239,162.63086,2
240,139.78781,3
241,90.434875,3
242,81.66475,3
243,45.037506,3
244,80.16589,3
245,57.334526,3
246,128.4259,3
247,76.27985,3
248,140.7946,3
249,43.35033,3
250,134.49387,3
251,105.913345,3
252,73.32731,3
253,126.25502,3
254,92.0654,3
255,114.14052,3
256,64.353546,3
257,149.5502,3
258,158.81984,3
259,104.18629,3
260,60.426117,3
261,125.71442,3
262,102.83998,3
263,59.497406,3
264,95.06694,3
265,64.43458,3
266,138.34985,3
267,118.10452,3
268,97.18468,3
269,59.428562,3
270,73.35916,3
271,140.07523,3
272,115.52545,3
273,69.37721,3
274,84.35572,3
275,73.2632,3
276,88.693634,3
277,100.3032,3
278,87.23192,3
279,124.91511,3
280,102.85846,3
281,101.707016,3
282,67.139694,3
283,37.26506,3
284,76.45571,3
285,88.272545,3
286,95.779976,3
287,173.1697,3
288,64.65489,3
289,158.95406,3
290,68.66458,3
291,114.61265,3
292,90.32913,3
293,94.46886,3
294,65.98953,3
295,141.65598,3
296,55.077244,3
297,73.84121,3
298,88.73975,3
299,171.26036,3
300,56.15992,3
301,120.41966,3
302,84.492775,3
303,47.03442,3
304,162.14925,3
305,63.16149,3
306,99.26219,3
307,69.28998,3
308,78.619415,3
309,52.359688,3
310,109.29718,3
311,116.461365,3
312,69.05768,3
313,84.23767,3
314,98.30063,3
315,181.72775,3
316,85.71797,3
317,113.862755,3
318,141.99243,3
319,203.11241,3
320,75.76334,4
321,23.020885,4
322,55.585716,4
323,51.710735,4
324,67.25115,4
325,66.785416,4
326,30.539326,4
327,28.909954,4
328,105.17552,4
329,100.36458,4
330,66.45373,4
331,30.486105,4
332,41.14292,4
333,83.69302,4
334,41.854256,4
335,26.940536,4
336,110.6189,4
337,86.64886,4
338,7.9800334,4
339,44.509426,4
340,83.31224,4
341,96.11992,4
342,61.615158,4
343,101.97522,4
344,14.242436,4
345,82.3719,4
346,57.411118,4
347,135.44595,4
348,95.127594,4
349,86.66837,4
350,14.054851,4
351,157.41812,4
352,75.98609,4
353,107.72042,4
354,74.93572,4
355,60.909203,4
356,95.01031,4
357,30.064718,4
358,58.89566,4
359,59.304993,4
360,61.06881,4
361,76.80976,4
362,76.4052,4
363,105.10837,4
364,63.033268,4
365,53.92652,4
366,68.060715,4
367,49.814426,4
368,38.24623,4
369,55.63369,4
370,58.478817,4
371,44.67203,4
372,16.050207,4
373,77.96298,4
374,75.15252,4
375,14.07072,4
376,47.32921,4
377,53.745327,4
378,59.36648,4
379,128.57214,4
380,82.81841,4
381,79.199844,4
382,83.9942,4
383,51.64473,4
384,96.16114,4
385,95.94035,4
386,27.329964,4
387,56.98552,4
388,96.10978,4
389,96.32698,4
390,96.70291,4
391,43.951218,4
392,31.922253,4
393,82.33686,4
394,78.808784,4
395,102.07386,4
396,51.49489,4
397,131.36827,4
398,103.65722,4
399,110.453995,4
400,57.086002,5
401,70.454056,5
402,32.9368,5
403,74.92949,5
404,7.1932597,5
405,35.549107,5
406,53.568634,5
407,121.06034,5
408,53.1417,5
409,97.989944,5
410,4.592651,5
411,77.46634,5
412,105.51674,5
413,62.40282,5
414,45.402203,5
415,114.32169,5
416,165.21008,5
417,136.26004,5
418,83.96051,5
419,64.05902,5
420,46.12346,5
421,31.625793,5
422,114.93943,5
423,-21.387966,5
424,3.7512734,5
425,129.30748,5
426,75.275055,5
427,44.128967,5
428,13.890988,5
429,27.187513,5
430,92.02941,5
431,43.905674,5
432,118.42011,5
433,-36.06364,5
434,34.890762,5
435,0.69885385,5
436,74.326,5
437,58.50246,5
438,114.040115,5
439,111.3199,5
440,74.83548,5
441,14.8926,5
442,31.684856,5
443,61.550724,5
444,110.136795,5
445,49.013783,5
446,76.46838,5
447,30.245132,5
448,23.205883,5
449,87.41797,5
450,52.38649,5
451,4.856812,5
452,23.617363,5
453,9.772347,5
454,56.004555,5
455,31.91082,5
456,40.601032,5
457,67.568184,5
458,33.752243,5
459,27.289318,5
460,32.546196,5
461,38.75047,5
462,84.47856,5
463,33.219482,5
464,68.93581,5
465,104.9599,5
466,6.643848,5
467,93.756195,5
468,56.798744,5
469,41.39883,5
470,65.58769,5
471,57.217728,5
472,24.212917,5
473,117.3609,5
474,39.967117,5
475,40.224907,5
476,1.3403391,5
477,21.836288,5
478,53.615807,5
479,27.936666,5
480,52.60137,6
481,93.86322,6
482,88.32762,6
483,-30.478477,6
484,49.87649,6
485,-28.418606,6
486,140.50616,6
487,67.2517,6
488,-27.024975,6
489,39.22923,6
490,19.166206,6
491,66.5778,6
492,32.14499,6
493,20.413445,6
494,38.512154,6
495,44.713333,6
496,16.331928,6
497,74.91481,6
498,106.4286,6
499,193.2653,6
500,59.978256,6
501,24.68209,6
502,52.79844,6
503,37.023846,6
504,8.888608,6
505,141.59872,6
506,31.690254,6
507,-10.849059,6
508,52.178574,6
509,4.985996,6
510,30.267178,6
511,85.49396,6
512,182.40662,6
513,38.907837,6
514,-15.86024,6
515,1.3328756,6
516,-43.854362,6
517,-11.811458,6
518,-45.16562,6
519,31.115898,6
520,-37.801655,6
521,14.363357,6
522,42.91603,6
523,67.40398,6
524,100.15964,6
525,12.52139,6
526,23.296412,6
527,34.759987,6
528,58.99748,6
529,81.06297,6
530,11.834073,6
531,27.353127,6
532,22.061996,6
533,38.998,6
534,4.218147,6
535,-24.115982,6
536,32.524654,6
537,52.9683,6
538,19.695742,6
539,-0.06557907,6
540,27.519575,6
541,-9.792768,6
542,35.901657,6
543,-7.7595315,6
544,37.45719,6
545,-9.554101,6
546,-13.0940275,6
547,-22.028538,6
548,29.376396,6
549,-23.22245,6
550,68.617325,6
551,22.839706,6
552,114.74175,6
553,-46.63706,6
554,32.023293,6
555,0.5786947,6
556,-32.405823,6
557,203.009,6
558,113.67351,6
559,9.232856,6
560,-8.584821,7
561,41.94475,7
562,79.384796,7
563,13.834846,7
564,14.046811,7
565,42.267593,7
566,123.70464,7
567,1.7403063,7
568,-0.9691073,7
569,37.30231,7
570,41.7188,7
571,36.290684,7
572,43.20845,7
573,54.959045,7
574,64.35908,7
575,4.6173606,7
576,74.69731,7
577,31.594234,7
578,59.632366,7
579,23.791376,7
580,52.10961,7
581,29.738094,7
582,32.973343,7
583,-23.28344,7
584,-18.00906,7
585,-3.8084133,7
586,-7.053471,7
587,34.890446,7
588,33.245773,7
589,11.568952,7
590,63.2699,7
591,22.855827,7
592,6.987243,7
593,76.40831,7
594,17.91204,7
595,57.792747,7
596,79.954765,7
597,50.541862,7
598,29.551577,7
599,-30.681034,7
600,45.888435,7
601,111.37634,7
602,41.058277,7
603,62.728394,7
604,33.80052,7
605,-0.5864283,7
606,-14.804795,7
607,17.158543,7
608,-5.856299,7
609,33.203415,7
610,22.871838,7
611,66.64615,7
612,32.71764,7
613,-9.81534,7
614,-17.79241,7
615,40.71933,7
616,-6.1471944,7
617,17.215237,7
618,48.89157,7
619,40.17574,7
620,4.2609763,7
621,34.89332,7
622,1.8163618,7
623,10.840206,7
624,76.91345,7
625,44.979088,7
626,48.62335,7
627,26.655785,7
628,32.127872,7
629,0.30222833,7
630,-2.575112,7
631,64.02547,7
632,49.814507,7
633,18.514004,7
634,-18.967358,7
635,0.8602308,7
636,-11.841411,7
637,-2.094548,7
638,68.268936,7
639,20.078735,7
640,70.5396,8
641,-12.1079,8
642,-12.193925,8
643,75.53149,8
644,71.29337,8
645,36.292194,8
646,67.27259,8
647,69.24536,8
648,-29.022827,8
649,11.619796,8
650,64.85878,8
651,-12.045932,8
652,17.402088,8
653,83.34883,8
654,-13.052659,8
655,38.472942,8
656,-3.2126281,8
657,-0.80106413,8
658,16.83631,8
659,146.56375,8
660,112.94429,8
661,30.064638,8
662,81.64592,8
663,26.877464,8
664,8.942527,8
665,40.221874,8
666,23.006279,8
667,-0.9697939,8
668,27.323574,8
669,29.431877,8
670,23.521523,8
671,16.547417,8
672,26.903809,8
673,63.279217,8
674,82.463684,8
675,62.779793,8
676,75.51465,8
677,41.981438,8
678,30.91054,8
679,7.093864,8
680,31.371279,8
681,0.8522943,8
682,8.092226,8
683,12.6789255,8
684,111.28787,8
685,15.362298,8
686,59.14082,8
687,48.90167,8
688,54.14366,8
689,48.656364,8
690,51.049763,8
691,43.24232,8
692,57.858894,8
693,50.32454,8
694,27.332762,8
695,41.68703,8
696,85.92766,8
697,82.05637,8
698,91.20717,8
699,64.89888,8
700,50.8592,8
701,27.774662,8
702,-11.625962,8
703,29.65725,8
704,58.508408,8
705,-14.294816,8
706,75.1571,8
707,111.79323,8
708,48.25065,8
709,89.182915,8
710,-0.87876,8
711,54.79437,8
712,78.56628,8
713,-26.04823,8
714,4.3643813,8
715,50.299305,8
716,123.12152,8
717,-7.5186563,8
718,-14.519807,8
719,38.586292,8
720,-23.795391,9
721,-71.219635,9
722,29.399914,9
723,-17.32798,9
724,28.872116,9
725,-42.69253,9
726,-29.64777,9
727,34.087547,9
728,-8.320913,9
729,-9.108275,9
730,5.255096,9
731,-19.160683,9
732,33.5561,9
733,5.2081237,9
734,-12.459224,9
735,-1.9805952,9
736,-3.257798,9
737,12.041652,9
738,29.446823,9
739,-12.7891,9
740,-7.0981135,9
741,34.08542,9
742,23.042538,9
743,-12.290908,9
744,91.725914,9
745,70.25113,9
746,-7.8857617,9
747,-30.150782,9
748,2.4044373,9
749,-25.196577,9
750,9.831788,9
751,-29.810543,9
752,-8.479062,9
753,-30.674772,9
754,104.65129,9
755,-10.038331,9
756,-20.511726,9
757,-57.070343,9
758,76.02311,9
759,14.756156,9
760,-44.34599,9
761,10.5819235,9
762,113.783226,9
763,35.93266,9
764,-12.51222,9
765,36.922096,9
766,-2.142821,9
767,-24.963009,9
768,-18.84735,9
769,-47.42587,9
770,-41.02471,9
771,-6.363541,9
772,22.167686,9
773,2.14629,9
774,-23.245071,9
775,-28.490583,9
776,-72.208466,9
777,-1.9991881,9
778,30.609587,9
779,-41.14807,9
780,48.985847,9
781,72.98093,9
782,6.5154357,9
783,-30.559147,9
784,14.79143,9
785,-25.789597,9
786,54.388992,9
787,-27.188416,9
788,-23.675793,9
789,-21.97617,9
790,27.62246,9
791,31.707314,9
792,-42.221706,9
793,-9.587384,9
794,14.106259,9
795,1.560428,9
796,-7.0209336,9
797,-40.885437,9
798,-43.243416,9
799,-36.022926,9
