Image,Value,Label
0,-177.5934,0
1,-37.365936,0
2,42.68891,0
3,-149.89684,0
4,-8.708426,0
5,-11.634589,0
6,-74.57188,0
7,-142.61919,0
8,-107.563705,0
9,-43.246307,0
10,-28.141598,0
11,-55.30228,0
12,-143.25597,0
13,-159.41737,0
14,-104.7903,0
15,14.556886,0
16,-5.3371806,0
17,-127.914246,0
18,-68.89828,0
19,-58.573025,0
20,-101.47493,0
21,-28.445343,0
22,-187.06544,0
23,-17.990677,0
24,-226.97183,0
25,-49.03212,0
26,-145.54294,0
27,-22.71666,0
28,-107.799385,0
29,-26.446114,0
30,6.2581105,0
31,-95.7094,0
32,-101.86973,0
33,-97.478325,0
34,-133.22215,0
35,63.908638,0
36,-27.193016,0
37,49.709503,0
38,-60.145576,0
39,-28.909145,0
40,-122.20773,0
41,-50.55725,0
42,-78.87961,0
43,-23.81208,0
44,-30.014565,0
45,-187.59422,0
46,-56.065598,0
47,-96.021454,0
48,-38.61504,0
49,-57.70578,0
50,12.970864,0
51,-41.9213,0
52,-90.48454,0
53,-16.762543,0
54,-58.308655,0
55,-67.82131,0
56,-21.44638,0
57,-23.4113,0
58,-123.81505,0
59,20.86287,0
60,-16.36979,0
61,-133.62633,0
62,-61.787262,0
63,-227.64516,0
64,-92.20818,0
65,-194.56989,0
66,-139.76767,0
67,-118.45518,0
68,-67.0685,0
69,-54.765156,0
70,-197.80046,0
71,-72.84738,0
72,-59.139793,0
73,-46.661728,0
74,-68.96902,0
75,-142.06381,0
76,-38.5119,0
77,-5.26004,0
78,-127.21734,0
79,-94.25369,0
80,32.083206,1
81,82.51816,1
82,137.84128,1
83,132.92049,1
84,92.87267,1
85,21.48375,1
86,118.352264,1
87,120.22818,1
88,129.51192,1
89,14.397214,1
90,99.4698,1
91,53.87896,1
92,8.053105,1
93,8.805772,1
94,17.467735,1
95,104.23101,1
96,98.579254,1
97,50.143215,1
98,25.032303,1
99,115.36864,1
100,121.34944,1
101,84.47533,1
102,5.364472,1
103,68.67284,1
104,47.277786,1
105,120.20353,1
106,9.318833,1
107,47.452793,1
108,48.295715,1
109,14.733869,1
110,-9.833278,1
111,108.98127,1
112,48.19739,1
113,10.820657,1
114,34.73134,1
115,28.103174,1
116,145.73671,1
117,83.32771,1
118,11.321225,1
119,46.09976,1
120,32.558983,1
121,125.21618,1
122,17.94389,1
123,46.279568,1
124,5.242867,1
125,75.586205,1
126,148.78056,1
127,16.531006,1
128,23.128864,1
129,111.48445,1
130,77.55682,1
131,97.027374,1
132,109.84314,1
133,56.00696,1
134,50.89614,1
135,0.9044502,1
136,33.646515,1
137,33.507343,1
138,36.582478,1
139,117.38591,1
140,108.21634,1
141,96.645004,1
142,-3.465667,1
143,27.711437,1
144,30.401554,1
145,-7.8325458,1
146,7.3980107,1
147,22.775337,1
148,161.21129,1
149,31.586266,1
150,12.348386,1
151,3.7261055,1
152,91.71294,1
153,8.383897,1
154,170.72183,1
155,24.901894,1
156,-12.563895,1
157,76.02714,1
158,111.39453,1
159,101.58162,1
160,4.76397,2
161,-137.18767,2
162,-45.316143,2
163,45.32514,2
164,-11.142669,2
165,-39.16948,2
166,-13.41495,2
167,-59.558964,2
168,-67.21906,2
169,-120.82553,2
170,-125.80047,2
171,-94.04779,2
172,-41.822636,2
173,26.825844,2
174,-11.028724,2
175,-93.34597,2
176,-51.622513,2
177,-165.1432,2
178,-110.73263,2
179,-77.17453,2
180,74.81337,2
181,-129.24037,2
182,-127.876114,2
183,-58.913033,2
184,-54.34124,2
185,-23.150452,2
186,-32.7625,2
187,33.10367,2
188,-65.73489,2
189,-20.189108,2
190,-38.7963,2
191,22.51522,2
192,-123.49634,2
193,-41.79886,2
194,-25.009644,2
195,16.055481,2
196,-155.71434,2
197,68.3055,2
198,-114.85483,2
199,-103.65087,2
200,-58.508537,2
201,-23.065125,2
202,-83.34338,2
203,-124.65657,2
204,-120.74867,2
205,-70.8194,2
206,63.2891,2
207,-209.09752,2
208,-71.50488,2
209,-62.01207,2
210,-50.518867,2
211,-151.68732,2
212,36.718704,2
213,-95.513405,2
214,-144.10648,2
215,-92.170525,2
216,6.494038,2
217,17.52337,2
218,-40.39523,2
219,-103.31296,2
220,-202.92567,2
221,-284.00574,2
222,-20.022984,2
223,-2.5834343,2
224,-24.511988,2
225,-48.58138,2
226,-138.70918,2
227,-60.39762,2
228,-60.86374,2
229,-2.3965561,2
230,-120.429016,2
231,-25.920452,2
232,-37.32768,2
233,-134.27779,2
234,-58.59228,2
235,-135.99847,2
236,-25.421246,2
237,-28.085583,2
238,-8.596013,2
239,5.0458837,2
240,88.85854,3
241,63.901894,3
242,15.321679,3
243,9.187516,3
244,48.06852,3
245,11.244065,3
246,41.502045,3
247,59.84762,3
248,19.06591,3
249,-12.378345,3
250,9.217713,3
251,95.854385,3
252,92.30522,3
253,15.306359,3
254,15.291318,3
255,-24.920052,3
256,-3.9571793,3
257,17.367462,3
258,-41.21486,3
259,22.253891,3
260,-33.36077,3
261,6.676987,3
262,4.844109,3
263,128.79167,3
264,-54.5018,3
265,11.012429,3
266,20.144638,3
267,65.31251,3
268,-170.09723,3
269,3.785302,3
270,-26.271507,3
271,38.400497,3
272,41.823376,3
273,85.9292,3
274,119.81767,3
275,8.9659395,3
276,-43.96846,3
277,2.1993911,3
278,-7.0000033,3
279,59.532513,3
280,21.298332,3
281,2.2305686,3
282,32.07684,3
283,91.515175,3
284,-13.22148,3
285,-22.508308,3
286,14.490861,3
287,117.99989,3
288,62.873074,3
289,-53.9519,3
290,25.689514,3
291,-31.026257,3
292,22.797722,3
293,-28.310265,3
294,35.646492,3
295,-41.662766,3
296,76.83084,3
297,-20.503632,3
298,34.23629,3
299,-46.744858,3
300,-5.7256923,3
301,45.07997,3
302,39.43293,3
303,94.92832,3
304,-37.398293,3
305,63.016487,3
306,40.95249,3
307,18.56109,3
308,26.909159,3
309,36.51477,3
310,110.96558,3
311,28.715927,3
312,-14.518626,3
313,50.7047,3
314,-20.29448,3
315,2.4844902,3
316,34.78431,3
317,-61.8161,3
318,14.435609,3
319,-173.16826,3
320,-24.046825,4
321,25.498447,4
322,18.204464,4
323,-53.435127,4
324,-16.213837,4
325,36.682858,4
326,4.716759,4
327,73.1829,4
328,2.978669,4
329,-14.453809,4
330,11.153205,4
331,-35.29252,4
332,49.765423,4
333,-7.537811,4
334,76.78065,4
335,15.533853,4
336,28.851954,4
337,-19.892246,4
338,72.55939,4
339,-29.40609,4
340,-74.14059,4
341,57.68405,4
342,9.424375,4
343,-0.8480599,4
344,70.33927,4
345,41.52935,4
346,24.715225,4
347,-148.55354,4
348,27.038952,4
349,4.0158887,4
350,60.17052,4
351,-177.80055,4
352,43.421303,4
353,-46.747997,4
354,-148.25499,4
355,-11.938582,4
356,-112.37477,4
357,-18.428017,4
358,-1.9453652,4
359,17.354164,4
360,35.131134,4
361,17.990543,4
362,-27.244831,4
363,2.411084,4
364,-64.27589,4
365,8.920842,4
366,-68.014175,4
367,30.65022,4
368,69.84211,4
369,43.85726,4
370,-33.45155,4
371,43.783092,4
372,22.411215,4
373,49.108597,4
374,4.7311025,4
375,31.283333,4
376,-46.575775,4
377,37.367332,4
378,60.159065,4
379,-49.877945,4
380,25.565945,4
381,25.437428,4
382,37.8955,4
383,64.65587,4
384,-59.023903,4
385,14.430875,4
386,88.05214,4
387,41.89183,4
388,-13.439685,4
389,-71.13649,4
390,-93.5339,4
391,60.725807,4
392,62.314228,4
393,-35.394455,4
394,-1.8100312,4
395,-60.29667,4
396,46.49518,4
397,-30.12162,4
398,-20.831078,4
399,-38.77556,4
400,-58.508858,5
401,58.263287,5
402,95.27911,5
403,41.43422,5
404,130.97884,5
405,-36.325855,5
406,75.9716,5
407,51.107185,5
408,148.49762,5
409,-17.009094,5
410,30.767689,5
411,201.58116,5
412,35.39392,5
413,131.96834,5
414,173.43764,5
415,79.6288,5
416,-124.42185,5
417,-37.468536,5
418,125.77578,5
419,53.271873,5
420,154.61719,5
421,24.95362,5
422,115.73383,5
423,223.03896,5
424,63.779236,5
425,-6.9900317,5
426,113.05844,5
427,173.14626,5
428,97.032234,5
429,77.067154,5
430,63.195354,5
431,156.19527,5
432,78.920944,5
433,-22.204136,5
434,71.18702,5
435,62.771713,5
436,39.848076,5
437,181.13234,5
438,114.52758,5
439,-24.333233,5
440,93.26982,5
441,72.35765,5
442,112.684105,5
443,127.50755,5
444,117.101105,5
445,130.70332,5
446,183.42969,5
447,-59.377975,5
448,182.24677,5
449,71.77389,5
450,122.51055,5
451,9.744986,5
452,143.85179,5
453,-8.965423,5
454,69.455246,5
455,163.92606,5
456,-88.422615,5
457,12.650819,5
458,111.6801,5
459,177.84875,5
460,125.38153,5
461,43.199448,5
462,13.65236,5
463,-0.14289024,5
464,113.5198,5
465,121.99243,5
466,111.18526,5
467,45.496685,5
468,137.84029,5
469,180.35144,5
470,164.47235,5
471,-25.558067,5
472,53.106094,5
473,7.2942376,5
474,31.15844,5
475,113.37773,5
476,41.504715,5
477,72.40808,5
478,-1.4434569,5
479,39.34745,5
480,46.201416,6
481,-90.20662,6
482,19.807114,6
483,33.66622,6
484,72.26933,6
485,-0.003920816,6
486,-32.919487,6
487,-20.059494,6
488,-83.61878,6
489,-118.73981,6
490,-53.97474,6
491,72.30884,6
492,-100.366516,6
493,19.123629,6
494,-120.96041,6
495,-128.62505,6
496,-65.06481,6
497,56.849007,6
498,-106.54393,6
499,-260.85992,6
500,-12.179225,6
501,-88.01023,6
502,44.010834,6
503,-45.4242,6
504,45.89255,6
505,-122.13732,6
506,-119.72704,6
507,-105.95667,6
508,-93.107056,6
509,-116.30879,6
510,-27.015823,6
511,15.236581,6
512,-106.48275,6
513,-15.58438,6
514,7.297131,6
515,-32.15953,6
516,26.35896,6
517,29.731527,6
518,57.683456,6
519,53.953262,6
520,-48.880142,6
521,64.569046,6
522,-74.357346,6
523,-93.38105,6
524,-254.51617,6
525,-15.48408,6
526,-88.957344,6
527,5.5410695,6
528,-97.966484,6
529,29.262156,6
530,-30.969547,6
531,-83.45733,6
532,-151.01097,6
533,73.22755,6
534,-183.24814,6
535,-9.228541,6
536,-90.764755,6
537,-29.83783,6
538,19.045515,6
539,-92.92241,6
540,-112.725586,6
541,-3.2622597,6
542,-5.4761767,6
543,70.13789,6
544,-113.01563,6
545,77.51844,6
546,76.48981,6
547,-127.57214,6
548,-54.641296,6
549,17.859146,6
550,-33.645454,6
551,-137.83551,6
552,52.73166,6
553,-7.270679,6
554,-65.51978,6
555,-49.43547,6
556,11.431397,6
557,-213.51851,6
558,-218.73979,6
559,-24.601494,6
560,9.4319315,7
561,23.717102,7
562,17.635246,7
563,14.533303,7
564,36.126305,7
565,20.641464,7
566,-88.941635,7
567,67.35366,7
568,29.40792,7
569,-40.47819,7
570,-115.378105,7
571,49.13865,7
572,9.042489,7
573,-87.70662,7
574,-20.523514,7
575,7.2170224,7
576,-0.94055104,7
577,-47.08197,7
578,22.060684,7
579,-8.663695,7
580,-23.093369,7
581,33.876972,7
582,11.75319,7
583,4.003876,7
584,-20.84824,7
585,-29.969898,7
586,16.095078,7
587,-32.84728,7
588,59.333496,7
589,10.288375,7
590,-105.05417,7
591,11.095918,7
592,5.8442464,7
593,-87.024925,7
594,7.7504277,7
595,-31.572357,7
596,-53.867325,7
597,3.4737785,7
598,-16.785019,7
599,23.158733,7
600,-36.01947,7
601,42.13755,7
602,13.463838,7
603,11.297624,7
604,5.0846257,7
605,-1.3822052,7
606,8.255761,7
607,-52.032707,7
608,86.339676,7
609,35.830147,7
610,2.43023,7
611,-89.181755,7
612,-47.68828,7
613,24.450615,7
614,54.304928,7
615,-0.8140671,7
616,29.429901,7
617,2.5711524,7
618,2.1827514,7
619,-4.790336,7
620,59.606007,7
621,48.544205,7
622,2.7285697,7
623,2.4085586,7
624,-9.867232,7
625,-57.43186,7
626,-15.79692,7
627,52.30215,7
628,41.40828,7
629,32.56772,7
630,57.67714,7
631,-7.561828,7
632,0.80791545,7
633,16.95972,7
634,13.657697,7
635,31.63002,7
636,15.410008,7
637,21.116272,7
638,-134.94194,7
639,17.60651,7
640,10.439065,8
641,-19.836002,8
642,-2.2982743,8
643,-7.6640353,8
644,13.030435,8
645,27.799797,8
646,3.9809272,8
647,18.27137,8
648,65.96219,8
649,41.63758,8
650,42.729874,8
651,36.342224,8
652,7.074105,8
653,-87.620735,8
654,-0.6667321,8
655,118.271225,8
656,13.960504,8
657,-2.3602402,8
658,-15.4075575,8
659,-122.12814,8
660,0.21777412,8
661,41.66556,8
662,21.621506,8
663,-36.563118,8
664,12.602387,8
665,-27.46671,8
666,87.61352,8
667,30.272348,8
668,48.290962,8
669,38.710236,8
670,-12.193976,8
671,60.615852,8
672,-28.662743,8
673,10.370378,8
674,4.1648717,8
675,87.698715,8
676,-23.618736,8
677,22.43575,8
678,38.112724,8
679,31.76342,8
680,10.893342,8
681,-0.7860024,8
682,-15.173003,8
683,-63.762344,8
684,4.4674687,8
685,53.447437,8
686,-48.241673,8
687,101.47092,8
688,57.477493,8
689,33.16846,8
690,-4.495315,8
691,11.998979,8
692,37.04412,8
693,35.208954,8
694,31.783714,8
695,30.55769,8
696,-54.83233,8
697,77.37861,8
698,16.729095,8
699,47.100494,8
700,27.60579,8
701,64.64266,8
702,27.64039,8
703,-5.4815516,8
704,19.424515,8
705,22.519623,8
706,36.46929,8
707,46.31131,8
708,43.99758,8
709,57.569153,8
710,30.898994,8
711,40.108772,8
712,55.830894,8
713,22.082893,8
714,83.910995,8
715,57.702507,8
716,-38.931435,8
717,-37.72423,8
718,26.26352,8
719,35.593796,8
720,51.2293,9
721,117.41517,9
722,-70.97915,9
723,-6.3630443,9
724,-41.353554,9
725,39.03929,9
726,86.44962,9
727,-28.91578,9
728,-4.9527965,9
729,-24.769474,9
730,-68.53396,9
731,55.221375,9
732,-97.20497,9
733,20.404213,9
734,43.407356,9
735,52.22283,9
736,27.203728,9
737,-40.32814,9
738,-48.60617,9
739,26.949413,9
740,19.711441,9
741,30.476513,9
742,-129.70297,9
743,87.29837,9
744,-173.35344,9
745,-138.35786,9
746,7.3169675,9
747,12.778222,9
748,40.107315,9
749,24.5895,9
750,-3.334983,9
751,26.732906,9
752,18.599922,9
753,46.588036,9
754,-26.095009,9
755,10.042855,9
756,8.138959,9
757,37.967045,9
758,-141.85948,9
759,17.729635,9
760,53.036076,9
761,50.61628,9
762,-145.17247,9
763,-10.16989,9
764,-27.686852,9
765,-48.643723,9
766,70.124115,9
767,-12.649955,9
768,74.025475,9
769,31.829762,9
770,48.20598,9
771,60.754696,9
772,-113.062225,9
773,25.398136,9
774,43.873295,9
775,65.50448,9
776,74.32564,9
777,45.466114,9
778,-90.85544,9
779,52.190117,9
780,-155.08318,9
781,-154.2411,9
782,29.400295,9
783,53.63039,9
784,-36.302986,9
785,31.044876,9
786,-150.00392,9
787,46.54808,9
788,48.731827,9
789,83.34875,9
790,-47.37027,9
791,-85.26621,9
792,49.460155,9
793,-43.35663,9
794,-32.426773,9
795,8.048921,9
796,0.061478354,9
797,75.19899,9
798,102.77811,9
799,46.332287,9
