Image,Value,Label
0,-242.4727,0
1,-198.72672,0
2,-251.70053,0
3,-309.1907,0
4,-305.5518,0
5,-319.20798,0
6,-347.35696,0
7,-395.55154,0
8,-305.20898,0
9,-388.10556,0
10,-299.33395,0
11,-255.24335,0
12,-415.8973,0
13,-336.22192,0
14,-196.20436,0
15,-306.11084,0
16,-278.90536,0
17,-352.15933,0
18,-372.8701,0
19,-290.93112,0
20,-451.0092,0
21,-320.34866,0
22,-315.94464,0
23,-293.37534,0
24,-187.67842,0
25,-223.09868,0
26,-247.75127,0
27,-341.0591,0
28,-396.7047,0
29,-186.07626,0
30,-346.37308,0
31,-194.16328,0
32,-181.53835,0
33,-184.31285,0
34,-475.89868,0
35,-301.90805,0
36,-301.3248,0
37,-179.38847,0
38,-429.99338,0
39,-205.41751,0
40,-244.97032,0
41,-386.45465,0
42,-488.16467,0
43,-278.13327,0
44,-348.9995,0
45,-360.99655,0
46,-440.17783,0
47,-353.03394,0
48,-238.76436,0
49,-235.473,0
50,-222.86055,0
51,-377.21805,0
52,-314.92117,0
53,-292.53497,0
54,-164.47893,0
55,-203.25456,0
56,-370.16965,0
57,-183.80086,0
58,-376.19733,0
59,-258.88138,0
60,-324.56134,0
61,-318.82974,0
62,-297.72623,0
63,-349.97714,0
64,-390.3272,0
65,-376.67224,0
66,-357.92953,0
67,-273.29987,0
68,-260.99734,0
69,-204.51942,0
70,-236.80128,0
71,-290.14447,0
72,-336.34674,0
73,-514.6529,0
74,-415.6874,0
75,-214.2029,0
76,-364.88974,0
77,-404.97134,0
78,-140.97238,0
79,-126.36459,0
80,-208.90712,1
81,-107.36486,1
82,-209.55177,1
83,-153.38948,1
84,-195.6215,1
85,-171.50352,1
86,-136.52818,1
87,-155.00124,1
88,-197.66862,1
89,-211.63202,1
90,-138.27078,1
91,-149.60835,1
92,-123.27992,1
93,-258.83475,1
94,-238.57152,1
95,-129.10863,1
96,-290.66605,1
97,-158.42969,1
98,-134.25932,1
99,-194.59914,1
100,-151.91965,1
101,-157.31143,1
102,-272.88412,1
103,-131.13863,1
104,-149.93651,1
105,-169.89061,1
106,-217.00795,1
107,-242.72894,1
108,-181.51146,1
109,-167.54655,1
110,-219.83403,1
111,-208.01085,1
112,-221.82811,1
113,-228.42607,1
114,-222.31096,1
115,-139.50383,1
116,-262.24594,1
117,-148.84138,1
118,-214.05412,1
119,-170.87544,1
120,-154.07387,1
121,-177.3618,1
122,-135.08574,1
123,-160.42174,1
124,-123.82793,1
125,-135.4037,1
126,-244.70937,1
127,-136.28888,1
128,-188.53395,1
129,-160.3166,1
130,-224.91585,1
131,-174.21277,1
132,-170.11829,1
133,-177.99844,1
134,-104.45051,1
135,-168.06213,1
136,-170.75642,1
137,-124.50948,1
138,-214.99117,1
139,-187.35849,1
140,-151.97679,1
141,-142.45009,1
142,-192.92178,1
143,-196.58565,1
144,-173.51408,1
145,-201.55757,1
146,-159.45625,1
147,-194.35182,1
148,-213.00873,1
149,-236.38823,1
150,-243.43791,1
151,-242.50337,1
152,-304.0781,1
153,-234.63945,1
154,-257.67715,1
155,-244.85432,1
156,-227.74277,1
157,-162.09607,1
158,-121.588806,1
159,-213.88686,1
160,-175.73698,2
161,-193.00774,2
162,-230.4329,2
163,-181.8351,2
164,-359.31607,2
165,-287.07468,2
166,-238.15262,2
167,-310.2727,2
168,-234.37032,2
169,-272.68878,2
170,-189.0007,2
171,-261.68118,2
172,-223.17195,2
173,-284.71097,2
174,-379.86063,2
175,-326.43106,2
176,-194.88838,2
177,-227.14255,2
178,-318.06152,2
179,-330.2383,2
180,-99.34713,2
181,-359.20465,2
182,-279.0206,2
183,-242.31804,2
184,-232.26396,2
185,-187.22676,2
186,-230.72206,2
187,-245.71358,2
188,-151.20956,2
189,-112.71755,2
190,-223.29594,2
191,-287.1169,2
192,-227.0588,2
193,-334.36993,2
194,-230.20293,2
195,-278.64175,2
196,-296.96567,2
197,-311.7598,2
198,-178.96906,2
199,-348.4424,2
200,-177.48338,2
201,-320.01068,2
202,-138.99077,2
203,-152.41122,2
204,-158.701,2
205,-102.627785,2
206,-241.97142,2
207,-382.85757,2
208,-311.20242,2
209,-339.22855,2
210,-305.8619,2
211,-244.73518,2
212,-515.9363,2
213,-223.03175,2
214,-272.2722,2
215,-301.89285,2
216,-221.83205,2
217,-145.17091,2
218,-379.7755,2
219,-304.82382,2
220,-263.30685,2
221,-268.3112,2
222,-286.03284,2
223,-244.06187,2
224,-167.41312,2
225,-238.30757,2
226,-167.26122,2
227,-299.6936,2
228,-242.14948,2
229,-299.03137,2
230,-195.61906,2
231,-220.09952,2
232,-135.58578,2
233,-271.38367,2
234,-374.85318,2
235,-334.36813,2
236,-174.62477,2
237,-321.48486,2
238,-195.7401,2
239,-314.34714,2
240,-354.54263,3
241,-271.58847,3
242,-181.0572,3
243,-211.17644,3
244,-402.78195,3
245,-309.46512,3
246,-393.31207,3
247,-183.06151,3
248,-317.44174,3
249,-200.3285,3
250,-369.01654,3
251,-260.00812,3
252,-353.1303,3
253,-344.9813,3
254,-310.94595,3
255,-400.89377,3
256,-219.67578,3
257,-281.45474,3
258,-287.02298,3
259,-437.94937,3
260,-371.99234,3
261,-271.12268,3
262,-298.10837,3
263,-304.49722,3
264,-186.79454,3
265,-341.57532,3
266,-260.73343,3
267,-317.38837,3
268,-458.79303,3
269,-227.27284,3
270,-242.87627,3
271,-308.74905,3
272,-277.12143,3
273,-282.71017,3
274,-326.7992,3
275,-203.53368,3
276,-374.41916,3
277,-214.5196,3
278,-332.2385,3
279,-233.23631,3
280,-307.88083,3
281,-391.52652,3
282,-389.3159,3
283,-379.8434,3
284,-237.16924,3
285,-242.41148,3
286,-317.05264,3
287,-422.92767,3
288,-371.70654,3
289,-347.9492,3
290,-288.1249,3
291,-247.42152,3
292,-385.84436,3
293,-217.518,3
294,-402.49506,3
295,-337.77124,3
296,-323.35245,3
297,-293.2648,3
298,-403.53088,3
299,-417.6406,3
300,-349.25803,3
301,-489.73447,3
302,-176.20065,3
303,-225.94121,3
304,-282.47635,3
305,-255.97987,3
306,-283.40057,3
307,-159.63197,3
308,-151.69987,3
309,-393.15878,3
310,-521.0392,3
311,-257.49307,3
312,-276.61932,3
313,-235.24681,3
314,-315.22275,3
315,-339.68225,3
316,-163.06267,3
317,-351.82632,3
318,-248.30754,3
319,-209.92686,3
320,-339.33524,4
321,-246.01938,4
322,-230.69997,4
323,-270.06033,4
324,-292.3088,4
325,-225.49129,4
326,-379.63275,4
327,-257.96732,4
328,-344.68686,4
329,-217.95573,4
330,-236.71901,4
331,-222.85503,4
332,-235.20697,4
333,-177.38841,4
334,-274.39923,4
335,-225.75072,4
336,-154.87611,4
337,-268.7516,4
338,-227.61147,4
339,-370.82657,4
340,-384.05313,4
341,-196.40224,4
342,-316.93066,4
343,-288.0852,4
344,-265.73532,4
345,-287.3898,4
346,-246.03625,4
347,-157.86052,4
348,-133.90906,4
349,-267.4226,4
350,-370.61804,4
351,-208.94263,4
352,-308.86078,4
353,-269.78903,4
354,-166.12221,4
355,-320.19128,4
356,-247.33952,4
357,-310.43155,4
358,-270.7631,4
359,-175.15393,4
360,-231.79118,4
361,-312.47357,4
362,-162.03267,4
363,-208.06862,4
364,-302.27017,4
365,-228.1169,4
366,-374.74426,4
367,-237.30919,4
368,-272.80957,4
369,-211.54805,4
370,-167.95668,4
371,-241.43211,4
372,-161.2485,4
373,-201.33307,4
374,-241.1434,4
375,-296.74942,4
376,-243.2703,4
377,-221.18663,4
378,-275.5081,4
379,-241.77144,4
380,-338.902,4
381,-177.7731,4
382,-239.51848,4
383,-248.20485,4
384,-304.47058,4
385,-234.9283,4
386,-325.29288,4
387,-326.65015,4
388,-270.22052,4
389,-299.14185,4
390,-145.78998,4
391,-258.42502,4
392,-298.34564,4
393,-238.97675,4
394,-132.33484,4
395,-219.81471,4
396,-374.24417,4
397,-227.35094,4
398,-187.5131,4
399,-281.27737,4
400,-227.41359,5
401,-290.31052,5
402,-286.54077,5
403,-254.74359,5
404,-316.98245,5
405,-346.20047,5
406,-285.3265,5
407,-369.95587,5
408,-349.08978,5
409,-256.21585,5
410,-327.798,5
411,-346.43835,5
412,-58.509716,5
413,-304.7746,5
414,-516.977,5
415,-261.51877,5
416,-324.0789,5
417,-391.4678,5
418,-291.60117,5
419,-343.064,5
420,-454.1689,5
421,-357.49814,5
422,-321.3323,5
423,-422.9503,5
424,-231.83458,5
425,-140.0502,5
426,-331.82468,5
427,-483.33292,5
428,-391.9615,5
429,-304.8535,5
430,-425.58746,5
431,-365.07748,5
432,-380.06113,5
433,-331.57324,5
434,-296.8307,5
435,-361.8464,5
436,-182.88156,5
437,-377.8546,5
438,-233.48006,5
439,-161.16136,5
440,-274.09183,5
441,-476.2408,5
442,-415.8514,5
443,-323.73434,5
444,-155.1323,5
445,-322.87253,5
446,-363.09647,5
447,-426.86426,5
448,-496.7952,5
449,-242.81068,5
450,-239.95209,5
451,-189.967,5
452,-221.36662,5
453,-288.53134,5
454,-319.03058,5
455,-309.0366,5
456,-312.38174,5
457,-408.374,5
458,-304.375,5
459,-306.0243,5
460,-310.96808,5
461,-460.83267,5
462,-429.95255,5
463,-297.80118,5
464,-290.6382,5
465,-230.07732,5
466,-376.71603,5
467,-150.68048,5
468,-269.3357,5
469,-448.11273,5
470,-350.93396,5
471,-318.1382,5
472,-392.67722,5
473,-265.57822,5
474,-299.14066,5
475,-349.76672,5
476,-408.06186,5
477,-255.05992,5
478,-264.61752,5
479,-415.14304,5
480,-261.8154,6
481,-195.07803,6
482,-344.656,6
483,-306.68942,6
484,-189.1133,6
485,-352.11407,6
486,-399.51077,6
487,-475.18927,6
488,-491.89792,6
489,-208.24973,6
490,-263.32047,6
491,-278.03366,6
492,-186.72623,6
493,-299.94333,6
494,-268.5618,6
495,-353.64865,6
496,-384.80704,6
497,-357.0927,6
498,-148.05562,6
499,-308.1943,6
500,-318.04462,6
501,-231.02037,6
502,-274.61615,6
503,-286.09872,6
504,-314.0368,6
505,-318.567,6
506,-344.92636,6
507,-340.75815,6
508,-275.48178,6
509,-354.83185,6
510,-344.8981,6
511,-386.17828,6
512,-136.93378,6
513,-333.75723,6
514,-244.16371,6
515,-259.60675,6
516,-385.61688,6
517,-224.6946,6
518,-277.07797,6
519,-213.03491,6
520,-464.38626,6
521,-346.8519,6
522,-223.43393,6
523,-342.61185,6
524,-218.1371,6
525,-248.52702,6
526,-219.27461,6
527,-306.41055,6
528,-309.0677,6
529,-293.8885,6
530,-257.80014,6
531,-315.29776,6
532,-436.76596,6
533,-197.14,6
534,-304.7368,6
535,-354.23575,6
536,-313.40317,6
537,-405.6826,6
538,-265.98398,6
539,-305.97937,6
540,-202.5996,6
541,-198.61487,6
542,-177.85823,6
543,-307.87772,6
544,-237.81126,6
545,-241.28429,6
546,-386.57224,6
547,-220.08992,6
548,-388.44626,6
549,-301.84485,6
550,-354.6091,6
551,-298.32214,6
552,-271.53125,6
553,-369.11917,6
554,-408.24545,6
555,-310.01944,6
556,-374.56766,6
557,-106.34653,6
558,-181.6107,6
559,-276.7056,6
560,-233.76604,7
561,-204.94756,7
562,-203.22917,7
563,-226.65594,7
564,-314.38718,7
565,-323.62143,7
566,-232.02019,7
567,-249.66566,7
568,-216.6999,7
569,-335.38736,7
570,-216.01042,7
571,-238.13101,7
572,-216.77834,7
573,-246.67574,7
574,-287.77792,7
575,-206.291,7
576,-220.82378,7
577,-200.08339,7
578,-316.06985,7
579,-225.79051,7
580,-243.50835,7
581,-165.30779,7
582,-183.37526,7
583,-223.62611,7
584,-163.43036,7
585,-226.2328,7
586,-171.3459,7
587,-246.86592,7
588,-195.50388,7
589,-190.31967,7
590,-243.87651,7
591,-140.17432,7
592,-201.29611,7
593,-357.32516,7
594,-224.77467,7
595,-293.73267,7
596,-169.48975,7
597,-406.1414,7
598,-215.83936,7
599,-294.31088,7
600,-320.73856,7
601,-265.56723,7
602,-209.18718,7
603,-259.66922,7
604,-263.53506,7
605,-193.44716,7
606,-172.5978,7
607,-197.8927,7
608,-244.72762,7
609,-239.4399,7
610,-328.09048,7
611,-168.62393,7
612,-213.37692,7
613,-227.88927,7
614,-188.942,7
615,-138.21046,7
616,-243.35709,7
617,-261.52725,7
618,-196.37846,7
619,-336.24146,7
620,-257.2154,7
621,-239.839,7
622,-240.4192,7
623,-212.09627,7
624,-103.19236,7
625,-222.75279,7
626,-241.19505,7
627,-152.60056,7
628,-198.69052,7
629,-251.04149,7
630,-285.11826,7
631,-211.46379,7
632,-244.53294,7
633,-182.63771,7
634,-218.37094,7
635,-248.91347,7
636,-188.46042,7
637,-238.08586,7
638,-236.34465,7
639,-233.17831,7
640,-471.89444,8
641,-292.24515,8
642,-273.42856,8
643,-190.44391,8
644,-438.26663,8
645,-190.9374,8
646,-360.31357,8
647,-246.56404,8
648,-275.83282,8
649,-302.1385,8
650,-420.7527,8
651,-269.25107,8
652,-503.5791,8
653,-440.02768,8
654,-416.39575,8
655,-290.46573,8
656,-261.3323,8
657,-322.70663,8
658,-249.42033,8
659,-505.7056,8
660,-390.13382,8
661,-345.54413,8
662,-407.7186,8
663,-366.5002,8
664,-492.09103,8
665,-210.09013,8
666,-409.43604,8
667,-218.7907,8
668,-314.92114,8
669,-532.61536,8
670,-341.03027,8
671,-265.69577,8
672,-294.2374,8
673,-459.43045,8
674,-240.49113,8
675,-437.74814,8
676,-259.66653,8
677,-301.5238,8
678,-267.1669,8
679,-344.0193,8
680,-365.71155,8
681,-345.03775,8
682,-380.323,8
683,-345.6178,8
684,-311.72568,8
685,-301.71182,8
686,-315.2952,8
687,-463.16772,8
688,-367.6367,8
689,-283.48898,8
690,-296.0256,8
691,-388.47452,8
692,-293.90668,8
693,-500.72247,8
694,-316.83112,8
695,-272.98953,8
696,-342.15292,8
697,-247.66583,8
698,-180.74593,8
699,-305.81952,8
700,-446.07462,8
701,-313.88937,8
702,-301.78162,8
703,-296.22214,8
704,-404.08957,8
705,-362.75583,8
706,-349.16376,8
707,-279.49875,8
708,-204.66434,8
709,-455.17163,8
710,-259.5662,8
711,-267.7781,8
712,-281.10928,8
713,-311.92755,8
714,-262.18167,8
715,-425.17126,8
716,-283.01266,8
717,-310.93787,8
718,-314.4728,8
719,-290.22263,8
720,-292.9982,9
721,-376.30795,9
722,-215.26436,9
723,-412.14786,9
724,-271.75275,9
725,-192.45992,9
726,-248.17409,9
727,-211.14012,9
728,-251.00064,9
729,-267.02563,9
730,-320.06143,9
731,-191.21446,9
732,-237.31,9
733,-228.90009,9
734,-208.56589,9
735,-279.2583,9
736,-247.31142,9
737,-302.4217,9
738,-325.22946,9
739,-252.90627,9
740,-324.18173,9
741,-307.48703,9
742,-147.27563,9
743,-250.19878,9
744,-240.12627,9
745,-273.8139,9
746,-166.87456,9
747,-240.3876,9
748,-239.75002,9
749,-313.91345,9
750,-253.95503,9
751,-215.41524,9
752,-352.0348,9
753,-310.38412,9
754,-333.49063,9
755,-184.27504,9
756,-253.53218,9
757,-209.21365,9
758,-314.37045,9
759,-130.57912,9
760,-176.67415,9
761,-351.5673,9
762,-218.98686,9
763,-214.93709,9
764,-303.29874,9
765,-248.25407,9
766,-231.12154,9
767,-268.3549,9
768,-182.75209,9
769,-144.93965,9
770,-251.5526,9
771,-230.31944,9
772,-277.82404,9
773,-215.44406,9
774,-264.7635,9
775,-240.8756,9
776,-338.02652,9
777,-211.54716,9
778,-188.04704,9
779,-191.90395,9
780,-269.3563,9
781,-215.70976,9
782,-185.70274,9
783,-184.36458,9
784,-255.7511,9
785,-284.39096,9
786,-192.58836,9
787,-181.07994,9
788,-218.26794,9
789,-283.06302,9
790,-294.7238,9
791,-209.04536,9
792,-327.61954,9
793,-243.47946,9
794,-301.83694,9
795,-274.03864,9
796,-224.29514,9
797,-238.51685,9
798,-362.3704,9
799,-209.07077,9
