Image,Value,Label
0,137.12357,0
1,49.99766,0
2,49.717735,0
3,150.66711,0
4,96.7631,0
5,95.30526,0
6,95.41899,0
7,142.13736,0
8,49.105583,0
9,149.25424,0
10,243.59894,0
11,85.0931,0
12,163.74258,0
13,93.809425,0
14,39.792965,0
15,112.12499,0
16,130.47812,0
17,164.14816,0
18,118.52027,0
19,173.3726,0
20,234.74896,0
21,105.2694,0
22,186.00221,0
23,116.08857,0
24,195.75119,0
25,20.896585,0
26,102.3382,0
27,122.490654,0
28,227.46896,0
29,38.19269,0
30,190.14128,0
31,182.50394,0
32,46.934254,0
33,105.75094,0
34,230.45682,0
35,64.44567,0
36,93.788826,0
37,20.464884,0
38,224.08292,0
39,141.96912,0
40,65.98632,0
41,143.30783,0
42,257.20294,0
43,53.358532,0
44,166.03491,0
45,193.55685,0
46,311.941,0
47,66.01374,0
48,17.14168,0
49,39.254677,0
50,64.45071,0
51,179.13803,0
52,48.21347,0
53,112.717064,0
54,60.053738,0
55,66.26067,0
56,115.288246,0
57,32.160954,0
58,180.92183,0
59,161.27249,0
60,144.82907,0
61,91.441216,0
62,88.53594,0
63,199.06656,0
64,210.6801,0
65,171.63344,0
66,80.96056,0
67,82.789024,0
68,67.113625,0
69,89.58323,0
70,123.4672,0
71,174.21014,0
72,135.93837,0
73,412.3032,0
74,157.13641,0
75,107.919075,0
76,171.42522,0
77,200.22073,0
78,179.96866,0
79,149.24574,0
80,187.59514,1
81,50.35129,1
82,212.43365,1
83,151.15672,1
84,204.30716,1
85,129.25874,1
86,144.17761,1
87,171.88696,1
88,227.2091,1
89,175.58029,1
90,115.60928,1
91,142.76389,1
92,85.55828,1
93,248.74088,1
94,173.99472,1
95,104.52105,1
96,263.32312,1
97,132.28929,1
98,127.05323,1
99,227.95444,1
100,152.5686,1
101,137.51675,1
102,250.77487,1
103,122.99189,1
104,139.58957,1
105,175.71066,1
106,147.72404,1
107,232.25737,1
108,168.9037,1
109,129.71237,1
110,184.53398,1
111,224.29346,1
112,225.00269,1
113,191.67386,1
114,192.88489,1
115,108.4831,1
116,275.249,1
117,151.04158,1
118,186.03865,1
119,148.44424,1
120,125.22433,1
121,187.94418,1
122,72.54158,1
123,162.12163,1
124,75.432,1
125,137.93208,1
126,224.26929,1
127,82.1511,1
128,123.90473,1
129,156.41058,1
130,219.72482,1
131,167.5235,1
132,171.26393,1
133,173.83887,1
134,89.036194,1
135,104.75096,1
136,177.94785,1
137,110.076866,1
138,192.89217,1
139,191.8264,1
140,165.74237,1
141,128.42789,1
142,150.76877,1
143,149.30116,1
144,70.76248,1
145,184.0433,1
146,138.25348,1
147,146.32996,1
148,227.40909,1
149,198.2463,1
150,213.33678,1
151,190.4331,1
152,317.493,1
153,200.6106,1
154,268.33493,1
155,216.79292,1
156,246.59398,1
157,158.09717,1
158,149.02023,1
159,194.19797,1
160,169.31204,2
161,267.88535,2
162,212.97844,2
163,129.85501,2
164,313.06628,2
165,329.83548,2
166,315.8804,2
167,310.25537,2
168,306.9579,2
169,254.85605,2
170,184.60075,2
171,337.5953,2
172,193.3085,2
173,273.20276,2
174,283.5567,2
175,365.02914,2
176,227.89316,2
177,267.06577,2
178,221.43481,2
179,391.3442,2
180,84.86166,2
181,405.86093,2
182,315.82645,2
183,325.07846,2
184,242.6275,2
185,269.41415,2
186,282.44064,2
187,222.7844,2
188,159.78271,2
189,158.10251,2
190,216.05273,2
191,275.44052,2
192,325.7662,2
193,320.42728,2
194,257.59598,2
195,186.0505,2
196,345.67514,2
197,306.48166,2
198,262.81845,2
199,306.18213,2
200,99.257744,2
201,276.73312,2
202,165.05594,2
203,198.7114,2
204,246.60593,2
205,153.67007,2
206,226.05154,2
207,374.73618,2
208,326.00183,2
209,349.6094,2
210,334.0102,2
211,347.71432,2
212,438.5372,2
213,289.8041,2
214,243.36693,2
215,352.1185,2
216,295.57477,2
217,62.260574,2
218,338.9387,2
219,327.69702,2
220,353.47342,2
221,305.1714,2
222,318.99612,2
223,139.15573,2
224,265.38535,2
225,256.79385,2
226,461.34723,2
227,308.43237,2
228,250.2738,2
229,163.27927,2
230,186.00412,2
231,248.25748,2
232,176.9441,2
233,365.32858,2
234,406.5909,2
235,273.45636,2
236,147.57472,2
237,285.69727,2
238,173.49997,2
239,249.44275,2
240,191.34175,3
241,211.36717,3
242,51.97838,3
243,44.63048,3
244,225.00465,3
245,136.48137,3
246,193.65305,3
247,188.7312,3
248,213.22739,3
249,120.47364,3
250,145.84338,3
251,267.9124,3
252,209.8135,3
253,133.68248,3
254,205.9216,3
255,237.06572,3
256,65.08885,3
257,135.2356,3
258,167.74048,3
259,212.0571,3
260,184.72021,3
261,99.33267,3
262,235.16602,3
263,228.72778,3
264,174.76552,3
265,204.06384,3
266,110.9405,3
267,231.9667,3
268,280.87704,3
269,159.96751,3
270,162.38667,3
271,216.51881,3
272,179.90054,3
273,141.84224,3
274,234.25865,3
275,82.98584,3
276,164.07613,3
277,108.16288,3
278,158.37367,3
279,308.91873,3
280,264.3909,3
281,237.47472,3
282,317.40558,3
283,101.20035,3
284,297.28732,3
285,150.61137,3
286,199.60175,3
287,237.9048,3
288,193.83426,3
289,371.45547,3
290,114.73366,3
291,76.95316,3
292,135.79219,3
293,72.1542,3
294,212.61655,3
295,261.8592,3
296,194.05879,3
297,143.16254,3
298,211.1222,3
299,194.23611,3
300,262.33884,3
301,177.11444,3
302,101.5537,3
303,136.55942,3
304,120.14268,3
305,128.85284,3
306,141.21677,3
307,74.783585,3
308,112.66812,3
309,246.34189,3
310,307.64615,3
311,179.57329,3
312,160.72159,3
313,95.936745,3
314,187.60995,3
315,123.876,3
316,112.24207,3
317,132.80844,3
318,98.428734,3
319,228.40988,3
320,231.94421,4
321,207.1643,4
322,111.27041,4
323,203.24767,4
324,130.24744,4
325,157.70517,4
326,273.88004,4
327,181.91803,4
328,319.84857,4
329,176.52547,4
330,114.89678,4
331,158.7727,4
332,145.89499,4
333,173.93031,4
334,207.83063,4
335,161.19977,4
336,171.92894,4
337,203.15231,4
338,133.43709,4
339,266.38226,4
340,281.62088,4
341,137.90936,4
342,224.285,4
343,232.50891,4
344,158.96088,4
345,220.21916,4
346,192.44394,4
347,192.90698,4
348,133.77611,4
349,212.35147,4
350,212.3274,4
351,170.67505,4
352,233.55371,4
353,239.15363,4
354,169.13565,4
355,240.7218,4
356,234.76215,4
357,228.29684,4
358,223.34595,4
359,81.17902,4
360,172.68219,4
361,228.42969,4
362,130.98312,4
363,154.59024,4
364,210.70984,4
365,128.98987,4
366,284.5286,4
367,179.41675,4
368,212.85901,4
369,181.97873,4
370,94.43492,4
371,205.8505,4
372,119.02749,4
373,155.29587,4
374,166.16794,4
375,213.21887,4
376,237.759,4
377,182.21657,4
378,209.3762,4
379,236.603,4
380,233.50635,4
381,131.69862,4
382,143.32518,4
383,167.14693,4
384,196.35649,4
385,205.53291,4
386,214.05156,4
387,258.6962,4
388,241.10017,4
389,286.07574,4
390,140.74658,4
391,207.33665,4
392,245.79729,4
393,191.38058,4
394,75.53869,4
395,154.06506,4
396,286.71338,4
397,177.6833,4
398,92.25442,4
399,163.54347,4
400,138.87952,5
401,98.10479,5
402,154.10182,5
403,83.243164,5
404,168.57034,5
405,168.10994,5
406,113.16814,5
407,363.58072,5
408,138.2597,5
409,193.16069,5
410,231.06305,5
411,139.65015,5
412,60.93814,5
413,175.73972,5
414,281.92715,5
415,179.47559,5
416,238.7116,5
417,142.36757,5
418,211.95172,5
419,128.05743,5
420,210.81837,5
421,211.09648,5
422,314.79614,5
423,165.25531,5
424,139.28061,5
425,74.57989,5
426,196.87558,5
427,192.42017,5
428,148.28406,5
429,89.60584,5
430,119.446205,5
431,194.12976,5
432,179.32635,5
433,265.5802,5
434,120.38692,5
435,168.0808,5
436,182.18097,5
437,263.75208,5
438,137.4385,5
439,266.09464,5
440,147.22287,5
441,322.08505,5
442,153.28938,5
443,206.79727,5
444,174.66104,5
445,139.04889,5
446,171.80243,5
447,205.08725,5
448,225.51968,5
449,257.12326,5
450,92.26588,5
451,63.03304,5
452,87.42796,5
453,109.719,5
454,269.53018,5
455,129.13426,5
456,196.5512,5
457,84.3852,5
458,124.1495,5
459,154.35786,5
460,136.15172,5
461,181.17735,5
462,167.78159,5
463,129.69104,5
464,194.6589,5
465,98.09165,5
466,120.22265,5
467,97.440765,5
468,95.40284,5
469,197.40683,5
470,164.91803,5
471,116.32392,5
472,188.49878,5
473,190.09874,5
474,82.783165,5
475,218.62994,5
476,169.15338,5
477,159.42311,5
478,249.86296,5
479,204.98837,5
480,251.83531,6
481,224.85725,6
482,254.36047,6
483,271.16037,6
484,165.9073,6
485,311.57504,6
486,242.38205,6
487,407.29385,6
488,442.04678,6
489,221.75491,6
490,205.67764,6
491,236.62157,6
492,194.25078,6
493,210.47133,6
494,246.63708,6
495,338.69894,6
496,351.90118,6
497,228.53442,6
498,166.11452,6
499,488.53983,6
500,277.80164,6
501,248.7023,6
502,246.41766,6
503,289.3295,6
504,314.28787,6
505,224.02448,6
506,340.55304,6
507,307.9526,6
508,262.01114,6
509,326.88193,6
510,237.94563,6
511,286.9529,6
512,192.58963,6
513,255.49423,6
514,205.68448,6
515,213.4118,6
516,429.57996,6
517,211.86023,6
518,268.17917,6
519,180.82506,6
520,413.5538,6
521,256.5644,6
522,191.05725,6
523,169.01413,6
524,335.4385,6
525,158.14061,6
526,218.36804,6
527,223.80075,6
528,281.21176,6
529,286.0058,6
530,285.45486,6
531,362.43948,6
532,401.60916,6
533,208.78702,6
534,356.2599,6
535,386.3217,6
536,184.48788,6
537,231.14688,6
538,177.51698,6
539,272.11307,6
540,199.46765,6
541,150.44257,6
542,160.65414,6
543,336.37686,6
544,264.16776,6
545,239.16536,6
546,366.05402,6
547,196.38118,6
548,325.75565,6
549,228.08038,6
550,318.30875,6
551,295.28702,6
552,197.31949,6
553,347.29373,6
554,292.12576,6
555,237.10403,6
556,329.69287,6
557,304.76553,6
558,228.5092,6
559,248.38828,6
560,116.15738,7
561,191.92998,7
562,188.04512,7
563,113.99381,7
564,135.77028,7
565,249.81137,7
566,63.68529,7
567,146.33783,7
568,119.42868,7
569,303.7095,7
570,75.93053,7
571,202.3284,7
572,198.89267,7
573,68.4301,7
574,279.20212,7
575,114.78384,7
576,217.37506,7
577,136.77641,7
578,279.5763,7
579,176.23248,7
580,188.43002,7
581,106.73616,7
582,99.69941,7
583,96.66794,7
584,92.07889,7
585,101.62198,7
586,113.97258,7
587,148.48657,7
588,99.36503,7
589,132.92947,7
590,115.980156,7
591,74.4066,7
592,80.60656,7
593,366.29086,7
594,141.6908,7
595,246.81221,7
596,33.707207,7
597,332.9924,7
598,44.62644,7
599,156.63135,7
600,101.07207,7
601,219.00253,7
602,184.17703,7
603,245.37744,7
604,216.21179,7
605,54.30556,7
606,124.099594,7
607,128.97563,7
608,127.30555,7
609,158.18869,7
610,313.3685,7
611,67.50574,7
612,87.553955,7
613,68.17222,7
614,129.58871,7
615,81.87292,7
616,176.07437,7
617,214.86557,7
618,221.15807,7
619,351.4838,7
620,264.0469,7
621,223.36725,7
622,105.620026,7
623,156.9795,7
624,87.212616,7
625,103.028496,7
626,174.33716,7
627,112.373344,7
628,169.55066,7
629,164.30087,7
630,241.3953,7
631,161.45535,7
632,182.29681,7
633,131.65594,7
634,103.9373,7
635,160.78358,7
636,60.613163,7
637,135.88492,7
638,128.34174,7
639,152.18292,7
640,427.3903,8
641,180.73778,8
642,227.12155,8
643,281.74252,8
644,372.13376,8
645,187.56207,8
646,448.3725,8
647,232.92445,8
648,222.61232,8
649,205.47816,8
650,347.135,8
651,184.23688,8
652,296.53384,8
653,370.467,8
654,308.1014,8
655,177.27325,8
656,214.05106,8
657,193.5492,8
658,160.30356,8
659,496.2716,8
660,313.65372,8
661,316.4113,8
662,371.49377,8
663,252.23479,8
664,506.97507,8
665,184.02765,8
666,388.66916,8
667,170.52661,8
668,236.07303,8
669,406.5818,8
670,297.63818,8
671,190.93362,8
672,290.1359,8
673,364.065,8
674,294.33203,8
675,353.49222,8
676,259.46252,8
677,309.71448,8
678,258.53677,8
679,261.00388,8
680,358.9708,8
681,269.47076,8
682,241.12454,8
683,244.43907,8
684,336.4306,8
685,243.45856,8
686,290.4885,8
687,369.37448,8
688,206.48912,8
689,237.96375,8
690,280.0112,8
691,331.8478,8
692,181.86226,8
693,392.18774,8
694,237.72559,8
695,230.45251,8
696,259.6415,8
697,232.85463,8
698,299.22183,8
699,235.00351,8
700,348.8486,8
701,254.83197,8
702,220.42523,8
703,233.96277,8
704,361.03476,8
705,349.63187,8
706,299.1998,8
707,294.1154,8
708,171.34097,8
709,324.02493,8
710,200.22882,8
711,252.698,8
712,343.46072,8
713,272.56378,8
714,231.96625,8
715,367.0975,8
716,234.82803,8
717,237.77605,8
718,217.53313,8
719,263.6615,8
720,199.19252,9
721,245.67879,9
722,164.68991,9
723,391.63425,9
724,201.67354,9
725,76.17408,9
726,205.84387,9
727,203.41928,9
728,172.51137,9
729,252.212,9
730,230.30002,9
731,136.5413,9
732,157.04549,9
733,138.59558,9
734,113.11845,9
735,254.84904,9
736,200.33817,9
737,190.24136,9
738,262.44016,9
739,160.04442,9
740,285.39505,9
741,175.55988,9
742,156.32092,9
743,186.0029,9
744,168.46997,9
745,200.68326,9
746,115.2208,9
747,116.97103,9
748,212.74902,9
749,269.10046,9
750,200.62431,9
751,102.68623,9
752,320.97318,9
753,236.0437,9
754,129.80496,9
755,123.34155,9
756,186.74341,9
757,175.28351,9
758,267.5553,9
759,99.59045,9
760,113.305916,9
761,288.43716,9
762,191.16925,9
763,52.461895,9
764,238.24788,9
765,217.03223,9
766,178.55782,9
767,174.71283,9
768,118.71283,9
769,101.150604,9
770,104.35593,9
771,159.1348,9
772,141.52005,9
773,168.29764,9
774,175.84628,9
775,165.01741,9
776,193.01561,9
777,99.82621,9
778,140.06953,9
779,138.50809,9
780,136.20699,9
781,162.07236,9
782,209.35684,9
783,144.69049,9
784,183.32372,9
785,201.80598,9
786,160.60965,9
787,151.23053,9
788,166.66449,9
789,201.94281,9
790,232.1553,9
791,170.5735,9
792,222.70576,9
793,210.10004,9
794,258.75443,9
795,200.34772,9
796,137.4716,9
797,185.87653,9
798,279.3943,9
799,198.52701,9
