Image,Value,Label
0,-23.529133,0
1,34.923298,0
2,-17.097761,0
3,-87.44379,0
4,-24.280472,0
5,-8.571383,0
6,-20.936432,0
7,33.48223,0
8,-9.082898,0
9,-6.8200073,0
10,55.479942,0
11,-35.269684,0
12,-76.43713,0
13,27.702608,0
14,5.336252,0
15,40.117825,0
16,18.08917,0
17,6.1492205,0
18,-135.75484,0
19,-12.463647,0
20,-62.520096,0
21,38.311707,0
22,-54.317974,0
23,45.886578,0
24,-5.988475,0
25,53.974037,0
26,-24.651093,0
27,12.841435,0
28,-3.8360662,0
29,-11.791487,0
30,38.47744,0
31,21.512693,0
32,-14.383534,0
33,9.828963,0
34,-13.64665,0
35,-93.633736,0
36,-2.669631,0
37,-59.429817,0
38,49.35887,0
39,21.878248,0
40,-38.934902,0
41,0.7839135,0
42,-35.60282,0
43,23.594267,0
44,30.440447,0
45,24.890966,0
46,-6.7461634,0
47,-31.592896,0
48,80.69222,0
49,28.190577,0
50,-61.35813,0
51,56.26342,0
52,13.681588,0
53,-26.498133,0
54,-49.674915,0
55,-43.668198,0
56,-56.058453,0
57,26.002928,0
58,-149.52365,0
59,40.474182,0
60,3.2485342,0
61,1.6547335,0
62,24.159868,0
63,42.947998,0
64,68.05138,0
65,-56.66183,0
66,30.665682,0
67,5.0116215,0
68,68.851585,0
69,-47.197258,0
70,-26.07,0
71,-5.472535,0
72,-57.576176,0
73,-38.64916,0
74,6.3515844,0
75,15.723132,0
76,1.6945561,0
77,-207.2079,0
78,-5.147897,0
79,25.598427,0
80,19.826002,1
81,34.86861,1
82,-12.756087,1
83,-7.3852034,1
84,-2.4519167,1
85,11.3524885,1
86,17.409609,1
87,9.390545,1
88,-10.677556,1
89,-19.067944,1
90,17.267954,1
91,26.291433,1
92,18.254116,1
93,6.222474,1
94,22.572683,1
95,25.008898,1
96,-35.773346,1
97,23.057493,1
98,23.612139,1
99,3.9988928,1
100,14.667462,1
101,12.790034,1
102,-6.0160646,1
103,23.506733,1
104,30.324163,1
105,3.3260221,1
106,16.537191,1
107,0.85335433,1
108,5.109557,1
109,39.664055,1
110,12.674286,1
111,1.9534167,1
112,9.98371,1
113,14.999171,1
114,12.902076,1
115,27.880207,1
116,-20.508337,1
117,7.7784586,1
118,-5.547368,1
119,25.278624,1
120,26.730314,1
121,-3.3486223,1
122,14.913331,1
123,8.236478,1
124,14.671542,1
125,16.368162,1
126,-27.637995,1
127,39.085907,1
128,33.664032,1
129,1.5929097,1
130,-16.323353,1
131,14.241412,1
132,28.220356,1
133,6.20914,1
134,22.53252,1
135,33.950005,1
136,26.553885,1
137,18.553623,1
138,-3.9687567,1
139,-3.2432232,1
140,9.096251,1
141,17.768051,1
142,9.285298,1
143,13.780358,1
144,21.569426,1
145,20.044462,1
146,28.302946,1
147,18.376884,1
148,0.12340632,1
149,6.9140863,1
150,-1.6909047,1
151,12.050553,1
152,-13.76529,1
153,2.7563124,1
154,-23.658566,1
155,0.8805798,1
156,-48.571953,1
157,6.5061293,1
158,11.814995,1
159,-2.7853718,1
160,-7.5495615,2
161,58.351387,2
162,-27.167452,2
163,29.806646,2
164,-107.6014,2
165,-27.519892,2
166,60.359745,2
167,-129.66193,2
168,96.814445,2
169,30.762716,2
170,54.52283,2
171,-45.541584,2
172,26.62129,2
173,-47.143406,2
174,-87.134865,2
175,2.5363226,2
176,69.723724,2
177,43.667557,2
178,28.350204,2
179,-28.136683,2
180,22.799917,2
181,-32.58596,2
182,7.5202703,2
183,9.837478,2
184,-75.68651,2
185,-84.21602,2
186,-63.33047,2
187,-75.85982,2
188,35.65051,2
189,23.45816,2
190,25.577194,2
191,-26.497341,2
192,-59.098225,2
193,-77.22356,2
194,31.51955,2
195,-42.666332,2
196,15.5173025,2
197,-110.81747,2
198,88.009,2
199,2.2555685,2
200,21.121084,2
201,-58.890427,2
202,69.260025,2
203,129.53203,2
204,97.99277,2
205,55.944847,2
206,-62.80995,2
207,20.883322,2
208,-27.383486,2
209,51.81286,2
210,41.662445,2
211,-10.654752,2
212,-200.10342,2
213,-57.281757,2
214,-55.865807,2
215,-38.206306,2
216,-83.465416,2
217,53.090923,2
218,-91.69284,2
219,-56.48903,2
220,16.25218,2
221,48.99239,2
222,-80.33505,2
223,-14.34549,2
224,102.0477,2
225,-7.1699686,2
226,56.29323,2
227,86.03104,2
228,-15.213479,2
229,15.83578,2
230,83.200516,2
231,-77.35497,2
232,9.767896,2
233,17.816229,2
234,-76.222,2
235,-30.232065,2
236,-0.06496534,2
237,-125.19668,2
238,15.770179,2
239,-16.129568,2
240,-51.70629,3
241,-5.9837427,3
242,45.793266,3
243,35.987293,3
244,-34.81356,3
245,0.25653353,3
246,-40.510696,3
247,11.01965,3
248,15.786685,3
249,58.66116,3
250,-20.07073,3
251,6.3656073,3
252,-56.89525,3
253,42.264557,3
254,-31.835287,3
255,-17.990274,3
256,58.61576,3
257,-36.82794,3
258,-63.342335,3
259,-23.416689,3
260,-18.316572,3
261,-9.616826,3
262,34.535164,3
263,-23.351225,3
264,42.439274,3
265,-62.626656,3
266,21.502539,3
267,0.96813095,3
268,78.60077,3
269,42.798412,3
270,49.092373,3
271,-62.758026,3
272,37.17659,3
273,13.475108,3
274,-89.07856,3
275,51.748665,3
276,23.164919,3
277,28.293839,3
278,-15.941831,3
279,-17.65315,3
280,59.453182,3
281,-42.23166,3
282,-33.799534,3
283,-20.670197,3
284,46.728146,3
285,25.12158,3
286,-24.515257,3
287,-107.1204,3
288,-46.406555,3
289,-119.39682,3
290,5.2626047,3
291,55.400784,3
292,18.619776,3
293,38.61299,3
294,23.648935,3
295,-17.838522,3
296,-9.9563,3
297,74.42377,3
298,5.2096186,3
299,-53.946976,3
300,40.392326,3
301,-22.245838,3
302,49.74341,3
303,20.600626,3
304,31.467,3
305,35.13297,3
306,1.1545323,3
307,45.710854,3
308,29.207788,3
309,-1.9033672,3
310,-125.12716,3
311,19.149134,3
312,48.49791,3
313,14.652741,3
314,50.127186,3
315,24.603378,3
316,13.54149,3
317,35.29945,3
318,30.39298,3
319,37.970104,3
320,1.3890332,4
321,0.78223693,4
322,-0.81268036,4
323,-25.615824,4
324,-5.486661,4
325,-14.794875,4
326,13.065028,4
327,29.596512,4
328,1.869728,4
329,16.163534,4
330,-25.689789,4
331,7.4725637,4
332,11.546603,4
333,11.7339,4
334,-11.915275,4
335,13.6923895,4
336,-6.5970488,4
337,-70.650635,4
338,-5.368329,4
339,-28.717798,4
340,-61.674995,4
341,-20.368109,4
342,-15.306012,4
343,-28.012503,4
344,8.731837,4
345,-16.670078,4
346,-13.620967,4
347,-60.02778,4
348,-2.932231,4
349,-24.1457,4
350,-0.7885257,4
351,7.7338057,4
352,-56.71534,4
353,-41.3786,4
354,42.171825,4
355,-28.502672,4
356,32.357834,4
357,32.81952,4
358,-39.73098,4
359,11.5698805,4
360,-20.608877,4
361,-5.086541,4
362,12.510444,4
363,25.371346,4
364,-2.5287485,4
365,52.40059,4
366,21.410143,4
367,22.667953,4
368,-20.845387,4
369,16.090256,4
370,13.725459,4
371,-10.068261,4
372,14.073409,4
373,6.221815,4
374,-26.781515,4
375,8.313912,4
376,-0.42921552,4
377,30.370108,4
378,-53.526264,4
379,-83.12479,4
380,-27.355574,4
381,-17.611479,4
382,-8.533895,4
383,-31.59041,4
384,20.250727,4
385,19.594286,4
386,-32.787235,4
387,-33.067024,4
388,-24.217972,4
389,9.641299,4
390,59.239136,4
391,-34.203262,4
392,-3.3101301,4
393,-32.637863,4
394,34.88208,4
395,15.145648,4
396,-32.202717,4
397,-29.338102,4
398,-61.337563,4
399,-20.531153,4
400,23.997705,5
401,-35.20627,5
402,-29.684755,5
403,-113.641266,5
404,-40.870453,5
405,-3.2890348,5
406,-83.53878,5
407,-72.00296,5
408,-102.98807,5
409,-74.44979,5
410,-23.140669,5
411,-75.795006,5
412,-9.725169,5
413,-21.027485,5
414,-130.82394,5
415,-40.525036,5
416,-79.40927,5
417,23.547747,5
418,-52.441208,5
419,-93.5484,5
420,-142.85847,5
421,-14.3013315,5
422,-117.863205,5
423,-115.277565,5
424,-30.809338,5
425,11.340547,5
426,-20.762877,5
427,-134.01048,5
428,-10.201285,5
429,-30.491613,5
430,-96.166214,5
431,-56.529797,5
432,-188.77806,5
433,22.728529,5
434,-32.278923,5
435,-135.5648,5
436,-30.944857,5
437,-100.68343,5
438,-90.57176,5
439,-64.81711,5
440,-34.17015,5
441,-53.561188,5
442,-77.20403,5
443,-15.627793,5
444,-28.672653,5
445,-115.904785,5
446,-136.77528,5
447,39.6054,5
448,-215.81575,5
449,-65.06881,5
450,-40.513596,5
451,-8.213618,5
452,-80.693794,5
453,-3.8508158,5
454,-17.995338,5
455,-71.03804,5
456,-12.933919,5
457,-79.02787,5
458,-69.92114,5
459,-92.610565,5
460,-63.688217,5
461,-23.429281,5
462,22.486372,5
463,-52.739285,5
464,-82.03734,5
465,-60.28571,5
466,-84.27653,5
467,-69.67909,5
468,-50.71028,5
469,-50.827065,5
470,-52.518112,5
471,8.912951,5
472,-44.153885,5
473,-170.66783,5
474,-41.608227,5
475,-65.4457,5
476,-11.733487,5
477,2.7969427,5
478,-59.774845,5
479,-70.04849,5
480,-0.8824111,6
481,15.828074,6
482,-39.748287,6
483,10.550635,6
484,-4.7444696,6
485,-18.127077,6
486,-28.356941,6
487,-39.290188,6
488,40.666702,6
489,32.488453,6
490,47.907005,6
491,-41.320675,6
492,78.96442,6
493,1.5978612,6
494,36.833958,6
495,18.173798,6
496,19.99814,6
497,-43.41367,6
498,-49.199715,6
499,92.71347,6
500,0.38395968,6
501,1.2411946,6
502,24.252113,6
503,55.472813,6
504,4.482024,6
505,-46.0244,6
506,21.28269,6
507,4.647052,6
508,6.365535,6
509,63.749535,6
510,-26.985199,6
511,-64.83699,6
512,-29.831469,6
513,-25.18088,6
514,-7.8562098,6
515,17.164244,6
516,34.15016,6
517,-2.2420206,6
518,16.309233,6
519,19.799192,6
520,37.867683,6
521,-56.370377,6
522,-2.0414515,6
523,43.943214,6
524,-4.8033686,6
525,23.941423,6
526,-12.899632,6
527,-37.57501,6
528,-16.490221,6
529,-29.859312,6
530,56.41418,6
531,-22.568518,6
532,-11.419469,6
533,3.4540777,6
534,74.5443,6
535,5.4265585,6
536,3.9448385,6
537,-17.42923,6
538,37.54681,6
539,64.20201,6
540,37.355022,6
541,52.474796,6
542,23.58786,6
543,-16.052927,6
544,8.643432,6
545,-14.492288,6
546,-19.581686,6
547,56.439537,6
548,50.324028,6
549,26.165861,6
550,-60.506657,6
551,63.98137,6
552,-74.16654,6
553,9.099418,6
554,45.99365,6
555,13.796592,6
556,11.778098,6
557,-24.523245,6
558,-26.381357,6
559,47.5304,6
560,-20.975626,7
561,-50.379086,7
562,-80.92078,7
563,-15.502981,7
564,-51.31574,7
565,-97.55033,7
566,-73.15002,7
567,-77.93568,7
568,-57.00556,7
569,-50.996655,7
570,-45.582035,7
571,-63.746887,7
572,-72.15542,7
573,-83.73498,7
574,-76.62515,7
575,-38.9467,7
576,-148.55173,7
577,18.318285,7
578,-105.43407,7
579,-39.604797,7
580,-15.561466,7
581,-34.275852,7
582,0.16733542,7
583,-46.133186,7
584,1.7804784,7
585,-8.649875,7
586,13.436347,7
587,-22.490881,7
588,-39.150375,7
589,-69.8056,7
590,-108.14667,7
591,-30.275497,7
592,-56.91806,7
593,-50.63833,7
594,-56.090805,7
595,-63.003155,7
596,-28.42991,7
597,-131.79909,7
598,-31.772282,7
599,-78.662445,7
600,-36.451405,7
601,-88.6791,7
602,-113.2836,7
603,-88.23572,7
604,-88.705795,7
605,-52.13652,7
606,-61.68375,7
607,-91.975426,7
608,-33.422882,7
609,-58.057487,7
610,-111.42641,7
611,-45.249077,7
612,-44.95967,7
613,-12.98081,7
614,-65.045586,7
615,-0.516945,7
616,-81.12972,7
617,-52.820614,7
618,-31.014158,7
619,-72.5275,7
620,22.403517,7
621,-81.39433,7
622,-70.072624,7
623,-21.684849,7
624,-29.609783,7
625,-40.29306,7
626,-22.686651,7
627,-33.33664,7
628,-85.000015,7
629,-12.903388,7
630,-74.45656,7
631,-39.432808,7
632,-51.69008,7
633,-17.666615,7
634,-51.256958,7
635,-35.898857,7
636,-63.820496,7
637,-1.1442767,7
638,34.707554,7
639,-33.77375,7
640,-231.48416,8
641,-35.719204,8
642,-92.42401,8
643,-42.73687,8
644,-106.74335,8
645,-61.664413,8
646,-80.32045,8
647,-83.7267,8
648,-101.09824,8
649,-120.850235,8
650,-144.63107,8
651,-91.74288,8
652,-138.42587,8
653,-186.00212,8
654,-140.79037,8
655,-154.82143,8
656,-30.911898,8
657,-76.44908,8
658,-109.878876,8
659,-268.4156,8
660,-79.611984,8
661,-150.06328,8
662,-121.72987,8
663,-123.14263,8
664,-204.62437,8
665,-93.94307,8
666,-171.9998,8
667,-44.910454,8
668,-126.40406,8
669,-143.44089,8
670,-120.99393,8
671,-68.72796,8
672,-100.039154,8
673,-172.9423,8
674,-46.851048,8
675,-147.90993,8
676,-130.71237,8
677,-120.91646,8
678,-107.6875,8
679,-73.37129,8
680,-127.46788,8
681,-135.0915,8
682,-93.877396,8
683,-56.921684,8
684,-66.679756,8
685,-111.97917,8
686,-15.158593,8
687,-209.85815,8
688,-95.38875,8
689,-79.953995,8
690,-131.5195,8
691,-179.40695,8
692,-106.66251,8
693,-173.46452,8
694,-117.21436,8
695,-110.42761,8
696,-203.84497,8
697,-94.37056,8
698,-57.133152,8
699,-128.7688,8
700,-163.1765,8
701,-94.63399,8
702,-90.881256,8
703,-81.005745,8
704,-152.4397,8
705,-103.3061,8
706,-174.55574,8
707,-86.85715,8
708,-57.097885,8
709,-139.7098,8
710,-94.17293,8
711,-108.88335,8
712,-73.12096,8
713,-84.534966,8
714,-76.08479,8
715,-140.73405,8
716,-104.06831,8
717,-57.21276,8
718,-115.17128,8
719,-86.258575,8
720,-48.12243,9
721,-107.56467,9
722,-138.53917,9
723,-151.21162,9
724,-76.7921,9
725,-29.66396,9
726,-37.23089,9
727,-101.22506,9
728,-52.149498,9
729,-124.5822,9
730,-50.898933,9
731,-31.820219,9
732,-62.975933,9
733,-67.465,9
734,-40.883705,9
735,-52.188736,9
736,-73.83478,9
737,-86.0014,9
738,-67.19502,9
739,-54.275875,9
740,-80.3828,9
741,-164.67186,9
742,-33.911114,9
743,-88.33034,9
744,-73.85513,9
745,-104.52994,9
746,3.0138502,9
747,-24.045456,9
748,-38.275356,9
749,-75.663795,9
750,-99.933426,9
751,-29.745527,9
752,-121.162346,9
753,-66.1047,9
754,-144.93733,9
755,-30.883673,9
756,-56.47157,9
757,-43.871956,9
758,-171.6732,9
759,-30.125378,9
760,-36.10568,9
761,-129.75603,9
762,-123.236725,9
763,-76.89583,9
764,-86.31355,9
765,-131.82951,9
766,-102.3871,9
767,-49.75094,9
768,-34.71393,9
769,-19.837639,9
770,-28.981268,9
771,-57.205013,9
772,-68.606514,9
773,-42.793617,9
774,-50.996193,9
775,-40.511673,9
776,-62.78408,9
777,-37.182907,9
778,-51.761253,9
779,-47.611717,9
780,-40.241203,9
781,-115.75753,9
782,-51.65029,9
783,-12.092159,9
784,-87.140335,9
785,-82.58777,9
786,-84.405106,9
787,-21.025808,9
788,-23.257221,9
789,-74.678116,9
790,-85.22962,9
791,-50.055183,9
792,-99.61026,9
793,-129.88652,9
794,-106.90897,9
795,-75.61173,9
796,-41.917053,9
797,-44.78197,9
798,-89.996635,9
799,-27.393082,9
