Image,Value,Label
0,58.657722,0
1,-3.8172295,0
2,45.785515,0
3,-18.293274,0
4,56.298557,0
5,12.95382,0
6,16.13015,0
7,30.971436,0
8,45.792694,0
9,58.89011,0
10,-33.85737,0
11,69.671326,0
12,86.37181,0
13,10.590043,0
14,93.388214,0
15,35.140285,0
16,13.970792,0
17,51.144592,0
18,91.383514,0
19,0.112663984,0
20,100.58715,0
21,-13.183326,0
22,-35.77855,0
23,-21.931206,0
24,0.798249,0
25,-26.107574,0
26,71.44447,0
27,26.341461,0
28,61.48149,0
29,87.984055,0
30,5.0326014,0
31,16.976173,0
32,28.10276,0
33,10.402436,0
34,33.213562,0
35,90.6053,0
36,38.285275,0
37,81.20883,0
38,-51.830437,0
39,31.39975,0
40,68.47007,0
41,37.56849,0
42,92.82014,0
43,8.474038,0
44,19.607277,0
45,-122.12982,0
46,16.894989,0
47,58.694313,0
48,-26.716045,0
49,17.434223,0
50,52.77971,0
51,-55.992355,0
52,8.347543,0
53,57.25816,0
54,64.58521,0
55,52.922966,0
56,90.74924,0
57,2.770562,0
58,33.548508,0
59,-7.4472113,0
60,61.098454,0
61,-25.043,0
62,6.672654,0
63,-23.353867,0
64,-31.147964,0
65,3.8439643,0
66,12.3507395,0
67,36.309757,0
68,-9.115722,0
69,32.06122,0
70,-10.157798,0
71,15.274636,0
72,71.522064,0
73,73.072395,0
74,25.641891,0
75,-28.146698,0
76,34.4189,0
77,150.28778,0
78,55.710026,0
79,15.150147,0
80,-33.521732,1
81,-7.366109,1
82,-47.37081,1
83,-22.620071,1
84,-43.438824,1
85,-24.515873,1
86,-26.634577,1
87,-26.114048,1
88,-20.32468,1
89,-19.967907,1
90,-36.71512,1
91,-34.11741,1
92,-25.01196,1
93,-36.28443,1
94,4.7236347,1
95,-26.86493,1
96,-18.667934,1
97,-39.607803,1
98,-30.75287,1
99,-31.158463,1
100,-17.201023,1
101,-22.971483,1
102,-48.95416,1
103,-34.941666,1
104,-39.210804,1
105,-28.218777,1
106,-38.537746,1
107,-28.439762,1
108,-33.30406,1
109,-12.854951,1
110,-45.97844,1
111,-23.850616,1
112,-33.953144,1
113,-44.920753,1
114,-21.963621,1
115,-9.072894,1
116,-46.09095,1
117,-37.227497,1
118,-54.814953,1
119,-29.037373,1
120,-15.36863,1
121,-30.590881,1
122,-39.475174,1
123,-33.346443,1
124,-24.0014,1
125,-32.908653,1
126,-33.051685,1
127,-2.9961007,1
128,-30.23301,1
129,-18.816898,1
130,-31.67532,1
131,-36.49786,1
132,-45.264194,1
133,-33.780334,1
134,-28.559055,1
135,-2.3039658,1
136,-33.223545,1
137,-27.15715,1
138,-34.701878,1
139,-23.35564,1
140,-40.959442,1
141,-24.399975,1
142,-34.781746,1
143,-15.913547,1
144,-23.200962,1
145,-44.51693,1
146,-25.993448,1
147,-13.820331,1
148,-40.324352,1
149,-29.525166,1
150,-32.52643,1
151,-40.756927,1
152,-33.772327,1
153,-20.084812,1
154,-37.196247,1
155,-25.174454,1
156,2.057473,1
157,-33.342613,1
158,-19.975254,1
159,-33.061947,1
160,-3.429705,2
161,-25.230907,2
162,-12.3462305,2
163,-3.7397187,2
164,18.317844,2
165,38.069508,2
166,-105.22689,2
167,25.750708,2
168,-52.071564,2
169,-31.859362,2
170,-51.050484,2
171,-4.451434,2
172,-20.209743,2
173,51.942528,2
174,-0.48826528,2
175,-4.884864,2
176,-52.841316,2
177,-49.59083,2
178,41.698563,2
179,-49.372963,2
180,-48.503235,2
181,-12.345511,2
182,110.05515,2
183,26.281736,2
184,12.630061,2
185,-61.705452,2
186,21.757011,2
187,-20.388803,2
188,-73.86963,2
189,-69.36526,2
190,-19.44376,2
191,-19.684237,2
192,-57.823666,2
193,-1.2341425,2
194,-57.692444,2
195,-11.097863,2
196,0.9291618,2
197,-29.123898,2
198,-27.308807,2
199,79.79991,2
200,55.272224,2
201,22.776306,2
202,-103.87105,2
203,7.9683084,2
204,-67.89476,2
205,-75.50367,2
206,20.69091,2
207,-79.74436,2
208,-25.118975,2
209,27.08287,2
210,-64.08455,2
211,29.747341,2
212,-11.000545,2
213,-48.547718,2
214,-21.956253,2
215,-36.983994,2
216,-55.934437,2
217,-21.529495,2
218,30.123724,2
219,-77.66165,2
220,-51.165245,2
221,-58.870163,2
222,25.303585,2
223,17.102009,2
224,-66.77113,2
225,-64.47861,2
226,-83.33085,2
227,-66.82881,2
228,21.746035,2
229,2.8925865,2
230,-75.81632,2
231,-47.697586,2
232,18.140692,2
233,-15.235206,2
234,-3.2878296,2
235,9.537156,2
236,-35.130016,2
237,-6.8144035,2
238,-18.505377,2
239,22.370438,2
240,27.999006,3
241,32.585472,3
242,14.267068,3
243,-16.446283,3
244,44.904938,3
245,53.93354,3
246,70.666756,3
247,47.010338,3
248,49.930965,3
249,23.732475,3
250,-9.507396,3
251,29.679737,3
252,37.699783,3
253,-20.52127,3
254,44.36663,3
255,33.757492,3
256,-22.391575,3
257,25.453745,3
258,52.45035,3
259,68.092224,3
260,15.30819,3
261,41.443157,3
262,46.165672,3
263,29.388458,3
264,-9.91046,3
265,30.514965,3
266,50.595272,3
267,33.232403,3
268,-52.281815,3
269,-11.117103,3
270,24.685833,3
271,48.388046,3
272,19.534779,3
273,4.9878206,3
274,33.274624,3
275,0.1869514,3
276,21.340027,3
277,-5.167222,3
278,13.810819,3
279,63.209656,3
280,36.225174,3
281,50.181892,3
282,67.12724,3
283,-29.1194,3
284,19.0088,3
285,31.505508,3
286,62.312366,3
287,88.83922,3
288,26.342596,3
289,-15.028457,3
290,17.172413,3
291,11.276902,3
292,23.871395,3
293,-45.231506,3
294,17.60452,3
295,-79.86369,3
296,12.079064,3
297,-3.9345353,3
298,-6.423538,3
299,26.986847,3
300,79.34072,3
301,23.575668,3
302,14.4962,3
303,12.502473,3
304,-22.20439,3
305,4.82549,3
306,2.1216733,3
307,5.066249,3
308,-22.615742,3
309,18.804827,3
310,83.11954,3
311,-4.673806,3
312,29.2109,3
313,15.432679,3
314,38.262344,3
315,28.0361,3
316,15.552564,3
317,6.9548693,3
318,29.407967,3
319,-33.483307,3
320,-15.759673,4
321,-18.344822,4
322,9.420556,4
323,-55.3353,4
324,-8.349853,4
325,9.359292,4
326,-32.64772,4
327,-11.331866,4
328,-60.42327,4
329,-52.14193,4
330,2.8849266,4
331,-6.3968954,4
332,16.79815,4
333,-13.369506,4
334,0.76596904,4
335,-2.1370919,4
336,-24.370852,4
337,-10.62683,4
338,13.230676,4
339,-27.274323,4
340,-24.900055,4
341,-6.608161,4
342,-14.376227,4
343,-28.54216,4
344,-0.66474843,4
345,-4.973708,4
346,-43.227142,4
347,-39.554016,4
348,3.5288322,4
349,-65.65537,4
350,-23.55706,4
351,-179.41502,4
352,49.73297,4
353,-32.27414,4
354,-32.930817,4
355,-25.624237,4
356,-85.02139,4
357,-37.767105,4
358,43.298798,4
359,10.615685,4
360,-1.5194161,4
361,-16.051987,4
362,-33.968452,4
363,-37.153687,4
364,-98.19092,4
365,-21.948822,4
366,-80.79891,4
367,-45.010162,4
368,-2.8116295,4
369,-16.01609,4
370,-9.375083,4
371,34.71485,4
372,-11.650886,4
373,-10.266856,4
374,-43.963318,4
375,23.231567,4
376,-16.994766,4
377,-40.458775,4
378,6.671113,4
379,-43.286713,4
380,-10.613288,4
381,17.215847,4
382,-18.367619,4
383,7.768565,4
384,-7.639785,4
385,-41.78711,4
386,-10.80487,4
387,-12.214835,4
388,-18.318077,4
389,-88.41431,4
390,-68.40726,4
391,2.1566093,4
392,10.188775,4
393,-39.281433,4
394,-36.65457,4
395,-71.35205,4
396,79.53526,4
397,-29.072517,4
398,35.96324,4
399,-5.319419,4
400,-2.8524163,5
401,25.046701,5
402,34.12976,5
403,0.026039839,5
404,51.020924,5
405,32.21889,5
406,10.652459,5
407,-59.48928,5
408,38.529556,5
409,-23.398888,5
410,23.89521,5
411,58.598816,5
412,-3.8476784,5
413,4.4318943,5
414,87.99114,5
415,31.598513,5
416,33.50464,5
417,-2.0457757,5
418,31.283026,5
419,61.464108,5
420,98.69749,5
421,27.935276,5
422,95.16778,5
423,74.265,5
424,32.17943,5
425,11.655038,5
426,10.442702,5
427,90.06065,5
428,61.259888,5
429,32.659996,5
430,24.284859,5
431,60.535164,5
432,14.666558,5
433,-39.677284,5
434,41.795326,5
435,48.4693,5
436,15.184716,5
437,41.033318,5
438,97.68947,5
439,-51.858513,5
440,14.411206,5
441,33.52147,5
442,60.62328,5
443,30.989315,5
444,91.97472,5
445,87.58923,5
446,94.851074,5
447,-30.452148,5
448,81.73813,5
449,-14.037044,5
450,39.771976,5
451,25.421257,5
452,20.4326,5
453,27.794472,5
454,-56.484097,5
455,37.192245,5
456,-26.34478,5
457,25.85022,5
458,16.636078,5
459,69.697525,5
460,31.937363,5
461,53.300907,5
462,-0.21789098,5
463,44.40033,5
464,60.842346,5
465,52.535892,5
466,81.174385,5
467,87.48592,5
468,56.879295,5
469,37.228676,5
470,55.503178,5
471,67.90718,5
472,56.69602,5
473,-35.377033,5
474,46.494884,5
475,33.45012,5
476,48.92661,5
477,37.115593,5
478,-40.095318,5
479,34.178074,5
480,-39.74063,6
481,-54.01483,6
482,-90.78029,6
483,-41.596123,6
484,-36.24998,6
485,-54.073936,6
486,-72.792755,6
487,-72.7543,6
488,-105.454834,6
489,-49.21205,6
490,-87.59889,6
491,-37.211018,6
492,-93.47583,6
493,-66.83778,6
494,-60.936462,6
495,-94.72717,6
496,-90.61798,6
497,-9.865462,6
498,-32.044353,6
499,-132.49603,6
500,-92.96637,6
501,-74.3119,6
502,-35.88617,6
503,-72.907776,6
504,-50.775154,6
505,-8.089179,6
506,-90.76987,6
507,-61.034103,6
508,-31.975258,6
509,-54.159042,6
510,-53.82798,6
511,-66.024605,6
512,8.593804,6
513,-45.98816,6
514,-58.540062,6
515,-86.650635,6
516,-107.68709,6
517,-56.074806,6
518,-37.620144,6
519,-24.816612,6
520,-97.44877,6
521,-23.373848,6
522,-17.172707,6
523,-47.945618,6
524,-92.90043,6
525,-30.609917,6
526,-58.48694,6
527,-30.76429,6
528,-58.99597,6
529,-42.21121,6
530,-91.76463,6
531,-88.75366,6
532,-58.474823,6
533,-43.767525,6
534,-106.07196,6
535,-106.84952,6
536,30.777893,6
537,-37.90866,6
538,-43.234203,6
539,-72.71003,6
540,-82.70425,6
541,-36.26969,6
542,-46.174606,6
543,-65.80719,6
544,-101.31598,6
545,-7.593604,6
546,-71.6212,6
547,-77.570404,6
548,-129.65741,6
549,-70.45343,6
550,-55.03186,6
551,-121.122025,6
552,39.94861,6
553,-57.84484,6
554,-99.32445,6
555,-49.05417,6
556,-99.31346,6
557,-65.355156,6
558,-13.942992,6
559,-101.102264,6
560,10.8875475,7
561,9.544385,7
562,-16.985573,7
563,28.841812,7
564,-18.609444,7
565,11.317719,7
566,16.768822,7
567,14.749356,7
568,-21.517778,7
569,-6.230685,7
570,-5.0824423,7
571,9.194011,7
572,28.471092,7
573,-65.981735,7
574,-39.964153,7
575,23.106651,7
576,-17.410412,7
577,30.602184,7
578,19.081795,7
579,50.564583,7
580,-3.343261,7
581,23.952213,7
582,35.82732,7
583,0.7126968,7
584,-6.533252,7
585,-10.823394,7
586,60.00596,7
587,6.958478,7
588,17.729101,7
589,-43.65747,7
590,-1.0595925,7
591,29.644785,7
592,20.671505,7
593,32.791557,7
594,9.424478,7
595,-29.92892,7
596,-16.290527,7
597,-48.27292,7
598,-7.408263,7
599,7.949338,7
600,-29.202301,7
601,-0.7130263,7
602,67.866165,7
603,38.906326,7
604,3.3010528,7
605,-6.0093603,7
606,-7.4852285,7
607,-37.72425,7
608,-6.5423956,7
609,19.249752,7
610,44.198883,7
611,-14.48606,7
612,-1.9102814,7
613,35.20801,7
614,-3.9252694,7
615,12.2977915,7
616,6.676263,7
617,28.230099,7
618,2.0779617,7
619,-50.591698,7
620,-16.72437,7
621,22.939114,7
622,2.3008964,7
623,-10.768699,7
624,23.851131,7
625,20.875435,7
626,10.639077,7
627,23.338675,7
628,13.75534,7
629,30.611103,7
630,12.132497,7
631,20.497581,7
632,10.508225,7
633,-9.580714,7
634,-25.492153,7
635,31.340832,7
636,7.413781,7
637,28.40415,7
638,42.014454,7
639,7.709367,7
640,127.76023,8
641,43.528103,8
642,34.656124,8
643,-4.114707,8
644,25.498302,8
645,-1.2740548,8
646,55.90321,8
647,9.97495,8
648,1.3920295,8
649,33.991604,8
650,58.38594,8
651,55.348663,8
652,26.866615,8
653,26.466599,8
654,31.536575,8
655,97.07294,8
656,-17.667439,8
657,29.79797,8
658,35.08565,8
659,56.36412,8
660,26.379967,8
661,92.6245,8
662,61.251186,8
663,62.977608,8
664,-61.329613,8
665,24.324566,8
666,93.13602,8
667,10.8129225,8
668,13.771127,8
669,-44.362617,8
670,45.36886,8
671,16.204855,8
672,-1.1427453,8
673,121.56706,8
674,-4.7545824,8
675,-2.9190018,8
676,106.454025,8
677,4.2371683,8
678,40.26901,8
679,78.16658,8
680,75.26891,8
681,60.28234,8
682,57.823063,8
683,29.691368,8
684,46.835617,8
685,4.861802,8
686,-26.89738,8
687,158.45427,8
688,37.36596,8
689,-8.405593,8
690,37.17409,8
691,55.456726,8
692,13.932645,8
693,70.07069,8
694,112.09182,8
695,42.68756,8
696,8.734002,8
697,-20.98349,8
698,14.896333,8
699,20.05931,8
700,63.721138,8
701,22.874886,8
702,39.589005,8
703,8.379907,8
704,61.647106,8
705,78.26724,8
706,10.447267,8
707,47.85731,8
708,41.149082,8
709,10.10365,8
710,27.791737,8
711,-0.67853856,8
712,50.185684,8
713,3.977372,8
714,24.095804,8
715,18.308308,8
716,-36.016098,8
717,0.57102656,8
718,16.337948,8
719,9.604728,8
720,19.183289,9
721,11.563996,9
722,-50.42128,9
723,-76.58706,9
724,-33.166954,9
725,20.413727,9
726,12.913075,9
727,33.734634,9
728,-24.953896,9
729,-36.57421,9
730,-52.05874,9
731,39.620415,9
732,-20.046616,9
733,45.66878,9
734,27.703903,9
735,4.127225,9
736,36.411377,9
737,15.562135,9
738,-49.148544,9
739,11.87217,9
740,13.340646,9
741,-23.984222,9
742,-36.38465,9
743,61.270668,9
744,-80.35161,9
745,-63.83532,9
746,-3.3076622,9
747,1.8243339,9
748,-27.24677,9
749,23.959747,9
750,-3.7451546,9
751,5.885934,9
752,-47.13111,9
753,10.273721,9
754,-57.599037,9
755,4.7305384,9
756,-31.68824,9
757,26.54367,9
758,-69.32817,9
759,16.174486,9
760,-4.464423,9
761,19.700157,9
762,-115.53634,9
763,33.867393,9
764,-38.34192,9
765,-22.916443,9
766,33.843086,9
767,13.331941,9
768,12.224122,9
769,16.263584,9
770,2.950257,9
771,3.9791229,9
772,-9.55812,9
773,-2.0455544,9
774,9.684869,9
775,26.922745,9
776,-4.3378363,9
777,38.220974,9
778,-29.854706,9
779,45.37748,9
780,-25.941788,9
781,-82.247665,9
782,-23.560635,9
783,-15.132445,9
784,-23.46482,9
785,40.895454,9
786,-9.026755,9
787,11.3695345,9
788,30.23602,9
789,34.355522,9
790,-23.615112,9
791,-56.552788,9
792,32.4709,9
793,-47.71151,9
794,10.687722,9
795,27.897537,9
796,23.323479,9
797,7.828187,9
798,42.26773,9
799,5.0029593,9
