Image,Value,Label
0,148.94327,0
1,100.85823,0
2,124.62701,0
3,107.24379,0
4,74.278755,0
5,92.83532,0
6,60.160835,0
7,123.89858,0
8,118.788895,0
9,119.525345,0
10,55.588226,0
11,146.46436,0
12,176.8122,0
13,145.42216,0
14,140.28288,0
15,67.622734,0
16,59.37699,0
17,138.9391,0
18,119.86724,0
19,114.6984,0
20,146.03549,0
21,98.78364,0
22,85.06358,0
23,85.52499,0
24,156.92795,0
25,110.40029,0
26,160.41866,0
27,103.78973,0
28,140.01868,0
29,141.17084,0
30,72.32283,0
31,90.99019,0
32,161.17528,0
33,134.20789,0
34,81.02244,0
35,143.956,0
36,146.48462,0
37,148.07744,0
38,75.08004,0
39,95.91419,0
40,156.08209,0
41,119.99822,0
42,120.64756,0
43,82.65972,0
44,93.54943,0
45,13.556862,0
46,8.506386,0
47,175.79213,0
48,73.87692,0
49,96.77935,0
50,161.04712,0
51,63.99755,0
52,102.97758,0
53,135.72668,0
54,161.19524,0
55,152.09363,0
56,104.03318,0
57,130.72833,0
58,158.23206,0
59,88.74757,0
60,135.6508,0
61,146.2212,0
62,140.7905,0
63,119.61712,0
64,74.08968,0
65,93.11613,0
66,125.33831,0
67,155.54271,0
68,104.75222,0
69,172.07907,0
70,135.1026,0
71,145.28906,0
72,171.92575,0
73,49.701775,0
74,133.78445,0
75,143.99774,0
76,57.355064,0
77,131.54712,0
78,132.20166,0
79,158.17738,0
80,36.66244,1
81,82.46625,1
82,49.619347,1
83,44.11435,1
84,52.235985,1
85,56.99899,1
86,65.94053,1
87,56.12304,1
88,57.442783,1
89,61.292282,1
90,72.6204,1
91,53.256638,1
92,65.659294,1
93,24.745705,1
94,84.1043,1
95,91.60109,1
96,51.626724,1
97,59.523563,1
98,46.374878,1
99,58.725124,1
100,82.13686,1
101,60.341324,1
102,34.72482,1
103,68.04235,1
104,36.055435,1
105,74.87997,1
106,78.224945,1
107,56.9585,1
108,35.130806,1
109,86.826546,1
110,62.882675,1
111,51.80886,1
112,49.169567,1
113,31.095913,1
114,75.16255,1
115,83.57729,1
116,30.920746,1
117,70.16303,1
118,43.05533,1
119,63.11514,1
120,62.4624,1
121,57.1481,1
122,91.08471,1
123,21.548607,1
124,79.3474,1
125,59.201435,1
126,67.924164,1
127,84.160835,1
128,88.051704,1
129,65.81164,1
130,65.05446,1
131,72.85463,1
132,114.22595,1
133,62.1749,1
134,48.755516,1
135,86.526665,1
136,30.062101,1
137,35.044407,1
138,70.55783,1
139,39.857704,1
140,28.543009,1
141,61.36614,1
142,60.5626,1
143,57.98044,1
144,107.56736,1
145,63.624306,1
146,44.239834,1
147,48.70416,1
148,26.572731,1
149,76.25789,1
150,21.501755,1
151,59.958427,1
152,127.69046,1
153,21.943016,1
154,42.908226,1
155,61.321766,1
156,46.731182,1
157,44.69662,1
158,56.786427,1
159,43.651234,1
160,58.80683,2
161,109.00958,2
162,122.910484,2
163,102.5118,2
164,84.032646,2
165,97.19163,2
166,25.511055,2
167,98.96461,2
168,-17.87078,2
169,107.48702,2
170,104.70289,2
171,90.04909,2
172,92.31077,2
173,37.879173,2
174,58.380447,2
175,14.381783,2
176,5.455269,2
177,93.73346,2
178,92.371086,2
179,39.123085,2
180,21.098904,2
181,64.831184,2
182,134.06558,2
183,64.12785,2
184,56.81845,2
185,120.66336,2
186,69.46671,2
187,41.36389,2
188,80.20446,2
189,55.47917,2
190,52.117004,2
191,63.178856,2
192,83.93818,2
193,130.22441,2
194,37.11328,2
195,-18.997414,2
196,70.599724,2
197,50.647575,2
198,48.78401,2
199,102.44236,2
200,129.35077,2
201,63.743935,2
202,61.904,2
203,65.59102,2
204,89.72558,2
205,67.80186,2
206,25.20543,2
207,116.740395,2
208,66.9605,2
209,31.921066,2
210,-8.890053,2
211,45.39399,2
212,164.43738,2
213,42.69816,2
214,139.94455,2
215,60.72883,2
216,55.066628,2
217,66.77291,2
218,77.54621,2
219,161.50279,2
220,96.2513,2
221,111.40993,2
222,138.34709,2
223,106.045715,2
224,21.068024,2
225,146.40367,2
226,60.43995,2
227,30.624847,2
228,138.9215,2
229,108.61155,2
230,80.69487,2
231,41.62571,2
232,73.865074,2
233,168.1878,2
234,74.227554,2
235,115.68247,2
236,88.011925,2
237,94.07484,2
238,110.12794,2
239,61.423103,2
240,8.5397415,3
241,57.13569,3
242,35.360916,3
243,14.538345,3
244,43.95199,3
245,49.227684,3
246,34.624275,3
247,25.578217,3
248,68.823906,3
249,33.752014,3
250,-9.491005,3
251,0.6667175,3
252,34.608162,3
253,13.397362,3
254,8.864204,3
255,34.987236,3
256,56.755955,3
257,37.740646,3
258,51.783417,3
259,46.96122,3
260,40.402153,3
261,50.185684,3
262,19.890343,3
263,41.42707,3
264,51.412437,3
265,11.262123,3
266,45.238586,3
267,25.688995,3
268,44.45307,3
269,15.505333,3
270,31.852196,3
271,45.403847,3
272,33.866722,3
273,26.127205,3
274,33.293037,3
275,46.971367,3
276,23.770409,3
277,45.634483,3
278,24.661919,3
279,35.04885,3
280,20.069084,3
281,40.69491,3
282,40.021294,3
283,-38.140587,3
284,10.483498,3
285,51.977303,3
286,-8.741081,3
287,26.290092,3
288,4.62957,3
289,45.50936,3
290,16.083336,3
291,66.1946,3
292,15.113274,3
293,53.93284,3
294,11.524971,3
295,20.60537,3
296,59.732872,3
297,22.404633,3
298,-29.901176,3
299,54.55094,3
300,41.547462,3
301,-40.627815,3
302,65.72971,3
303,27.763084,3
304,32.469856,3
305,25.070732,3
306,33.646294,3
307,53.870705,3
308,43.37773,3
309,36.452446,3
310,83.28756,3
311,17.791672,3
312,50.104378,3
313,49.93228,3
314,49.813774,3
315,83.645966,3
316,73.39165,3
317,10.950966,3
318,57.197594,3
319,30.894257,3
320,-16.902214,4
321,-24.058998,4
322,1.2902374,4
323,-5.1008835,4
324,-9.425407,4
325,8.93309,4
326,-89.10278,4
327,-22.152718,4
328,-83.033165,4
329,10.8971405,4
330,-11.098045,4
331,9.757652,4
332,10.993858,4
333,-4.417885,4
334,-18.023552,4
335,4.9390564,4
336,24.780376,4
337,-15.909172,4
338,-26.45243,4
339,-55.656532,4
340,25.010033,4
341,-26.716553,4
342,-39.651054,4
343,-43.309822,4
344,-56.61799,4
345,-13.070175,4
346,11.625847,4
347,67.489044,4
348,20.594635,4
349,0.8974228,4
350,-84.09295,4
351,-2.6936264,4
352,-9.011101,4
353,38.20475,4
354,30.870827,4
355,-22.163994,4
356,-95.84049,4
357,-88.47048,4
358,31.459213,4
359,40.36125,4
360,10.464546,4
361,-46.687675,4
362,-5.8504715,4
363,18.795357,4
364,-24.211464,4
365,-46.644783,4
366,-74.52633,4
367,-57.491234,4
368,-32.373344,4
369,3.6693954,4
370,20.42714,4
371,13.236702,4
372,13.073204,4
373,-37.887108,4
374,-66.07581,4
375,-54.59414,4
376,-12.565796,4
377,-54.709778,4
378,-13.235954,4
379,5.740425,4
380,-36.879814,4
381,22.19574,4
382,4.082016,4
383,-56.929977,4
384,-50.03521,4
385,-28.398575,4
386,-63.251472,4
387,-24.960213,4
388,-10.182137,4
389,-32.135124,4
390,-33.24919,4
391,-60.95948,4
392,-44.234764,4
393,-36.844933,4
394,5.076416,4
395,-35.56687,4
396,-9.339836,4
397,13.8795395,4
398,58.23622,4
399,-54.255074,4
400,4.2472305,5
401,18.989227,5
402,47.046577,5
403,17.119408,5
404,7.974907,5
405,1.924057,5
406,33.85006,5
407,-24.072006,5
408,32.402473,5
409,59.926422,5
410,43.038628,5
411,-18.792717,5
412,72.01686,5
413,-24.756493,5
414,31.167976,5
415,78.250374,5
416,-18.743858,5
417,-20.26252,5
418,41.137184,5
419,19.104988,5
420,54.160713,5
421,5.7977676,5
422,63.71,5
423,-13.593834,5
424,27.391502,5
425,85.72161,5
426,14.7250595,5
427,-12.6607895,5
428,-44.300606,5
429,-16.874947,5
430,-33.942574,5
431,-15.724831,5
432,54.993263,5
433,26.887428,5
434,-14.631523,5
435,-1.3809891,5
436,16.129066,5
437,-18.202248,5
438,132.53044,5
439,38.651848,5
440,84.28518,5
441,-37.77926,5
442,4.9574814,5
443,-31.091896,5
444,42.573257,5
445,71.60417,5
446,34.673714,5
447,-77.36506,5
448,-25.716087,5
449,29.434296,5
450,60.37948,5
451,6.82473,5
452,15.885933,5
453,5.3991013,5
454,-8.246384,5
455,36.196754,5
456,44.33638,5
457,-25.584526,5
458,-24.607735,5
459,26.06475,5
460,37.404823,5
461,-24.853905,5
462,-34.005478,5
463,43.130043,5
464,45.516563,5
465,32.117027,5
466,48.514915,5
467,111.03952,5
468,15.986084,5
469,-16.04078,5
470,3.264656,5
471,17.433609,5
472,4.3330307,5
473,58.14656,5
474,20.78386,5
475,26.532005,5
476,-7.6323166,5
477,62.579582,5
478,28.270477,5
479,-1.1006851,5
480,34.506866,6
481,-3.1562576,6
482,20.30973,6
483,3.0965042,6
484,42.161835,6
485,8.768715,6
486,52.462914,6
487,-28.076088,6
488,-36.260567,6
489,10.838966,6
490,52.67807,6
491,35.00807,6
492,-19.307533,6
493,4.359703,6
494,29.587769,6
495,-56.21598,6
496,-7.8709793,6
497,23.024475,6
498,56.45572,6
499,-62.638695,6
500,15.425362,6
501,27.684486,6
502,28.555061,6
503,14.509178,6
504,-12.720718,6
505,76.213356,6
506,-6.2813797,6
507,1.2954102,6
508,-45.11908,6
509,30.078789,6
510,39.212975,6
511,5.629822,6
512,90.959885,6
513,29.304222,6
514,3.859581,6
515,13.200714,6
516,-73.3668,6
517,24.395134,6
518,28.903847,6
519,20.399544,6
520,-27.181068,6
521,5.7402725,6
522,100.51132,6
523,15.1102295,6
524,-49.614815,6
525,44.203384,6
526,1.7740021,6
527,54.255424,6
528,29.98864,6
529,42.72283,6
530,-35.99231,6
531,-14.147575,6
532,-22.961784,6
533,19.08025,6
534,-90.62842,6
535,6.2806473,6
536,50.038673,6
537,-0.04819491,6
538,24.988441,6
539,-12.032951,6
540,7.844116,6
541,43.78599,6
542,1.9145966,6
543,36.463486,6
544,-3.855507,6
545,43.30609,6
546,-42.0682,6
547,0.4608383,6
548,-62.204163,6
549,-1.8068771,6
550,-46.724632,6
551,-64.921814,6
552,39.856087,6
553,-28.68824,6
554,-16.238625,6
555,10.761475,6
556,-23.854713,6
557,-10.177307,6
558,40.736122,6
559,8.3508,6
560,-59.317802,7
561,-45.665977,7
562,-39.736565,7
563,-39.86036,7
564,-76.255394,7
565,-96.536446,7
566,-27.566536,7
567,-88.05367,7
568,-89.736275,7
569,-36.97341,7
570,-38.550285,7
571,-53.739662,7
572,-35.235756,7
573,-98.02932,7
574,-59.61663,7
575,-23.894356,7
576,-85.47146,7
577,-4.0545044,7
578,-70.05419,7
579,-16.688728,7
580,-34.515694,7
581,-63.470673,7
582,-1.9609909,7
583,-68.19781,7
584,-47.19525,7
585,-32.20228,7
586,-59.50573,7
587,-26.138847,7
588,-32.196877,7
589,-86.16139,7
590,-133.36832,7
591,-2.052719,7
592,-23.822586,7
593,-44.222557,7
594,-45.69226,7
595,-25.381493,7
596,-92.14576,7
597,-80.32813,7
598,-20.396568,7
599,-97.16448,7
600,-89.90827,7
601,-29.795181,7
602,-47.829597,7
603,-36.646294,7
604,-44.824577,7
605,-60.955696,7
606,-37.171364,7
607,-134.97328,7
608,-86.108604,7
609,-53.718388,7
610,-75.39175,7
611,-90.05616,7
612,-56.653572,7
613,-24.972725,7
614,-81.10071,7
615,-9.8428,7
616,-73.53321,7
617,-50.873283,7
618,-11.2957,7
619,-190.94418,7
620,-65.87672,7
621,-69.276886,7
622,-46.623238,7
623,-22.750443,7
624,3.2854939,7
625,-65.42697,7
626,-36.36355,7
627,-50.051598,7
628,-60.272934,7
629,-37.725166,7
630,-96.28035,7
631,-23.95823,7
632,-35.764977,7
633,-63.987213,7
634,-125.39867,7
635,-44.772514,7
636,-41.73832,7
637,-15.681862,7
638,23.031456,7
639,-39.46547,7
640,-38.656242,8
641,-22.837654,8
642,-20.491783,8
643,-12.779297,8
644,-22.605858,8
645,-25.498024,8
646,-57.96424,8
647,-39.948235,8
648,-20.050308,8
649,-41.74259,8
650,-39.982628,8
651,-14.153847,8
652,-55.699684,8
653,-62.17997,8
654,-62.85122,8
655,-30.685905,8
656,-68.35725,8
657,-1.9844437,8
658,5.771721,8
659,-13.905632,8
660,-83.91279,8
661,-40.00309,8
662,-21.89988,8
663,20.523872,8
664,-72.28445,8
665,-2.1081848,8
666,-15.090416,8
667,-41.751884,8
668,-1.5642471,8
669,-111.037224,8
670,-52.139076,8
671,-26.91262,8
672,-67.25713,8
673,-47.76757,8
674,-15.68837,8
675,-84.888725,8
676,19.027626,8
677,-43.94168,8
678,-51.580482,8
679,-29.289024,8
680,-67.63926,8
681,-7.7705994,8
682,-41.091515,8
683,-30.356392,8
684,-17.0736,8
685,-37.229256,8
686,-87.41764,8
687,29.536812,8
688,-5.911232,8
689,-28.600914,8
690,-38.804146,8
691,-75.11013,8
692,-45.20661,8
693,-41.780815,8
694,-21.623116,8
695,14.890221,8
696,-52.814445,8
697,-40.830894,8
698,-43.22619,8
699,-64.23148,8
700,-33.17948,8
701,-20.068642,8
702,-32.445747,8
703,-57.536873,8
704,-3.304329,8
705,-53.76905,8
706,-22.194954,8
707,-33.052475,8
708,11.097481,8
709,-27.764427,8
710,-42.193794,8
711,-13.880051,8
712,-15.20504,8
713,-7.4849777,8
714,-67.01022,8
715,-55.295128,8
716,18.751564,8
717,-5.462105,8
718,-18.423172,8
719,-54.69863,8
720,-96.00143,9
721,-122.892235,9
722,-48.447685,9
723,-170.37166,9
724,-69.18644,9
725,-82.92204,9
726,-71.03344,9
727,-77.797615,9
728,-64.88265,9
729,-79.89469,9
730,-31.030281,9
731,-26.522362,9
732,-76.65305,9
733,-61.467766,9
734,-66.29625,9
735,-118.53248,9
736,-50.05655,9
737,-110.06817,9
738,-106.04032,9
739,-41.205162,9
740,-130.55847,9
741,-50.616158,9
742,-67.992386,9
743,-66.59486,9
744,-4.669716,9
745,-48.422646,9
746,-56.9916,9
747,-49.418922,9
748,-101.68339,9
749,-124.28045,9
750,-41.794197,9
751,-93.695755,9
752,-140.34679,9
753,-122.067726,9
754,-144.19101,9
755,-45.881935,9
756,-61.138268,9
757,-29.379517,9
758,-76.27276,9
759,-7.3071213,9
760,-92.55536,9
761,-69.50494,9
762,-86.643654,9
763,-66.736885,9
764,-82.66686,9
765,-48.567345,9
766,-59.445152,9
767,-123.90673,9
768,-76.490326,9
769,-50.87394,9
770,-95.95185,9
771,-105.64556,9
772,-45.859917,9
773,-104.98217,9
774,-95.02338,9
775,-59.00078,9
776,-115.855385,9
777,-61.93569,9
778,-57.68689,9
779,-20.205452,9
780,-142.79086,9
781,-39.556404,9
782,-72.25969,9
783,-71.37037,9
784,-57.396248,9
785,-45.19149,9
786,-15.5236435,9
787,-54.217102,9
788,-52.61979,9
789,-90.605415,9
790,-46.69703,9
791,-24.404198,9
792,-109.88821,9
793,-82.18354,9
794,-110.10816,9
795,-93.30366,9
796,-67.00501,9
797,-110.50967,9
798,-128.2062,9
799,-98.50465,9
