Image,Value,Label
0,-277.04214,0
1,-135.61232,0
2,-169.61655,0
3,-237.70583,0
4,-235.45482,0
5,-151.90016,0
6,-293.24933,0
7,-212.76553,0
8,-254.87367,0
9,-245.6783,0
10,-129.29254,0
11,-279.30157,0
12,-210.28728,0
13,-133.88354,0
14,-257.5008,0
15,-124.24849,0
16,-240.37852,0
17,-193.90959,0
18,-333.02164,0
19,-235.30885,0
20,-397.10913,0
21,-172.01772,0
22,-175.44012,0
23,-74.34974,0
24,-197.4796,0
25,-96.96272,0
26,-253.78592,0
27,-119.78421,0
28,-251.03044,0
29,-273.73392,0
30,-158.85912,0
31,-145.49992,0
32,-170.10835,0
33,-143.56161,0
34,-236.33788,0
35,-274.50867,0
36,-120.308716,0
37,-261.05344,0
38,-141.44908,0
39,-267.8243,0
40,-223.9966,0
41,-161.33116,0
42,-282.0052,0
43,-205.67664,0
44,-118.86011,0
45,-174.51195,0
46,-249.70815,0
47,-207.63121,0
48,-145.3036,0
49,-133.23743,0
50,-235.20613,0
51,-133.47495,0
52,-139.59094,0
53,-259.20117,0
54,-229.98839,0
55,-190.50273,0
56,-275.46094,0
57,-103.623665,0
58,-179.07765,0
59,-238.39784,0
60,-185.69475,0
61,-101.92141,0
62,-110.84889,0
63,-176.74165,0
64,-156.96703,0
65,-209.3418,0
66,-145.03935,0
67,-86.017624,0
68,-116.52568,0
69,-178.15228,0
70,-142.38074,0
71,-215.21236,0
72,-112.17603,0
73,-250.29202,0
74,-133.27534,0
75,-85.246155,0
76,-355.2559,0
77,-413.7351,0
78,-296.36893,0
79,-128.10973,0
80,-120.83942,1
81,-111.70959,1
82,-150.3256,1
83,-177.449,1
84,-98.185196,1
85,-159.16127,1
86,-169.30455,1
87,-152.66666,1
88,-156.44023,1
89,-132.72972,1
90,-113.51981,1
91,-98.351036,1
92,-49.818653,1
93,-91.689766,1
94,-69.26513,1
95,-118.2993,1
96,-107.06146,1
97,-65.54369,1
98,-98.287094,1
99,-173.42456,1
100,-168.07361,1
101,-106.05766,1
102,-71.05777,1
103,-92.83226,1
104,-100.16287,1
105,-174.87166,1
106,-72.05043,1
107,-76.44539,1
108,-101.907776,1
109,-65.079056,1
110,-57.893475,1
111,-139.24092,1
112,-104.82576,1
113,-61.84206,1
114,-92.54123,1
115,-106.56924,1
116,-142.03444,1
117,-105.82175,1
118,-82.135025,1
119,-54.477123,1
120,-98.69266,1
121,-169.15694,1
122,-53.547844,1
123,-168.60844,1
124,-111.22649,1
125,-135.79607,1
126,-136.04869,1
127,-110.14948,1
128,-79.7345,1
129,-135.8146,1
130,-54.81388,1
131,-102.44697,1
132,-116.568474,1
133,-95.20756,1
134,-120.06656,1
135,-106.70624,1
136,-117.465294,1
137,-116.2618,1
138,-127.91308,1
139,-166.31856,1
140,-144.86737,1
141,-126.748276,1
142,-63.37218,1
143,-119.68234,1
144,-68.594986,1
145,-50.489334,1
146,-92.2687,1
147,-136.84344,1
148,-181.16512,1
149,-66.466675,1
150,-111.40323,1
151,-52.66942,1
152,-83.25441,1
153,-117.62184,1
154,-181.91966,1
155,-102.17319,1
156,-69.74426,1
157,-110.08123,1
158,-178.75903,1
159,-158.88007,1
160,-42.47264,2
161,-17.296244,2
162,-90.091736,2
163,-106.52312,2
164,-52.879524,2
165,-131.70018,2
166,-17.886333,2
167,-46.084114,2
168,-107.83642,2
169,-13.255606,2
170,10.464078,2
171,-82.65367,2
172,-154.70752,2
173,-165.6318,2
174,-15.795206,2
175,-186.68993,2
176,-90.5629,2
177,-62.883003,2
178,-260.95004,2
179,-142.74702,2
180,-95.43608,2
181,-59.935146,2
182,-71.5299,2
183,-130.11772,2
184,-116.7214,2
185,-48.00679,2
186,-62.172302,2
187,-134.7675,2
188,70.41052,2
189,16.107454,2
190,-59.078022,2
191,-26.8869,2
192,31.634954,2
193,-30.832735,2
194,-31.64932,2
195,-150.67474,2
196,-146.09776,2
197,-92.58594,2
198,-127.63653,2
199,-207.33607,2
200,-162.6043,2
201,-75.935745,2
202,-19.819563,2
203,-260.7017,2
204,5.63679,2
205,16.626228,2
206,-53.645977,2
207,-43.304764,2
208,-54.025604,2
209,-24.899458,2
210,-62.985455,2
211,-194.66371,2
212,-22.791903,2
213,12.740263,2
214,-15.65604,2
215,-96.915855,2
216,-93.386734,2
217,-127.41993,2
218,-120.37895,2
219,-0.8313309,2
220,0.89077604,2
221,-81.47701,2
222,-80.46304,2
223,-56.632538,2
224,-118.41614,2
225,9.989092,2
226,16.974455,2
227,-48.121433,2
228,-121.101555,2
229,-110.482895,2
230,-46.731213,2
231,-28.739088,2
232,-139.4679,2
233,-115.69328,2
234,-72.66672,2
235,-77.12355,2
236,-39.256874,2
237,-41.123375,2
238,-32.428383,2
239,-72.533066,2
240,-360.8214,3
241,-215.41019,3
242,-151.92531,3
243,-146.43816,3
244,-261.93167,3
245,-219.57729,3
246,-360.54227,3
247,-206.65779,3
248,-305.47168,3
249,-197.76541,3
250,-354.5039,3
251,-272.02933,3
252,-242.28134,3
253,-291.52634,3
254,-224.56586,3
255,-275.61075,3
256,-243.33997,3
257,-224.67317,3
258,-336.14423,3
259,-345.84937,3
260,-192.90524,3
261,-342.36182,3
262,-302.53595,3
263,-179.36816,3
264,-148.77754,3
265,-307.49667,3
266,-368.90863,3
267,-270.10873,3
268,-154.38696,3
269,-257.11908,3
270,-180.76985,3
271,-237.04431,3
272,-253.9664,3
273,-299.01736,3
274,-188.57048,3
275,-221.88539,3
276,-377.86496,3
277,-176.48027,3
278,-273.34467,3
279,-304.27338,3
280,-293.51062,3
281,-314.12317,3
282,-316.62607,3
283,-343.39758,3
284,-251.93045,3
285,-216.14902,3
286,-292.23868,3
287,-376.61047,3
288,-307.64825,3
289,-107.763306,3
290,-260.55136,3
291,-279.38596,3
292,-294.04807,3
293,-287.416,3
294,-315.04013,3
295,-145.47923,3
296,-265.19653,3
297,-289.78174,3
298,-331.51022,3
299,-364.91678,3
300,-327.19083,3
301,-460.96695,3
302,-146.02199,3
303,-215.46396,3
304,-163.84659,3
305,-221.80328,3
306,-264.2887,3
307,-179.1433,3
308,-149.92867,3
309,-244.96782,3
310,-480.3253,3
311,-216.97221,3
312,-209.33012,3
313,-155.95192,3
314,-276.7513,3
315,-373.28934,3
316,-181.15271,3
317,-285.8839,3
318,-325.86926,3
319,-244.96843,3
320,-107.19006,4
321,-52.786827,4
322,-83.55993,4
323,21.202744,4
324,-153.1804,4
325,-107.47852,4
326,-82.40364,4
327,-157.86842,4
328,-125.64595,4
329,-5.9038424,4
330,-165.35016,4
331,-96.53522,4
332,-174.235,4
333,-159.29677,4
334,-175.52167,4
335,-60.13744,4
336,23.988176,4
337,-214.3905,4
338,-209.6296,4
339,-73.88843,4
340,-117.459,4
341,-121.97368,4
342,-160.15173,4
343,-95.42847,4
344,-194.09488,4
345,-153.0542,4
346,45.320984,4
347,11.498175,4
348,-70.98976,4
349,13.031295,4
350,-225.76784,4
351,56.853813,4
352,-102.00779,4
353,-27.812117,4
354,-89.66114,4
355,-95.299706,4
356,-246.04099,4
357,-145.80989,4
358,-26.56864,4
359,-171.30296,4
360,-123.08277,4
361,-174.97359,4
362,-171.80673,4
363,28.182074,4
364,60.12274,4
365,-146.33192,4
366,-166.43942,4
367,-211.50856,4
368,-129.8334,4
369,-117.363075,4
370,-130.17387,4
371,-68.23029,4
372,-19.107897,4
373,-153.64644,4
374,-288.82828,4
375,-228.2994,4
376,-24.724728,4
377,-111.473656,4
378,-120.074524,4
379,7.964482,4
380,-159.88898,4
381,-97.43076,4
382,-115.06917,4
383,-158.8113,4
384,-187.99193,4
385,-18.218458,4
386,-198.77248,4
387,-92.480606,4
388,-62.13664,4
389,-64.56534,4
390,-184.5026,4
391,-128.97961,4
392,-221.83421,4
393,-225.64832,4
394,-133.22581,4
395,-229.91922,4
396,-144.15993,4
397,19.060751,4
398,-90.40795,4
399,-104.92906,4
400,-178.34818,5
401,-90.81822,5
402,-221.95204,5
403,-196.95284,5
404,-207.03937,5
405,-128.57997,5
406,-209.35771,5
407,115.28034,5
408,-220.31917,5
409,-25.817455,5
410,-70.21265,5
411,-234.73401,5
412,-34.11354,5
413,-112.93541,5
414,-144.83736,5
415,-118.83537,5
416,-262.19586,5
417,-189.81499,5
418,-225.8912,5
419,-202.39828,5
420,-187.49309,5
421,-205.52,5
422,-222.1136,5
423,-268.053,5
424,-173.47058,5
425,-102.267105,5
426,-171.65169,5
427,-279.96738,5
428,-295.88382,5
429,-216.1879,5
430,-307.17322,5
431,-215.99559,5
432,23.488726,5
433,-70.50944,5
434,-217.18202,5
435,-191.04047,5
436,-225.30592,5
437,-238.77011,5
438,-135.71645,5
439,-1.6152359,5
440,-118.32665,5
441,-152.33444,5
442,-238.87268,5
443,-167.21,5
444,-159.09215,5
445,-82.50163,5
446,-235.83684,5
447,-287.42725,5
448,-311.82568,5
449,-105.93858,5
450,-152.85406,5
451,-167.19597,5
452,-201.05081,5
453,-142.12274,5
454,83.30012,5
455,-131.57816,5
456,-19.146963,5
457,-258.55368,5
458,-131.0695,5
459,-320.25598,5
460,-99.89212,5
461,-284.32455,5
462,-201.79805,5
463,-185.68802,5
464,-265.14893,5
465,-156.75592,5
466,-240.6751,5
467,-184.51903,5
468,-154.7652,5
469,-187.58385,5
470,-185.33101,5
471,-181.67654,5
472,-203.44405,5
473,-72.837944,5
474,-181.20424,5
475,-250.00163,5
476,-192.08385,5
477,-48.307446,5
478,-31.898527,5
479,-59.539474,5
480,69.0295,6
481,20.989496,6
482,149.11494,6
483,3.7256472,6
484,-2.493179,6
485,25.605616,6
486,99.97833,6
487,33.772835,6
488,8.942251,6
489,-74.62927,6
490,67.95595,6
491,46.738327,6
492,70.40857,6
493,92.84088,6
494,43.75579,6
495,63.599762,6
496,38.975487,6
497,38.929,6
498,-23.11801,6
499,-101.87424,6
500,100.31786,6
501,98.83249,6
502,17.621273,6
503,46.717983,6
504,37.980553,6
505,-24.306017,6
506,46.884228,6
507,64.34459,6
508,-13.445761,6
509,-17.241362,6
510,33.64149,6
511,207.63979,6
512,-16.188799,6
513,129.58043,6
514,18.892336,6
515,142.8922,6
516,59.161278,6
517,28.187878,6
518,-5.0256,6
519,-9.675667,6
520,14.252565,6
521,51.614166,6
522,18.855051,6
523,-42.176777,6
524,-27.375376,6
525,11.936743,6
526,26.182398,6
527,84.85144,6
528,1.4832481,6
529,69.20535,6
530,49.997658,6
531,121.72787,6
532,25.854128,6
533,11.809942,6
534,29.082369,6
535,121.17546,6
536,-118.27437,6
537,32.697586,6
538,25.675867,6
539,35.968178,6
540,83.64909,6
541,-0.5798069,6
542,5.56165,6
543,51.93992,6
544,107.43292,6
545,-10.950802,6
546,134.2034,6
547,52.471,6
548,156.71407,6
549,39.675926,6
550,77.55508,6
551,81.38479,6
552,-33.616936,6
553,35.334854,6
554,62.06498,6
555,46.733067,6
556,-21.573385,6
557,-85.32216,6
558,28.212954,6
559,72.80084,6
560,-222.9626,7
561,-149.72983,7
562,-74.62955,7
563,-192.82726,7
564,-213.21321,7
565,-250.35141,7
566,-255.48845,7
567,-154.38892,7
568,-181.4486,7
569,-134.12317,7
570,-261.4489,7
571,-63.076828,7
572,-205.95314,7
573,-281.47272,7
574,-34.216827,7
575,-195.06065,7
576,-144.06297,7
577,-212.79509,7
578,-175.17949,7
579,-224.34972,7
580,-174.3092,7
581,-147.71027,7
582,-161.04756,7
583,-250.88338,7
584,-190.63701,7
585,-138.67578,7
586,-266.52277,7
587,-187.39487,7
588,-124.84752,7
589,-171.50131,7
590,-292.27026,7
591,-139.0837,7
592,-139.12865,7
593,-168.17012,7
594,-240.097,7
595,-30.781672,7
596,-148.42264,7
597,-123.58553,7
598,-172.34949,7
599,-225.71967,7
600,-297.6991,7
601,-153.46895,7
602,-227.14137,7
603,-248.4011,7
604,-184.69818,7
605,-226.83937,7
606,-153.93353,7
607,-300.56354,7
608,-161.18083,7
609,-121.82639,7
610,-251.35568,7
611,-260.00494,7
612,-220.56184,7
613,-190.85612,7
614,-192.90536,7
615,-101.88289,7
616,-193.62267,7
617,-231.54158,7
618,-151.75438,7
619,-160.70924,7
620,-164.97694,7
621,-196.25969,7
622,-138.41287,7
623,-30.25834,7
624,-32.10786,7
625,-313.8436,7
626,-154.37776,7
627,-171.06245,7
628,-119.76167,7
629,-174.17825,7
630,-215.3213,7
631,-149.37569,7
632,-184.3855,7
633,-174.38014,7
634,-253.38019,7
635,-190.71089,7
636,-210.08702,7
637,-192.29472,7
638,-241.21503,7
639,-113.14015,7
640,-186.5124,8
641,-100.1297,8
642,-129.04315,8
643,-19.786722,8
644,-95.819984,8
645,-96.38559,8
646,-84.58254,8
647,-72.284546,8
648,-89.07065,8
649,-96.63756,8
650,-104.14824,8
651,-127.11952,8
652,-137.39667,8
653,-161.70918,8
654,-94.064575,8
655,-166.89517,8
656,-98.68679,8
657,-54.1163,8
658,-78.50873,8
659,-88.59001,8
660,-221.6588,8
661,-24.369345,8
662,-48.152847,8
663,-121.764694,8
664,-178.17227,8
665,-76.661354,8
666,-171.47275,8
667,-71.19424,8
668,-95.37669,8
669,-46.882065,8
670,-12.365747,8
671,-81.098206,8
672,-198.49265,8
673,-112.67509,8
674,-88.02612,8
675,-108.94024,8
676,34.80809,8
677,43.93325,8
678,-18.99209,8
679,-119.74386,8
680,-86.31535,8
681,-82.35948,8
682,-151.7897,8
683,-122.90085,8
684,-220.36504,8
685,-105.910416,8
686,-106.72013,8
687,-139.08597,8
688,-115.46071,8
689,33.076855,8
690,-85.280174,8
691,-96.47238,8
692,-167.4818,8
693,-144.83952,8
694,-142.5875,8
695,-106.12259,8
696,-221.87868,8
697,-87.0669,8
698,-104.666374,8
699,-50.540318,8
700,-118.1601,8
701,-122.45316,8
702,-94.241684,8
703,-50.32851,8
704,-155.03517,8
705,-115.54195,8
706,-85.6791,8
707,-138.55722,8
708,-89.68335,8
709,-89.75955,8
710,-131.53722,8
711,-76.02046,8
712,-146.66656,8
713,-43.081566,8
714,-160.56996,8
715,-131.59212,8
716,-61.999725,8
717,-52.162956,8
718,-91.041504,8
719,-97.53859,8
720,-145.03001,9
721,-255.10248,9
722,-23.100443,9
723,-183.18532,9
724,-17.673147,9
725,-182.33365,9
726,-114.03695,9
727,-105.0335,9
728,-35.862377,9
729,-40.369507,9
730,65.09195,9
731,-62.75663,9
732,-164.00175,9
733,-204.94069,9
734,-157.80376,9
735,-221.48233,9
736,-59.073708,9
737,-180.56956,9
738,-51.394306,9
739,-73.56178,9
740,-226.59459,9
741,-90.57491,9
742,-139.67451,9
743,-221.43439,9
744,-15.732624,9
745,-58.13435,9
746,-86.67296,9
747,-143.11134,9
748,-131.66003,9
749,-145.70186,9
750,-19.472261,9
751,-182.79765,9
752,-188.2996,9
753,-208.87854,9
754,-299.37827,9
755,-113.60221,9
756,-23.890446,9
757,-55.50124,9
758,8.142778,9
759,-43.99631,9
760,-151.29793,9
761,-68.67093,9
762,9.206945,9
763,-206.19221,9
764,-80.92712,9
765,-10.603685,9
766,-143.61256,9
767,-221.96266,9
768,-126.328674,9
769,-117.857376,9
770,-213.1354,9
771,-127.7455,9
772,-152.03737,9
773,-74.59578,9
774,-159.8917,9
775,-74.28335,9
776,-175.28291,9
777,-139.00768,9
778,-106.94355,9
779,-81.156815,9
780,-254.86087,9
781,33.799213,9
782,-9.549065,9
783,-152.25421,9
784,-19.099806,9
785,-177.99245,9
786,-131.70087,9
787,-58.93375,9
788,-91.37835,9
789,-144.85083,9
790,43.40083,9
791,34.61211,9
792,-202.8432,9
793,-16.57987,9
794,-98.60927,9
795,-119.29019,9
796,-188.91188,9
797,-129.78006,9
798,-219.6434,9
799,-198.97142,9
