Image,Value,Label
0,115.740776,0
1,122.548454,0
2,69.73021,0
3,19.125706,0
4,94.14043,0
5,68.83594,0
6,144.99252,0
7,115.69081,0
8,85.4529,0
9,103.82205,0
10,312.3841,0
11,15.166241,0
12,74.69759,0
13,83.57019,0
14,67.42613,0
15,157.65553,0
16,182.5395,0
17,92.41521,0
18,50.795063,0
19,27.894764,0
20,87.5845,0
21,116.72116,0
22,32.391895,0
23,118.84774,0
24,95.171135,0
25,94.222885,0
26,71.88153,0
27,112.96292,0
28,91.280556,0
29,99.78813,0
30,231.7761,0
31,156.13824,0
32,101.3524,0
33,99.49442,0
34,184.44858,0
35,61.58492,0
36,124.48197,0
37,57.72982,0
38,165.88249,0
39,183.49142,0
40,69.19681,0
41,68.91374,0
42,190.47568,0
43,131.06706,0
44,127.72797,0
45,97.5327,0
46,269.8302,0
47,39.407467,0
48,125.05286,0
49,104.68192,0
50,43.449497,0
51,174.284,0
52,130.1262,0
53,89.71063,0
54,72.86575,0
55,33.19627,0
56,75.696754,0
57,116.322914,0
58,50.84633,0
59,209.79915,0
60,112.36387,0
61,75.30131,0
62,117.85491,0
63,92.467514,0
64,228.8367,0
65,93.654945,0
66,121.1586,0
67,73.10528,0
68,152.45786,0
69,84.54254,0
70,93.82491,0
71,87.09001,0
72,85.92091,0
73,281.05905,0
74,91.651436,0
75,90.28079,0
76,171.21405,0
77,108.53761,0
78,125.41481,0
79,75.823395,0
80,201.4826,1
81,152.67664,1
82,227.57947,1
83,195.30368,1
84,218.74864,1
85,191.09406,1
86,198.28085,1
87,204.87393,1
88,223.37756,1
89,223.25331,1
90,167.00043,1
91,179.08893,1
92,216.00017,1
93,254.83609,1
94,199.16986,1
95,156.69427,1
96,262.0068,1
97,181.36414,1
98,172.15662,1
99,250.02977,1
100,191.3428,1
101,167.69772,1
102,272.22305,1
103,173.2739,1
104,174.10284,1
105,197.97108,1
106,232.99298,1
107,241.46786,1
108,194.32224,1
109,175.59274,1
110,238.85274,1
111,222.11621,1
112,227.75497,1
113,228.78665,1
114,212.61707,1
115,145.78928,1
116,283.46323,1
117,177.25925,1
118,220.12733,1
119,183.11932,1
120,160.25757,1
121,215.3927,1
122,168.66736,1
123,189.29108,1
124,160.6562,1
125,169.94647,1
126,252.4577,1
127,146.37112,1
128,178.13298,1
129,191.33585,1
130,219.16066,1
131,194.22824,1
132,165.75357,1
133,181.02359,1
134,141.4399,1
135,165.84967,1
136,201.49234,1
137,153.84717,1
138,193.61313,1
139,228.84958,1
140,210.98633,1
141,179.60815,1
142,242.9982,1
143,194.17302,1
144,177.05046,1
145,223.9166,1
146,175.29785,1
147,184.9852,1
148,251.01233,1
149,219.0573,1
150,240.28491,1
151,248.39726,1
152,236.83511,1
153,227.33951,1
154,258.64618,1
155,225.07571,1
156,305.9329,1
157,176.77777,1
158,191.91998,1
159,208.68968,1
160,186.05869,2
161,259.1969,2
162,146.86687,2
163,145.16907,2
164,262.86734,2
165,185.73044,2
166,302.25366,2
167,340.8062,2
168,272.48837,2
169,237.38223,2
170,157.79988,2
171,327.2955,2
172,236.18597,2
173,221.73889,2
174,256.4403,2
175,286.46997,2
176,225.84813,2
177,242.26578,2
178,227.85696,2
179,274.93954,2
180,142.00581,2
181,282.07245,2
182,229.3969,2
183,246.59721,2
184,259.06052,2
185,188.68155,2
186,199.84488,2
187,137.3154,2
188,171.49863,2
189,183.46826,2
190,226.82542,2
191,231.47672,2
192,223.0506,2
193,243.0961,2
194,232.6325,2
195,209.8577,2
196,268.23734,2
197,251.64838,2
198,257.788,2
199,208.29865,2
200,107.80649,2
201,303.6303,2
202,183.4389,2
203,48.97555,2
204,167.67741,2
205,165.92761,2
206,228.45743,2
207,281.6886,2
208,326.69574,2
209,246.05696,2
210,253.80446,2
211,236.6455,2
212,268.88522,2
213,254.8529,2
214,228.33705,2
215,232.47229,2
216,239.12082,2
217,166.83696,2
218,305.9754,2
219,172.68674,2
220,222.74915,2
221,189.97166,2
222,220.0214,2
223,180.93217,2
224,174.08096,2
225,152.14145,2
226,220.177,2
227,262.09494,2
228,205.71823,2
229,154.8666,2
230,122.4712,2
231,178.5918,2
232,180.83618,2
233,224.76086,2
234,305.8327,2
235,247.03046,2
236,218.86343,2
237,314.38617,2
238,132.68558,2
239,215.38779,2
240,236.84396,3
241,216.22034,3
242,150.01965,3
243,132.3822,3
244,202.33366,3
245,169.01508,3
246,190.73145,3
247,199.40054,3
248,285.52634,3
249,165.776,3
250,201.69485,3
251,221.51993,3
252,206.93346,3
253,219.53506,3
254,230.61128,3
255,242.12318,3
256,93.316696,3
257,215.10396,3
258,225.56691,3
259,195.1395,3
260,204.15149,3
261,168.93768,3
262,261.89066,3
263,204.57594,3
264,133.11305,3
265,183.52878,3
266,203.1687,3
267,271.4559,3
268,180.54079,3
269,176.02342,3
270,210.5614,3
271,223.6073,3
272,244.13408,3
273,188.92732,3
274,217.41455,3
275,95.00632,3
276,206.40527,3
277,159.04303,3
278,167.09734,3
279,252.71423,3
280,264.01755,3
281,256.34973,3
282,292.98938,3
283,125.439735,3
284,204.01495,3
285,204.67574,3
286,171.7407,3
287,224.85434,3
288,216.42213,3
289,238.32744,3
290,163.5759,3
291,114.02975,3
292,179.49335,3
293,98.96321,3
294,231.47487,3
295,278.56833,3
296,194.7985,3
297,214.59795,3
298,283.13583,3
299,207.44354,3
300,243.17332,3
301,172.90373,3
302,166.26408,3
303,162.33911,3
304,201.50949,3
305,178.48276,3
306,168.12106,3
307,148.20262,3
308,129.09232,3
309,197.70685,3
310,240.93674,3
311,241.52113,3
312,196.23657,3
313,163.36111,3
314,243.63889,3
315,123.856186,3
316,156.47958,3
317,215.96509,3
318,171.98265,3
319,163.82788,3
320,102.835365,4
321,183.38797,4
322,121.21367,4
323,195.48499,4
324,121.38292,4
325,106.68788,4
326,212.01215,4
327,168.00327,4
328,260.45663,4
329,135.05212,4
330,113.09412,4
331,107.912994,4
332,136.73584,4
333,58.26429,4
334,198.07086,4
335,135.95126,4
336,167.05438,4
337,143.23601,4
338,133.23187,4
339,216.3892,4
340,145.07632,4
341,155.57274,4
342,179.43954,4
343,178.68643,4
344,152.32834,4
345,154.7425,4
346,193.02637,4
347,100.053635,4
348,160.84842,4
349,182.159,4
350,214.21112,4
351,185.13147,4
352,204.11191,4
353,159.6726,4
354,148.61285,4
355,204.5315,4
356,122.47252,4
357,192.76636,4
358,130.93571,4
359,87.58345,4
360,155.82883,4
361,137.00473,4
362,144.52176,4
363,143.31644,4
364,209.11795,4
365,126.05969,4
366,185.15758,4
367,147.57042,4
368,175.30945,4
369,127.434326,4
370,57.075848,4
371,154.6716,4
372,109.61442,4
373,153.31786,4
374,111.04758,4
375,188.24493,4
376,161.28189,4
377,176.64943,4
378,181.90482,4
379,177.79074,4
380,164.3075,4
381,128.00594,4
382,145.87936,4
383,191.14583,4
384,162.38449,4
385,166.29565,4
386,214.26712,4
387,225.69012,4
388,134.66507,4
389,157.15057,4
390,48.471912,4
391,218.21722,4
392,189.70996,4
393,146.26273,4
394,113.28787,4
395,136.18263,4
396,209.71074,4
397,152.30318,4
398,32.618458,4
399,151.45956,4
400,150.1124,5
401,106.068954,5
402,85.03675,5
403,36.3734,5
404,117.492294,5
405,180.5499,5
406,51.787945,5
407,346.54257,5
408,38.094074,5
409,141.15837,5
410,145.37265,5
411,172.73895,5
412,80.18553,5
413,191.20512,5
414,204.31104,5
415,150.77077,5
416,134.00305,5
417,41.013767,5
418,163.17761,5
419,140.11743,5
420,81.04708,5
421,130.58513,5
422,193.43555,5
423,105.7433,5
424,138.05699,5
425,86.9549,5
426,161.11243,5
427,160.91599,5
428,169.10948,5
429,92.47533,5
430,91.64046,5
431,192.39035,5
432,135.37209,5
433,189.26587,5
434,127.946915,5
435,118.47348,5
436,184.9659,5
437,198.75598,5
438,53.74211,5
439,220.97209,5
440,72.11417,5
441,183.9853,5
442,104.6327,5
443,226.03403,5
444,155.62628,5
445,94.96997,5
446,124.570465,5
447,175.67899,5
448,153.01962,5
449,185.7944,5
450,32.550297,5
451,85.017555,5
452,121.80411,5
453,117.48741,5
454,227.45401,5
455,52.300076,5
456,127.076965,5
457,117.58403,5
458,91.7944,5
459,111.90341,5
460,80.01666,5
461,182.59277,5
462,158.50034,5
463,72.24524,5
464,136.82686,5
465,119.45952,5
466,48.485912,5
467,88.08391,5
468,122.54464,5
469,154.91406,5
470,121.43913,5
471,138.47084,5
472,136.14206,5
473,93.62308,5
474,64.75824,5
475,164.33823,5
476,120.40509,5
477,160.90042,5
478,165.0539,5
479,178.52237,5
480,184.17001,6
481,69.31422,6
482,169.84393,6
483,125.76124,6
484,114.12833,6
485,135.33301,6
486,129.76619,6
487,204.9901,6
488,178.59665,6
489,98.29787,6
490,109.80798,6
491,167.32552,6
492,125.294655,6
493,110.44881,6
494,104.7592,6
495,208.05408,6
496,224.04355,6
497,120.8886,6
498,44.838917,6
499,204.60767,6
500,144.04056,6
501,115.92555,6
502,150.85822,6
503,115.77615,6
504,191.22343,6
505,91.92063,6
506,121.92083,6
507,123.76086,6
508,113.6531,6
509,103.08162,6
510,55.79267,6
511,201.2951,6
512,63.712452,6
513,167.84236,6
514,118.97765,6
515,114.20854,6
516,252.10037,6
517,147.57788,6
518,180.41995,6
519,138.55624,6
520,200.18512,6
521,156.10931,6
522,45.757557,6
523,93.47685,6
524,121.095825,6
525,69.56483,6
526,51.233467,6
527,122.86229,6
528,128.38962,6
529,182.3086,6
530,167.44504,6
531,223.40398,6
532,132.43748,6
533,173.58469,6
534,160.58664,6
535,217.47775,6
536,59.48696,6
537,163.566,6
538,110.74173,6
539,127.30167,6
540,29.182686,6
541,79.70256,6
542,117.23038,6
543,205.86105,6
544,99.29383,6
545,187.61365,6
546,233.07944,6
547,59.663677,6
548,233.11996,6
549,110.14224,6
550,210.00003,6
551,134.06769,6
552,180.9829,6
553,207.55676,6
554,141.97955,6
555,99.94761,6
556,191.58163,6
557,151.77795,6
558,66.89105,6
559,142.35336,6
560,148.15738,7
561,104.62287,7
562,133.41556,7
563,83.18567,7
564,121.080505,7
565,181.74551,7
566,-37.101795,7
567,158.84373,7
568,135.46112,7
569,223.65398,7
570,42.54234,7
571,163.13925,7
572,136.59412,7
573,46.00102,7
574,194.35046,7
575,64.90353,7
576,154.77289,7
577,118.84566,7
578,183.78737,7
579,110.46037,7
580,121.371506,7
581,116.349686,7
582,103.256836,7
583,137.10321,7
584,121.29585,7
585,160.82544,7
586,62.655422,7
587,175.8118,7
588,92.67641,7
589,106.120514,7
590,75.9203,7
591,64.28635,7
592,81.51126,7
593,232.48175,7
594,127.1111,7
595,223.24567,7
596,47.793457,7
597,292.25775,7
598,57.839207,7
599,133.5308,7
600,52.817448,7
601,151.48569,7
602,111.91672,7
603,143.97977,7
604,114.09152,7
605,57.67097,7
606,140.54079,7
607,84.3938,7
608,127.73131,7
609,117.70815,7
610,213.27162,7
611,-9.86528,7
612,82.814415,7
613,80.4552,7
614,154.54124,7
615,106.85396,7
616,109.61711,7
617,125.77057,7
618,120.58666,7
619,281.42557,7
620,204.51355,7
621,154.29004,7
622,140.11716,7
623,97.10863,7
624,104.884415,7
625,45.771084,7
626,161.56938,7
627,114.33858,7
628,143.55496,7
629,146.96918,7
630,166.9935,7
631,104.205536,7
632,102.16864,7
633,92.30303,7
634,168.95868,7
635,150.4212,7
636,66.3206,7
637,112.732185,7
638,110.60764,7
639,164.80637,7
640,253.32516,8
641,171.13776,8
642,147.92334,8
643,182.52469,8
644,261.73563,8
645,154.76315,8
646,238.11484,8
647,164.41254,8
648,161.75821,8
649,173.49487,8
650,230.61531,8
651,145.83171,8
652,215.11992,8
653,179.71216,8
654,204.71135,8
655,169.92146,8
656,139.83977,8
657,183.04337,8
658,159.97601,8
659,199.20206,8
660,210.66708,8
661,234.10034,8
662,223.58012,8
663,159.909,8
664,305.59036,8
665,83.28507,8
666,187.65607,8
667,141.69798,8
668,123.685,8
669,259.4277,8
670,178.67719,8
671,171.09967,8
672,197.38104,8
673,254.26746,8
674,214.99818,8
675,265.15134,8
676,142.09529,8
677,169.82657,8
678,168.68282,8
679,158.5081,8
680,257.37808,8
681,220.33492,8
682,186.11728,8
683,131.42526,8
684,207.3823,8
685,119.31204,8
686,223.09048,8
687,206.67044,8
688,120.583824,8
689,160.51234,8
690,109.38388,8
691,262.16122,8
692,168.49287,8
693,215.79541,8
694,157.36224,8
695,183.84576,8
696,189.96173,8
697,185.28163,8
698,165.71094,8
699,84.322716,8
700,252.43283,8
701,183.73628,8
702,151.01135,8
703,143.37723,8
704,276.25003,8
705,216.22137,8
706,150.39386,8
707,203.18665,8
708,160.4522,8
709,213.88838,8
710,139.77783,8
711,170.81436,8
712,180.18454,8
713,162.94745,8
714,145.84583,8
715,269.63992,8
716,95.71977,8
717,170.15222,8
718,152.7502,8
719,169.75482,8
720,116.34601,9
721,174.81131,9
722,59.995625,9
723,219.84583,9
724,133.74298,9
725,73.58531,9
726,148.25755,9
727,87.34566,9
728,92.83293,9
729,74.379684,9
730,103.834625,9
731,46.307335,9
732,68.54165,9
733,69.35364,9
734,101.688934,9
735,157.83171,9
736,101.87625,9
737,64.00466,9
738,130.23502,9
739,91.623505,9
740,99.048706,9
741,12.702896,9
742,89.44916,9
743,76.00441,9
744,68.64703,9
745,108.89698,9
746,72.90022,9
747,88.76747,9
748,140.65996,9
749,168.34824,9
750,98.4444,9
751,76.138504,9
752,146.75539,9
753,125.894485,9
754,27.03022,9
755,78.567825,9
756,93.45367,9
757,73.631165,9
758,94.8609,9
759,58.000996,9
760,95.25574,9
761,152.723,9
762,111.39316,9
763,80.96866,9
764,125.1148,9
765,106.40318,9
766,95.05074,9
767,21.533646,9
768,81.69493,9
769,102.059494,9
770,90.24365,9
771,136.92923,9
772,49.556507,9
773,94.81029,9
774,126.42739,9
775,108.21765,9
776,149.48389,9
777,74.14815,9
778,32.98878,9
779,77.73354,9
780,13.878538,9
781,104.616745,9
782,140.39551,9
783,130.1328,9
784,103.83532,9
785,84.70979,9
786,119.37157,9
787,94.20645,9
788,84.72661,9
789,133.59628,9
790,128.0697,9
791,102.73352,9
792,169.1562,9
793,127.46668,9
794,98.8972,9
795,98.16767,9
796,65.26088,9
797,132.12589,9
798,134.1611,9
799,116.66771,9
