Image,Value,Label
0,-108.57925,0
1,-146.97133,0
2,-116.67949,0
3,-218.91098,0
4,-209.57776,0
5,-207.36496,0
6,-218.05734,0
7,-190.37123,0
8,-137.03261,0
9,-165.1713,0
10,-191.23932,0
11,-141.74438,0
12,-165.23015,0
13,-137.89105,0
14,-109.35569,0
15,-156.31215,0
16,-230.30328,0
17,-165.33427,0
18,-170.2375,0
19,-195.55748,0
20,-210.78864,0
21,-212.76286,0
22,-200.4028,0
23,-190.7229,0
24,-70.73232,0
25,-159.92245,0
26,-100.129845,0
27,-183.20659,0
28,-219.45197,0
29,-93.78458,0
30,-212.65125,0
31,-212.96896,0
32,-91.52794,0
33,-203.69357,0
34,-268.34787,0
35,-158.03801,0
36,-140.52324,0
37,-138.60764,0
38,-233.37248,0
39,-153.3634,0
40,-103.535034,0
41,-232.3218,0
42,-245.9102,0
43,-205.75706,0
44,-206.55365,0
45,-217.02194,0
46,-272.50665,0
47,-173.25966,0
48,-157.12149,0
49,-156.95032,0
50,-126.35933,0
51,-221.87015,0
52,-168.39845,0
53,-188.01163,0
54,-115.13591,0
55,-121.15318,0
56,-186.16672,0
57,-100.7154,0
58,-214.12901,0
59,-169.12318,0
60,-103.20474,0
61,-120.85985,0
62,-160.46312,0
63,-225.06581,0
64,-230.31554,0
65,-252.89413,0
66,-186.01683,0
67,-145.78233,0
68,-159.97362,0
69,-150.51059,0
70,-185.98628,0
71,-204.8323,0
72,-137.61905,0
73,-245.74634,0
74,-181.26591,0
75,-89.541336,0
76,-259.86435,0
77,-182.44122,0
78,-32.81137,0
79,-91.22036,0
80,-108.58803,1
81,-69.00619,1
82,-91.12572,1
83,-81.14869,1
84,-88.88586,1
85,-111.780624,1
86,-88.79851,1
87,-78.022224,1
88,-84.24359,1
89,-134.54152,1
90,-69.056725,1
91,-69.87035,1
92,-82.23497,1
93,-136.13417,1
94,-82.041405,1
95,-79.93667,1
96,-108.637924,1
97,-82.20711,1
98,-90.14777,1
99,-77.31502,1
100,-65.90754,1
101,-82.6464,1
102,-142.3591,1
103,-62.517,1
104,-91.436356,1
105,-80.47685,1
106,-118.68598,1
107,-91.61909,1
108,-95.92433,1
109,-70.322205,1
110,-125.31695,1
111,-93.57259,1
112,-87.9583,1
113,-124.800964,1
114,-79.305305,1
115,-64.17801,1
116,-118.629555,1
117,-61.494175,1
118,-108.72165,1
119,-68.40461,1
120,-78.81982,1
121,-96.57947,1
122,-81.8324,1
123,-113.413635,1
124,-81.13841,1
125,-87.01842,1
126,-77.39072,1
127,-79.46931,1
128,-91.80412,1
129,-73.88197,1
130,-83.98549,1
131,-74.97159,1
132,-62.63374,1
133,-72.7247,1
134,-77.745605,1
135,-89.59601,1
136,-100.861946,1
137,-98.51503,1
138,-99.67598,1
139,-93.45522,1
140,-95.48578,1
141,-76.89687,1
142,-109.73086,1
143,-98.60427,1
144,-96.655136,1
145,-106.43943,1
146,-90.57959,1
147,-104.05455,1
148,-99.829506,1
149,-97.63881,1
150,-131.42705,1
151,-116.469315,1
152,-83.401,1
153,-112.204666,1
154,-95.32729,1
155,-112.80221,1
156,-152.59897,1
157,-99.24501,1
158,-88.85877,1
159,-119.559235,1
160,-60.094933,2
161,-32.206932,2
162,-101.88809,2
163,-69.651566,2
164,-101.496414,2
165,-106.71701,2
166,-122.26403,2
167,-40.46234,2
168,-106.02454,2
169,-132.884,2
170,-121.36705,2
171,-74.756744,2
172,-68.927444,2
173,-115.88905,2
174,-136.61768,2
175,-107.433975,2
176,-118.53223,2
177,-78.51639,2
178,-132.08472,2
179,-143.28995,2
180,-89.34097,2
181,-150.0512,2
182,-61.497646,2
183,-106.556465,2
184,-66.82315,2
185,-28.37756,2
186,-172.98358,2
187,-120.4476,2
188,-59.249256,2
189,-97.0134,2
190,-115.33656,2
191,-159.73592,2
192,-115.201,2
193,-55.120667,2
194,-138.40707,2
195,-157.10608,2
196,-119.69266,2
197,-121.30228,2
198,-92.631805,2
199,-120.36895,2
200,-89.08339,2
201,-70.54774,2
202,-110.68915,2
203,-81.16556,2
204,-101.40503,2
205,-85.842026,2
206,-133.0705,2
207,-99.78963,2
208,-130.71548,2
209,-94.961075,2
210,-147.27917,2
211,-70.4102,2
212,-102.0615,2
213,-96.33562,2
214,-101.01298,2
215,-167.23203,2
216,-29.643742,2
217,-104.30331,2
218,-105.66664,2
219,-85.099594,2
220,-115.50416,2
221,-108.624,2
222,-73.435715,2
223,-83.159485,2
224,-123.69723,2
225,-75.76973,2
226,-72.96242,2
227,-144.78261,2
228,-62.592087,2
229,-120.706764,2
230,-97.30048,2
231,-174.7499,2
232,-110.29338,2
233,-36.50287,2
234,-150.41705,2
235,-145.01631,2
236,-53.08201,2
237,-44.285652,2
238,-118.59511,2
239,-78.17581,2
240,-131.52852,3
241,-95.37448,3
242,-106.32186,3
243,-110.19209,3
244,-131.18265,3
245,-107.92843,3
246,-180.33981,3
247,-84.56694,3
248,-96.55501,3
249,-99.455505,3
250,-117.01615,3
251,-113.690735,3
252,-126.49891,3
253,-132.97845,3
254,-114.28901,3
255,-186.95001,3
256,-63.81716,3
257,-74.38032,3
258,-116.28523,3
259,-165.37291,3
260,-104.91174,3
261,-117.65366,3
262,-120.3494,3
263,-97.94911,3
264,-83.18931,3
265,-120.240585,3
266,-131.19781,3
267,-109.53456,3
268,-135.73961,3
269,-45.5053,3
270,-96.37515,3
271,-117.28997,3
272,-107.186165,3
273,-153.49539,3
274,-100.54427,3
275,-124.68581,3
276,-81.92226,3
277,-77.00728,3
278,-98.97683,3
279,-159.94615,3
280,-134.9784,3
281,-87.130646,3
282,-130.22751,3
283,-187.54211,3
284,-138.46455,3
285,-104.92145,3
286,-111.679016,3
287,-204.27914,3
288,-118.60318,3
289,-171.41928,3
290,-129.48372,3
291,-128.11276,3
292,-165.1186,3
293,-82.31228,3
294,-180.51334,3
295,-147.58076,3
296,-83.18583,3
297,-66.60474,3
298,-178.2615,3
299,-159.57132,3
300,-115.439705,3
301,-212.75842,3
302,-101.42846,3
303,-129.95674,3
304,-147.58586,3
305,-125.90802,3
306,-103.1804,3
307,-111.358765,3
308,-95.130394,3
309,-140.96877,3
310,-163.78835,3
311,-102.94769,3
312,-115.83281,3
313,-118.33673,3
314,-124.3186,3
315,-143.2305,3
316,-80.92129,3
317,-71.40988,3
318,-95.0737,3
319,-113.41695,3
320,-172.35068,4
321,-117.58892,4
322,-143.86552,4
323,-156.0322,4
324,-210.62788,4
325,-127.445724,4
326,-184.64209,4
327,-157.85231,4
328,-200.66241,4
329,-143.50578,4
330,-153.80818,4
331,-109.436295,4
332,-154.2087,4
333,-136.37885,4
334,-175.52089,4
335,-112.48677,4
336,-83.31198,4
337,-169.75833,4
338,-141.9779,4
339,-178.35939,4
340,-190.03806,4
341,-154.0135,4
342,-209.81787,4
343,-149.43996,4
344,-157.6291,4
345,-160.22177,4
346,-123.73345,4
347,-106.1584,4
348,-102.353386,4
349,-156.41751,4
350,-201.43364,4
351,-66.68709,4
352,-156.33307,4
353,-140.65912,4
354,-121.50371,4
355,-174.1797,4
356,-141.00258,4
357,-191.07462,4
358,-142.02118,4
359,-111.36217,4
360,-128.39137,4
361,-201.36487,4
362,-117.19223,4
363,-110.29023,4
364,-175.65479,4
365,-164.90683,4
366,-206.39462,4
367,-160.2919,4
368,-148.7396,4
369,-138.36075,4
370,-117.81891,4
371,-132.75003,4
372,-97.86945,4
373,-137.00983,4
374,-168.73277,4
375,-176.35667,4
376,-141.63191,4
377,-147.24484,4
378,-181.117,4
379,-148.76094,4
380,-195.96472,4
381,-131.39444,4
382,-179.06673,4
383,-151.94319,4
384,-192.89423,4
385,-122.622025,4
386,-192.2625,4
387,-197.98839,4
388,-162.74648,4
389,-218.86403,4
390,-91.83076,4
391,-155.56613,4
392,-178.11002,4
393,-147.16573,4
394,-99.88773,4
395,-98.96676,4
396,-156.76395,4
397,-125.0455,4
398,-111.15597,4
399,-195.13025,4
400,-26.085848,5
401,-99.62051,5
402,-158.5109,5
403,-147.61516,5
404,-143.05618,5
405,-62.473923,5
406,-164.53671,5
407,-83.719604,5
408,-139.35614,5
409,-93.74568,5
410,-101.49725,5
411,-137.538,5
412,-81.30998,5
413,-122.41908,5
414,-126.38339,5
415,-111.87981,5
416,-67.60753,5
417,-139.44084,5
418,-138.91475,5
419,-149.10144,5
420,-180.97809,5
421,-45.40087,5
422,-215.50908,5
423,-171.41144,5
424,-123.453606,5
425,-106.39692,5
426,-168.0048,5
427,-185.1289,5
428,-137.7861,5
429,-98.314186,5
430,-147.72665,5
431,-118.2605,5
432,-58.65787,5
433,-91.86223,5
434,-96.64145,5
435,-110.5686,5
436,-145.75523,5
437,-162.48586,5
438,-139.91399,5
439,-142.0423,5
440,-115.62846,5
441,-181.32574,5
442,-161.52812,5
443,-127.41765,5
444,-123.68895,5
445,-65.29564,5
446,-172.49342,5
447,-127.65486,5
448,-223.11913,5
449,-148.15756,5
450,-120.09819,5
451,-51.226395,5
452,-149.92546,5
453,-88.88734,5
454,-122.885025,5
455,-138.42204,5
456,-71.65724,5
457,-137.9364,5
458,-159.25749,5
459,-172.82762,5
460,-121.05324,5
461,-176.09402,5
462,-78.43596,5
463,-64.03004,5
464,-164.50542,5
465,-115.40607,5
466,-152.08606,5
467,-126.71863,5
468,-78.72905,5
469,-155.48106,5
470,-158.82153,5
471,-52.412495,5
472,-65.99894,5
473,-116.368744,5
474,-89.51211,5
475,-188.0228,5
476,-115.82652,5
477,-34.455498,5
478,-165.29501,5
479,-112.817566,5
480,-58.43344,6
481,-133.56604,6
482,-108.42586,6
483,-83.572716,6
484,-54.37391,6
485,-102.85061,6
486,-162.92258,6
487,-162.8005,6
488,-132.11856,6
489,-66.97362,6
490,-88.7514,6
491,-67.149826,6
492,-97.58215,6
493,-117.8833,6
494,-98.61348,6
495,-129.95041,6
496,-115.49046,6
497,-77.14604,6
498,-108.92854,6
499,-92.15023,6
500,-117.75694,6
501,-80.780014,6
502,-112.68368,6
503,-80.17717,6
504,-114.49014,6
505,-172.26114,6
506,-106.29761,6
507,-92.91104,6
508,-129.82228,6
509,-97.77492,6
510,-84.10025,6
511,-114.52563,6
512,-90.096146,6
513,-100.9866,6
514,-66.50746,6
515,-94.52073,6
516,-121.26857,6
517,-66.25186,6
518,-86.78877,6
519,-65.636246,6
520,-122.58502,6
521,-76.28024,6
522,-55.58597,6
523,-105.27986,6
524,-62.14262,6
525,-86.461266,6
526,-103.5644,6
527,-75.06301,6
528,-70.182144,6
529,-68.13607,6
530,-115.05272,6
531,-99.95623,6
532,-124.51431,6
533,-50.95196,6
534,-127.764404,6
535,-120.77361,6
536,-75.67064,6
537,-153.68198,6
538,-94.83125,6
539,-102.17371,6
540,-93.643745,6
541,-73.6359,6
542,-80.007164,6
543,-83.55618,6
544,-81.500565,6
545,-47.38765,6
546,-128.24672,6
547,-99.63485,6
548,-161.3655,6
549,-96.512115,6
550,-133.40237,6
551,-128.26099,6
552,-86.91211,6
553,-112.28124,6
554,-150.41257,6
555,-103.51754,6
556,-86.03484,6
557,-79.072495,6
558,-105.18208,6
559,-99.08708,6
560,-129.11136,7
561,-90.386604,7
562,-94.417595,7
563,-169.83531,7
564,-194.12286,7
565,-201.82318,7
566,-163.88676,7
567,-158.3707,7
568,-164.05608,7
569,-117.51433,7
570,-153.029,7
571,-105.55947,7
572,-157.2309,7
573,-141.04324,7
574,-141.08835,7
575,-115.231155,7
576,-130.61713,7
577,-107.91523,7
578,-161.49979,7
579,-133.49945,7
580,-117.147125,7
581,-119.14619,7
582,-124.602516,7
583,-106.263565,7
584,-88.17195,7
585,-82.38858,7
586,-164.79633,7
587,-147.30902,7
588,-126.84711,7
589,-146.71571,7
590,-137.47836,7
591,-85.90378,7
592,-117.20445,7
593,-171.70972,7
594,-147.90794,7
595,-138.01903,7
596,-110.51993,7
597,-209.02184,7
598,-135.72797,7
599,-182.8394,7
600,-226.13834,7
601,-125.38636,7
602,-128.48312,7
603,-159.12541,7
604,-149.06458,7
605,-154.55814,7
606,-90.19004,7
607,-144.10747,7
608,-159.39278,7
609,-137.4569,7
610,-185.49066,7
611,-75.23642,7
612,-65.34886,7
613,-154.14671,7
614,-121.72269,7
615,-96.429016,7
616,-160.91125,7
617,-151.10788,7
618,-63.830494,7
619,-191.92651,7
620,-102.59723,7
621,-143.41933,7
622,-161.57878,7
623,-98.8827,7
624,-50.384777,7
625,-132.5279,7
626,-134.49237,7
627,-135.24948,7
628,-114.21641,7
629,-144.90965,7
630,-196.43808,7
631,-97.76695,7
632,-136.64629,7
633,-134.93958,7
634,-100.35889,7
635,-160.34143,7
636,-140.24167,7
637,-133.03793,7
638,-91.034065,7
639,-124.0992,7
640,-143.90535,8
641,-120.04643,8
642,-82.401634,8
643,-57.28911,8
644,-160.36288,8
645,-54.131058,8
646,-93.56221,8
647,-88.02281,8
648,-89.07177,8
649,-94.36572,8
650,-134.31459,8
651,-76.08679,8
652,-180.11261,8
653,-95.47328,8
654,-146.72937,8
655,-116.49666,8
656,-69.86791,8
657,-94.81777,8
658,-79.59598,8
659,-175.77032,8
660,-123.47374,8
661,-78.01729,8
662,-111.10264,8
663,-122.30465,8
664,-156.55984,8
665,-48.595055,8
666,-166.81367,8
667,-60.374065,8
668,-79.66016,8
669,-192.4207,8
670,-85.01273,8
671,-55.30119,8
672,-108.243576,8
673,-144.44423,8
674,-93.70348,8
675,-141.78505,8
676,-71.14914,8
677,-127.39029,8
678,-61.272797,8
679,-133.77773,8
680,-128.52292,8
681,-70.57303,8
682,-110.046196,8
683,-113.58692,8
684,-113.09843,8
685,-123.797424,8
686,-53.531517,8
687,-156.85764,8
688,-148.67213,8
689,-89.02654,8
690,-166.07758,8
691,-130.30621,8
692,-118.497406,8
693,-179.45383,8
694,-126.02122,8
695,-75.68421,8
696,-86.77022,8
697,-85.34918,8
698,-109.36812,8
699,-169.91576,8
700,-154.70685,8
701,-139.60983,8
702,-82.29939,8
703,-104.803696,8
704,-135.09274,8
705,-112.874016,8
706,-110.31232,8
707,-126.3064,8
708,-48.99015,8
709,-161.4738,8
710,-85.94821,8
711,-69.79259,8
712,-125.86377,8
713,-76.078064,8
714,-126.67791,8
715,-114.29062,8
716,-68.757515,8
717,-76.141884,8
718,-85.49084,8
719,-101.27551,8
720,-144.12706,9
721,-157.38109,9
722,-140.34645,9
723,-123.48483,9
724,-146.70422,9
725,-101.03505,9
726,-87.483,9
727,-98.8382,9
728,-135.00694,9
729,-151.02518,9
730,-152.1061,9
731,-99.61279,9
732,-109.13741,9
733,-120.561264,9
734,-123.09974,9
735,-128.2173,9
736,-116.24652,9
737,-153.37279,9
738,-204.4312,9
739,-96.85278,9
740,-143.49149,9
741,-142.76959,9
742,-52.297997,9
743,-170.2893,9
744,-83.223755,9
745,-95.52777,9
746,-112.8504,9
747,-106.71107,9
748,-89.340866,9
749,-127.3775,9
750,-102.58116,9
751,-115.2077,9
752,-66.47994,9
753,-158.73401,9
754,-120.5157,9
755,-96.376976,9
756,-125.42987,9
757,-67.242035,9
758,-158.9527,9
759,-49.997475,9
760,-92.089325,9
761,-150.88239,9
762,-71.38962,9
763,-108.452995,9
764,-144.82562,9
765,-109.1281,9
766,-106.80847,9
767,-160.35043,9
768,-117.134285,9
769,-72.99054,9
770,-148.33388,9
771,-135.4209,9
772,-135.67464,9
773,-133.5771,9
774,-125.985504,9
775,-91.85466,9
776,-154.52466,9
777,-138.50334,9
778,-53.606586,9
779,-76.86337,9
780,-136.00798,9
781,-75.25005,9
782,-97.20053,9
783,-82.60238,9
784,-115.079346,9
785,-115.02872,9
786,-60.97209,9
787,-94.39478,9
788,-139.56943,9
789,-140.36475,9
790,-119.55492,9
791,-108.627716,9
792,-176.5404,9
793,-78.6472,9
794,-165.47456,9
795,-142.53207,9
796,-129.87926,9
797,-110.1185,9
798,-199.58458,9
799,-99.59552,9
