Image,Value,Label
0,154.8899,0
1,-0.007924795,0
2,30.744087,0
3,98.68181,0
4,1.0671523,0
5,5.2394695,0
6,25.51138,0
7,110.70868,0
8,87.80491,0
9,91.69615,0
10,0.04131341,0
11,17.542648,0
12,157.7435,0
13,79.34415,0
14,66.240265,0
15,46.803505,0
16,-4.9806004,0
17,93.01218,0
18,118.00293,0
19,73.71665,0
20,83.03624,0
21,35.87371,0
22,134.95189,0
23,32.962605,0
24,126.67213,0
25,-34.364254,0
26,83.55701,0
27,15.062927,0
28,94.43173,0
29,50.71917,0
30,23.334211,0
31,-3.0507276,0
32,38.320663,0
33,25.491991,0
34,138.99582,0
35,10.089724,0
36,19.90359,0
37,28.454401,0
38,96.36955,0
39,-56.66792,0
40,70.74533,0
41,82.32812,0
42,64.23879,0
43,18.565071,0
44,44.138794,0
45,154.69899,0
46,104.73279,0
47,33.59542,0
48,-3.1940944,0
49,-2.8479693,0
50,-20.146479,0
51,76.150055,0
52,59.824776,0
53,-48.55078,0
54,25.390167,0
55,97.1346,0
56,74.79696,0
57,-9.900343,0
58,125.06755,0
59,-39.371506,0
60,60.76237,0
61,91.36645,0
62,40.789406,0
63,130.21414,0
64,78.290085,0
65,220.16522,0
66,86.14886,0
67,32.3346,0
68,35.16849,0
69,53.40734,0
70,151.66635,0
71,54.78101,0
72,97.26846,0
73,113.00915,0
74,90.36909,0
75,86.19049,0
76,48.88283,0
77,81.303406,0
78,82.38779,0
79,104.26155,0
80,-15.978222,1
81,-27.509903,1
82,-4.567173,1
83,-33.845135,1
84,3.3569071,1
85,-42.049408,1
86,-30.101915,1
87,-17.29202,1
88,12.774687,1
89,-16.093407,1
90,-36.665672,1
91,-20.086864,1
92,-51.307762,1
93,9.93819,1
94,-4.3807373,1
95,-32.03296,1
96,20.783886,1
97,-4.249731,1
98,-23.182331,1
99,12.837784,1
100,-18.537493,1
101,-16.102228,1
102,12.19981,1
103,-19.32801,1
104,-11.109264,1
105,-12.628283,1
106,-41.895515,1
107,3.677029,1
108,-2.9980543,1
109,-5.0383663,1
110,-25.577488,1
111,16.589457,1
112,-7.381771,1
113,9.263876,1
114,-8.810921,1
115,-40.85975,1
116,30.626835,1
117,-31.39529,1
118,-15.579308,1
119,-7.1235676,1
120,-25.036367,1
121,-22.03211,1
122,-58.627243,1
123,-21.218723,1
124,-28.457592,1
125,-20.305275,1
126,0.6317141,1
127,-34.67548,1
128,-22.178797,1
129,-16.475668,1
130,12.711472,1
131,-0.69229865,1
132,2.381779,1
133,-19.790031,1
134,-38.992424,1
135,-32.968414,1
136,-6.6229343,1
137,-20.658104,1
138,-25.729586,1
139,0.23613381,1
140,-12.414988,1
141,-23.370876,1
142,-40.01746,1
143,-15.743298,1
144,-58.470665,1
145,11.661316,1
146,-18.538307,1
147,-13.901047,1
148,22.238663,1
149,-7.9245033,1
150,-3.1236074,1
151,-35.208168,1
152,61.186092,1
153,10.203873,1
154,15.513523,1
155,-5.754799,1
156,-30.316765,1
157,-6.488289,1
158,-35.542603,1
159,-2.689201,1
160,21.352585,2
161,51.61708,2
162,84.01417,2
163,-20.724087,2
164,96.045,2
165,110.58998,2
166,122.556984,2
167,110.22731,2
168,139.42477,2
169,62.460648,2
170,84.31798,2
171,92.10661,2
172,97.85965,2
173,119.92116,2
174,95.94304,2
175,165.95982,2
176,118.298645,2
177,142.96954,2
178,183.48291,2
179,168.13649,2
180,29.677065,2
181,181.7205,2
182,128.2062,2
183,121.35502,2
184,88.20792,2
185,90.568855,2
186,50.73117,2
187,129.8512,2
188,9.85957,2
189,-20.900978,2
190,75.940414,2
191,70.64683,2
192,142.99133,2
193,118.89928,2
194,75.06028,2
195,78.04724,2
196,217.95161,2
197,131.0948,2
198,116.97251,2
199,184.54773,2
200,15.705826,2
201,47.523148,2
202,71.63865,2
203,87.141785,2
204,136.79048,2
205,16.07238,2
206,62.537685,2
207,261.80505,2
208,79.344406,2
209,127.80514,2
210,159.10852,2
211,198.72765,2
212,216.44049,2
213,137.87457,2
214,146.5792,2
215,111.97366,2
216,100.80952,2
217,23.388874,2
218,147.80469,2
219,114.69271,2
220,225.97885,2
221,129.3959,2
222,126.759,2
223,-6.8707657,2
224,56.498848,2
225,101.806435,2
226,264.28073,2
227,91.83087,2
228,95.07635,2
229,55.247234,2
230,126.59395,2
231,64.50534,2
232,87.09424,2
233,154.00337,2
234,217.82574,2
235,173.96198,2
236,-6.7102165,2
237,85.206375,2
238,47.482994,2
239,118.46977,2
240,66.741806,3
241,86.88216,3
242,-20.196507,3
243,54.484425,3
244,88.46527,3
245,73.708405,3
246,103.159035,3
247,61.54917,3
248,7.2220154,3
249,16.697641,3
250,46.022877,3
251,66.010796,3
252,105.68916,3
253,29.257729,3
254,113.925514,3
255,103.78963,3
256,49.468803,3
257,22.01946,3
258,43.81971,3
259,140.25151,3
260,86.1682,3
261,-32.801346,3
262,50.84204,3
263,70.79523,3
264,81.942024,3
265,120.6949,3
266,-62.640686,3
267,29.115688,3
268,204.81375,3
269,96.61466,3
270,56.3754,3
271,83.72057,3
272,9.393253,3
273,25.976917,3
274,92.24332,3
275,21.208298,3
276,99.35661,3
277,32.853394,3
278,95.556915,3
279,6.7384033,3
280,39.82446,3
281,108.17618,3
282,140.35184,3
283,103.96305,3
284,88.252266,3
285,61.581413,3
286,96.208145,3
287,68.12071,3
288,115.2898,3
289,156.31879,3
290,59.798832,3
291,4.2373238,3
292,53.606243,3
293,68.14553,3
294,91.9333,3
295,89.03226,3
296,116.00983,3
297,90.95831,3
298,75.03893,3
299,201.7821,3
300,107.60007,3
301,142.32236,3
302,14.547097,3
303,21.237566,3
304,37.341713,3
305,30.715471,3
306,60.796394,3
307,-12.424335,3
308,34.646824,3
309,139.79675,3
310,179.15475,3
311,38.639217,3
312,31.105116,3
313,21.87225,3
314,40.82946,3
315,58.894386,3
316,-4.3559647,3
317,103.961044,3
318,-52.996273,3
319,122.6264,3
320,169.35403,4
321,106.012924,4
322,88.51471,4
323,95.20928,4
324,130.3747,4
325,78.485016,4
326,153.2803,4
327,66.64615,4
328,123.2863,4
329,65.79834,4
330,96.85589,4
331,121.44896,4
332,73.1889,4
333,47.766365,4
334,106.347824,4
335,72.74391,4
336,43.69001,4
337,192.21985,4
338,70.69174,4
339,122.08812,4
340,176.98409,4
341,24.189112,4
342,162.47589,4
343,158.64944,4
344,119.497086,4
345,67.106316,4
346,83.80597,4
347,86.61822,4
348,27.309504,4
349,111.66872,4
350,131.63586,4
351,210.30327,4
352,108.77724,4
353,61.75384,4
354,134.82455,4
355,141.61276,4
356,246.09009,4
357,145.80891,4
358,115.784744,4
359,33.435707,4
360,122.92263,4
361,154.9235,4
362,120.78606,4
363,54.226864,4
364,111.65539,4
365,122.19475,4
366,214.25584,4
367,134.21373,4
368,67.674446,4
369,61.409554,4
370,101.04051,4
371,116.22897,4
372,71.68852,4
373,22.213657,4
374,146.09055,4
375,76.7236,4
376,106.45418,4
377,95.38429,4
378,135.75769,4
379,141.14551,4
380,149.30127,4
381,102.023094,4
382,70.59686,4
383,42.66286,4
384,175.2037,4
385,86.15357,4
386,77.04708,4
387,112.82798,4
388,148.53673,4
389,141.88098,4
390,132.12398,4
391,91.3498,4
392,103.60789,4
393,151.96808,4
394,61.754395,4
395,162.67155,4
396,155.02538,4
397,4.4930687,4
398,78.83454,4
399,157.60934,4
400,121.884575,5
401,72.482315,5
402,66.37225,5
403,96.27388,5
404,73.07688,5
405,146.36383,5
406,50.25483,5
407,98.83235,5
408,115.79623,5
409,12.070271,5
410,169.41507,5
411,13.20228,5
412,-55.428543,5
413,42.977303,5
414,168.17178,5
415,36.59751,5
416,232.17935,5
417,134.02162,5
418,17.22137,5
419,84.16937,5
420,184.03532,5
421,209.47855,5
422,2.997513,5
423,97.152954,5
424,69.93377,5
425,-84.49747,5
426,33.41903,5
427,106.48526,5
428,79.37597,5
429,62.571545,5
430,128.10538,5
431,76.56845,5
432,147.52081,5
433,157.93205,5
434,51.8199,5
435,207.32446,5
436,-8.384952,5
437,40.19901,5
438,-5.8572044,5
439,-28.00129,5
440,17.262375,5
441,166.89421,5
442,96.03865,5
443,89.65493,5
444,-61.259377,5
445,83.42291,5
446,70.5316,5
447,220.67062,5
448,159.70036,5
449,12.652353,5
450,61.164944,5
451,85.125305,5
452,10.170628,5
453,88.43634,5
454,107.051895,5
455,49.515385,5
456,178.2475,5
457,105.278625,5
458,83.33886,5
459,18.12458,5
460,80.48602,5
461,101.30519,5
462,138.13657,5
463,175.93643,5
464,51.08622,5
465,18.1019,5
466,105.91757,5
467,-44.55989,5
468,26.77237,5
469,116.28123,5
470,82.48956,5
471,90.11672,5
472,122.29566,5
473,122.89203,5
474,83.793015,5
475,87.98363,5
476,115.50879,5
477,104.42902,5
478,61.14354,5
479,129.5506,5
480,105.31444,6
481,124.872284,6
482,147.8609,6
483,200.4742,6
484,63.646484,6
485,216.84221,6
486,133.39345,6
487,241.46298,6
488,311.90698,6
489,198.30093,6
490,138.3433,6
491,92.46816,6
492,127.41012,6
493,163.55066,6
494,136.66846,6
495,232.84523,6
496,193.65387,6
497,172.73709,6
498,61.65532,6
499,397.33868,6
500,145.84949,6
501,155.34183,6
502,106.61909,6
503,170.3612,6
504,167.5799,6
505,103.85713,6
506,253.70847,6
507,224.73352,6
508,191.24904,6
509,272.57816,6
510,239.25198,6
511,160.11243,6
512,79.45407,6
513,165.86899,6
514,171.94214,6
515,166.04132,6
516,240.29073,6
517,114.966736,6
518,125.70235,6
519,62.262913,6
520,284.48462,6
521,143.98734,6
522,208.55005,6
523,111.79598,6
524,318.86343,6
525,102.119675,6
526,185.29944,6
527,129.93353,6
528,187.09282,6
529,113.26672,6
530,144.85303,6
531,220.19702,6
532,326.39746,6
533,58.085148,6
534,247.17303,6
535,206.26541,6
536,200.38971,6
537,110.56272,6
538,96.26836,6
539,160.7069,6
540,149.3927,6
541,92.332436,6
542,82.139336,6
543,156.44211,6
544,177.41203,6
545,101.38932,6
546,207.95935,6
547,215.00148,6
548,180.63596,6
549,178.85913,6
550,204.79346,6
551,220.02594,6
552,40.327965,6
553,217.98077,6
554,222.92937,6
555,181.11295,6
556,194.19379,6
557,230.26907,6
558,140.26764,6
559,158.54733,6
560,103.54033,7
561,42.165325,7
562,42.901154,7
563,75.35767,7
564,117.761696,7
565,135.486,7
566,83.73439,7
567,100.6227,7
568,125.32283,7
569,208.4443,7
570,140.07597,7
571,127.8539,7
572,87.7415,7
573,155.65225,7
574,116.69141,7
575,120.578224,7
576,107.83893,7
577,81.271255,7
578,112.54859,7
579,78.1772,7
580,87.2772,7
581,64.45987,7
582,72.510345,7
583,140.34044,7
584,79.87253,7
585,124.558426,7
586,151.5326,7
587,116.427216,7
588,61.93145,7
589,134.43742,7
590,191.5601,7
591,39.224335,7
592,99.67644,7
593,189.5705,7
594,94.69089,7
595,138.97754,7
596,66.64494,7
597,202.60873,7
598,108.39526,7
599,170.03552,7
600,73.81424,7
601,24.875162,7
602,95.9366,7
603,96.53708,7
604,92.45532,7
605,91.301025,7
606,92.073074,7
607,161.15288,7
608,89.73985,7
609,55.14707,7
610,136.02316,7
611,171.60562,7
612,141.68134,7
613,103.668884,7
614,84.22362,7
615,44.78748,7
616,127.77131,7
617,160.53252,7
618,90.19883,7
619,280.83875,7
620,146.48613,7
621,96.99878,7
622,113.32085,7
623,124.1581,7
624,15.025143,7
625,194.11975,7
626,92.83091,7
627,88.691284,7
628,58.80915,7
629,138.02927,7
630,176.3228,7
631,31.28926,7
632,98.14217,7
633,42.51078,7
634,125.8448,7
635,129.07199,7
636,70.945175,7
637,130.65587,7
638,117.43166,7
639,89.99254,7
640,147.48792,8
641,73.12132,8
642,138.44937,8
643,56.63515,8
644,127.434616,8
645,83.659515,8
646,127.55054,8
647,42.528755,8
648,101.13731,8
649,95.51466,8
650,95.68385,8
651,66.42611,8
652,160.02815,8
653,327.86667,8
654,173.33633,8
655,56.10145,8
656,94.65065,8
657,103.016174,8
658,73.15926,8
659,285.3759,8
660,152.17944,8
661,145.85544,8
662,87.06906,8
663,119.373886,8
664,309.65356,8
665,119.7247,8
666,145.5408,8
667,89.38403,8
668,84.60398,8
669,216.9257,8
670,88.66417,8
671,62.0027,8
672,160.83347,8
673,150.52383,8
674,53.646896,8
675,126.164,8
676,120.40321,8
677,153.0635,8
678,98.85429,8
679,124.18209,8
680,104.20503,8
681,124.15812,8
682,158.70808,8
683,140.68289,8
684,33.898415,8
685,161.78041,8
686,116.62325,8
687,53.955597,8
688,45.721775,8
689,110.21524,8
690,61.74386,8
691,127.360565,8
692,80.51398,8
693,164.39124,8
694,70.181915,8
695,62.519417,8
696,169.78874,8
697,80.194,8
698,14.469608,8
699,74.13328,8
700,111.286316,8
701,50.332596,8
702,93.93693,8
703,110.37565,8
704,93.34239,8
705,147.066,8
706,174.0727,8
707,0.5747149,8
708,11.506676,8
709,116.371155,8
710,60.721664,8
711,60.574646,8
712,39.51265,8
713,126.66634,8
714,54.413017,8
715,129.052,8
716,146.48538,8
717,85.97697,8
718,134.14532,8
719,93.83777,8
720,114.87511,9
721,130.76657,9
722,113.58806,9
723,310.35394,9
724,153.52277,9
725,80.019165,9
726,102.40445,9
727,190.85905,9
728,123.00431,9
729,149.85516,9
730,169.57378,9
731,101.224945,9
732,191.50171,9
733,152.2004,9
734,59.042458,9
735,71.8761,9
736,131.97038,9
737,232.45815,9
738,174.2067,9
739,105.02763,9
740,203.4798,9
741,197.03897,9
742,210.25998,9
743,146.20807,9
744,207.8715,9
745,226.28857,9
746,99.76622,9
747,98.434456,9
748,73.666115,9
749,122.69211,9
750,140.11034,9
751,136.66718,9
752,339.7953,9
753,110.81562,9
754,224.5264,9
755,102.69,9
756,105.431755,9
757,123.631386,9
758,227.20401,9
759,82.37526,9
760,54.044598,9
761,194.53116,9
762,268.07047,9
763,64.3455,9
764,177.14322,9
765,146.94763,9
766,110.155624,9
767,183.32498,9
768,62.102657,9
769,33.50451,9
770,61.07118,9
771,60.99388,9
772,145.28467,9
773,104.34242,9
774,83.64975,9
775,109.60142,9
776,149.67645,9
777,85.42842,9
778,208.70282,9
779,137.91986,9
780,120.34766,9
781,160.34914,9
782,98.520874,9
783,61.700737,9
784,136.2098,9
785,164.42215,9
786,161.06764,9
787,105.23562,9
788,109.19847,9
789,128.08145,9
790,155.10808,9
791,118.754555,9
792,137.98161,9
793,201.90582,9
794,196.31276,9
795,204.48479,9
796,166.68723,9
797,92.8732,9
798,149.64655,9
799,63.370567,9
