Image,Value,Label
0,61.3067,0
1,-18.340197,0
2,34.416687,0
3,-31.284094,0
4,-68.26859,0
5,-69.623985,0
6,-29.226904,0
7,16.602503,0
8,18.22281,0
9,-39.987396,0
10,-37.776253,0
11,-19.241407,0
12,-27.368917,0
13,-11.873649,0
14,30.664736,0
15,-12.276423,0
16,-21.305891,0
17,25.56663,0
18,-48.453194,0
19,24.480196,0
20,-72.09396,0
21,-7.8487,0
22,-4.1539903,0
23,-14.596381,0
24,97.96186,0
25,-38.306503,0
26,16.447268,0
27,-65.92754,0
28,-14.903968,0
29,19.284266,0
30,-34.297493,0
31,-58.50373,0
32,26.860651,0
33,-44.347237,0
34,-25.210302,0
35,-79.729546,0
36,-61.98436,0
37,-26.203718,0
38,-46.444435,0
39,-70.264595,0
40,-25.146276,0
41,-71.85797,0
42,-115.15332,0
43,-9.875075,0
44,-49.840935,0
45,-29.277182,0
46,-63.708977,0
47,-68.74779,0
48,5.6873946,0
49,-26.330435,0
50,-50.120464,0
51,-18.983213,0
52,-26.770163,0
53,-46.198044,0
54,47.301243,0
55,43.661423,0
56,-46.19847,0
57,-11.490741,0
58,-119.69346,0
59,-52.151375,0
60,8.040978,0
61,-41.369057,0
62,-33.452415,0
63,5.5793853,0
64,-57.10456,0
65,-108.68089,0
66,-10.60234,0
67,-50.85383,0
68,13.797364,0
69,0.08313129,0
70,-6.5504823,0
71,14.154901,0
72,-62.451065,0
73,-118.25118,0
74,-46.301155,0
75,30.595713,0
76,5.341882,0
77,-92.28243,0
78,147.90433,0
79,88.44636,0
80,-13.505542,1
81,37.00823,1
82,-13.626189,1
83,34.72465,1
84,-30.293697,1
85,-15.247291,1
86,17.441656,1
87,33.3994,1
88,7.928452,1
89,-40.21453,1
90,-1.7659659,1
91,7.528909,1
92,-4.552344,1
93,-30.690676,1
94,-107.640594,1
95,-4.9480557,1
96,-44.09914,1
97,-16.092873,1
98,19.074589,1
99,20.342909,1
100,44.581333,1
101,-24.390455,1
102,-51.6386,1
103,2.1412864,1
104,-3.0383878,1
105,46.012077,1
106,-59.724384,1
107,-26.897837,1
108,-16.990108,1
109,-15.805924,1
110,-50.128574,1
111,14.359033,1
112,-19.711042,1
113,-36.315903,1
114,-19.194342,1
115,-9.115493,1
116,-22.659056,1
117,-22.499002,1
118,-26.431654,1
119,-25.441317,1
120,-4.978518,1
121,9.028249,1
122,-16.652998,1
123,2.1386847,1
124,-2.7435575,1
125,-6.085194,1
126,-19.864689,1
127,-4.2445874,1
128,-11.80305,1
129,-4.1805577,1
130,-43.21209,1
131,-12.168517,1
132,18.15175,1
133,-19.305555,1
134,13.276917,1
135,-23.153795,1
136,-0.8161855,1
137,11.1172285,1
138,-38.21875,1
139,26.117838,1
140,21.313679,1
141,-2.3712888,1
142,-46.937614,1
143,-34.20437,1
144,-30.001951,1
145,-19.282564,1
146,20.192522,1
147,-12.9493475,1
148,31.151793,1
149,-49.8981,1
150,-45.401752,1
151,-52.238655,1
152,27.115976,1
153,-34.605347,1
154,10.159034,1
155,-50.426903,1
156,-63.68724,1
157,-16.731777,1
158,30.106836,1
159,18.438416,1
160,10.936273,2
161,50.779022,2
162,10.441159,2
163,23.040625,2
164,-12.493613,2
165,28.968378,2
166,45.381493,2
167,5.853349,2
168,80.978645,2
169,51.011116,2
170,68.72178,2
171,61.879204,2
172,58.76142,2
173,-36.54071,2
174,-58.212364,2
175,82.421036,2
176,11.219384,2
177,94.39878,2
178,7.733827,2
179,82.79013,2
180,-34.340626,2
181,17.241358,2
182,-50.22149,2
183,89.838585,2
184,30.063532,2
185,113.67152,2
186,-99.25531,2
187,7.159574,2
188,34.299427,2
189,55.170887,2
190,29.004488,2
191,-46.674606,2
192,72.75646,2
193,13.682603,2
194,0.8151107,2
195,-2.93117,2
196,68.82278,2
197,27.291893,2
198,101.909546,2
199,46.9514,2
200,25.01349,2
201,-12.6848135,2
202,29.58523,2
203,148.41832,2
204,104.05532,2
205,81.24956,2
206,5.806894,2
207,74.3044,2
208,10.995812,2
209,-1.5979753,2
210,-28.211859,2
211,97.1084,2
212,-24.594183,2
213,32.68332,2
214,53.8191,2
215,1.8635421,2
216,48.235985,2
217,56.41445,2
218,1.2724929,2
219,102.2783,2
220,122.72898,2
221,113.030914,2
222,29.05311,2
223,-24.678755,2
224,94.943665,2
225,90.147255,2
226,232.92738,2
227,25.015192,2
228,68.45174,2
229,10.6394205,2
230,73.156654,2
231,-43.318317,2
232,38.322163,2
233,181.53348,2
234,9.511422,2
235,9.973786,2
236,15.574803,2
237,-1.2543244,2
238,-12.882533,2
239,-65.7387,2
240,-5.5037293,3
241,18.006517,3
242,-7.002894,3
243,38.843666,3
244,-24.06944,3
245,-4.988837,3
246,-30.986639,3
247,55.9205,3
248,15.585229,3
249,47.66353,3
250,8.479272,3
251,33.731884,3
252,-6.051329,3
253,-18.213545,3
254,25.706713,3
255,-0.5290818,3
256,45.452488,3
257,2.7226272,3
258,10.535256,3
259,-36.193703,3
260,-6.7454743,3
261,6.3375564,3
262,46.56597,3
263,-25.989374,3
264,113.81005,3
265,-36.946747,3
266,-7.861304,3
267,7.016214,3
268,32.56659,3
269,131.02953,3
270,21.00826,3
271,-26.133802,3
272,1.6770415,3
273,-9.895843,3
274,-8.408404,3
275,20.041994,3
276,35.989548,3
277,1.8813834,3
278,39.43038,3
279,-30.073812,3
280,28.210955,3
281,12.292512,3
282,-7.0499024,3
283,-28.572004,3
284,93.791176,3
285,34.98584,3
286,-34.815994,3
287,-97.00429,3
288,11.09739,3
289,-33.548378,3
290,4.7479415,3
291,11.750176,3
292,-19.019758,3
293,78.06013,3
294,-1.2807603,3
295,-35.474174,3
296,15.144696,3
297,68.25326,3
298,-40.71225,3
299,-4.3852754,3
300,45.230278,3
301,-73.17298,3
302,6.443708,3
303,11.933732,3
304,6.2972884,3
305,-0.5624261,3
306,20.44464,3
307,24.374311,3
308,26.063597,3
309,14.757585,3
310,5.5987945,3
311,2.5297942,3
312,-0.9884858,3
313,-14.357959,3
314,33.567818,3
315,-9.260818,3
316,5.9421935,3
317,12.792336,3
318,4.2308135,3
319,183.99971,3
320,-114.54593,4
321,-13.299537,4
322,-29.584852,4
323,-19.663221,4
324,-69.59669,4
325,-34.86861,4
326,-79.79888,4
327,-24.38024,4
328,-38.30436,4
329,-27.69406,4
330,-21.867807,4
331,-33.231346,4
332,-33.030144,4
333,28.62192,4
334,-38.153233,4
335,-40.619747,4
336,-32.02939,4
337,-3.5076585,4
338,3.5102706,4
339,-51.39367,4
340,12.0914545,4
341,-25.026667,4
342,-64.74764,4
343,-61.18065,4
344,-49.40989,4
345,-61.37576,4
346,-36.41369,4
347,-4.470122,4
348,-27.975885,4
349,-49.441154,4
350,-70.94081,4
351,19.963686,4
352,-101.72406,4
353,-62.20382,4
354,64.30098,4
355,-10.633033,4
356,-18.86804,4
357,-16.920355,4
358,-124.024086,4
359,-2.6909585,4
360,-47.376263,4
361,-58.429337,4
362,5.269014,4
363,-16.88996,4
364,-25.792486,4
365,-30.954565,4
366,16.684092,4
367,-19.404768,4
368,-81.889366,4
369,-16.938074,4
370,-18.76969,4
371,-86.73896,4
372,-15.235766,4
373,-31.827356,4
374,-14.871711,4
375,-53.79282,4
376,-37.146835,4
377,-46.87497,4
378,-65.689766,4
379,-54.11004,4
380,-54.155457,4
381,-61.41642,4
382,-65.47133,4
383,-35.306908,4
384,-58.36786,4
385,-70.0707,4
386,-47.560215,4
387,-54.84057,4
388,-55.241257,4
389,-69.76408,4
390,23.787718,4
391,-28.393728,4
392,-46.554718,4
393,-34.974144,4
394,-10.621615,4
395,-12.113914,4
396,-132.78903,4
397,-39.387505,4
398,-95.683846,4
399,-61.98889,4
400,25.12638,5
401,-16.018888,5
402,11.652062,5
403,-40.565865,5
404,36.57321,5
405,43.317215,5
406,-45.01358,5
407,14.338639,5
408,-31.480497,5
409,-54.12337,5
410,18.9592,5
411,-13.475818,5
412,-51.394264,5
413,-23.159323,5
414,-42.133495,5
415,-91.751595,5
416,42.45397,5
417,-97.333626,5
418,-65.49022,5
419,-52.82208,5
420,-92.27438,5
421,15.942361,5
422,-84.898155,5
423,-60.481953,5
424,-38.492344,5
425,-72.80239,5
426,-84.47924,5
427,-51.56585,5
428,0.025758244,5
429,6.062715,5
430,-54.53437,5
431,-15.935672,5
432,-59.6417,5
433,46.111923,5
434,37.614227,5
435,-60.95176,5
436,-4.7527757,5
437,-30.80329,5
438,-141.56117,5
439,-32.388527,5
440,-73.24851,5
441,-4.8689637,5
442,-46.70159,5
443,-38.587692,5
444,-82.04035,5
445,-66.83599,5
446,-92.356514,5
447,-6.4622483,5
448,-126.17333,5
449,15.069802,5
450,-28.52429,5
451,12.515351,5
452,-60.10845,5
453,24.369066,5
454,-58.163902,5
455,-77.74018,5
456,1.5937285,5
457,-68.08098,5
458,-59.948784,5
459,-59.99498,5
460,-90.027016,5
461,-59.084114,5
462,-5.6378694,5
463,-19.999044,5
464,-50.04249,5
465,-28.33777,5
466,-29.092741,5
467,-34.23667,5
468,3.8024764,5
469,-32.206825,5
470,-40.20601,5
471,-49.62523,5
472,22.38349,5
473,-65.779495,5
474,-5.0107713,5
475,-58.85884,5
476,-19.384672,5
477,19.388556,5
478,7.0834365,5
479,-42.96892,5
480,-41.93956,6
481,-1.1440835,6
482,-65.42448,6
483,26.472666,6
484,-23.672632,6
485,1.8968291,6
486,-52.593025,6
487,-29.060492,6
488,12.9080515,6
489,93.055016,6
490,53.77021,6
491,-61.787197,6
492,36.09291,6
493,-12.157973,6
494,12.88165,6
495,-31.063932,6
496,-25.716673,6
497,-41.514977,6
498,-8.103942,6
499,65.88392,6
500,-41.357773,6
501,68.473946,6
502,-38.448746,6
503,22.485098,6
504,-21.501608,6
505,-78.57967,6
506,46.88513,6
507,50.950626,6
508,-46.192265,6
509,94.52148,6
510,36.725403,6
511,-67.047554,6
512,-22.066504,6
513,-31.810305,6
514,26.457693,6
515,35.83754,6
516,-7.9276414,6
517,26.378061,6
518,13.32998,6
519,-35.13987,6
520,-14.02259,6
521,-50.796722,6
522,68.998024,6
523,-14.6730795,6
524,99.35244,6
525,10.1515665,6
526,0.2590842,6
527,-33.0364,6
528,40.979836,6
529,-51.86031,6
530,12.786355,6
531,25.04024,6
532,-16.371,6
533,-27.410128,6
534,-5.469992,6
535,4.546396,6
536,34.551132,6
537,-74.82461,6
538,-33.10726,6
539,13.534287,6
540,0.91694784,6
541,37.34601,6
542,-25.260805,6
543,-9.107512,6
544,29.732187,6
545,-15.8313,6
546,-38.554775,6
547,12.012807,6
548,-47.298676,6
549,26.833757,6
550,26.96676,6
551,65.40273,6
552,-16.936285,6
553,-7.644667,6
554,-25.2396,6
555,20.810999,6
556,-6.232184,6
557,101.164604,6
558,-23.194868,6
559,40.109074,6
560,30.987986,7
561,-20.15758,7
562,-37.1696,7
563,-63.56928,7
564,-70.98866,7
565,-70.22065,7
566,-85.28677,7
567,-70.57239,7
568,-73.16919,7
569,0.96714926,7
570,22.694101,7
571,-68.69279,7
572,-36.662315,7
573,26.18081,7
574,-58.290863,7
575,-42.301086,7
576,-158.8714,7
577,20.640451,7
578,-94.10546,7
579,-20.145056,7
580,-16.120638,7
581,-4.5422616,7
582,-4.7975907,7
583,48.83104,7
584,47.128212,7
585,-28.155346,7
586,-2.7825036,7
587,-15.571601,7
588,-25.487513,7
589,-31.055693,7
590,-94.326195,7
591,-38.642456,7
592,-58.304935,7
593,-82.254234,7
594,-76.37436,7
595,-26.148062,7
596,-102.44332,7
597,-114.87576,7
598,-45.334328,7
599,-71.23625,7
600,-64.64843,7
601,-54.569046,7
602,-133.53784,7
603,-79.28028,7
604,-67.64864,7
605,-44.500114,7
606,7.3725734,7
607,-27.808874,7
608,-32.06878,7
609,-32.311043,7
610,-66.929665,7
611,10.321977,7
612,-20.338175,7
613,-23.455847,7
614,-31.366018,7
615,11.678025,7
616,-67.31014,7
617,-33.8853,7
618,36.523712,7
619,-99.98741,7
620,-12.945277,7
621,-30.901007,7
622,-65.07832,7
623,-13.917281,7
624,-23.423157,7
625,20.923563,7
626,7.641336,7
627,-28.871004,7
628,-30.574816,7
629,-33.1807,7
630,-67.21635,7
631,-19.59685,7
632,-57.453323,7
633,-2.5745988,7
634,-17.226936,7
635,-45.415604,7
636,-28.902578,7
637,-13.620013,7
638,-10.178672,7
639,-13.804662,7
640,-153.80437,8
641,-46.875053,8
642,-18.918722,8
643,-39.586395,8
644,-95.15827,8
645,-44.40554,8
646,-96.30993,8
647,-70.49367,8
648,-73.63166,8
649,-73.29111,8
650,-135.94608,8
651,-33.490738,8
652,-125.78715,8
653,-100.12202,8
654,-93.782585,8
655,-29.372068,8
656,-27.064466,8
657,-50.8376,8
658,-75.85574,8
659,-181.86205,8
660,-128.51157,8
661,-142.98982,8
662,-127.585075,8
663,-75.421196,8
664,-80.16691,8
665,-35.067444,8
666,-132.97289,8
667,-52.10215,8
668,-47.383186,8
669,-134.749,8
670,-99.756454,8
671,-37.44628,8
672,-26.58727,8
673,-180.76233,8
674,-26.493673,8
675,-78.02212,8
676,-162.89088,8
677,-135.74547,8
678,-95.89083,8
679,-83.60034,8
680,-95.18066,8
681,-71.64371,8
682,-91.97918,8
683,-72.74589,8
684,-70.872856,8
685,-62.33748,8
686,-34.186714,8
687,-163.8597,8
688,-88.49873,8
689,-83.460686,8
690,-167.44586,8
691,-150.5558,8
692,-63.51786,8
693,-154.678,8
694,-117.19081,8
695,-67.44332,8
696,-46.685234,8
697,-56.387367,8
698,-46.334747,8
699,-174.05817,8
700,-104.88566,8
701,-106.023994,8
702,-18.497198,8
703,-82.00284,8
704,-101.41218,8
705,-106.26125,8
706,-118.69486,8
707,-114.075294,8
708,-59.87762,8
709,-104.364265,8
710,-15.091788,8
711,-78.16311,8
712,-101.21464,8
713,-24.72334,8
714,-61.4864,8
715,-78.27282,8
716,-48.20765,8
717,-56.775665,8
718,-79.25016,8
719,-64.065674,8
720,-62.602325,9
721,-52.793186,9
722,-31.711256,9
723,-83.630424,9
724,-80.63564,9
725,-13.372851,9
726,-23.81315,9
727,-78.61849,9
728,-40.99483,9
729,-92.4792,9
730,-30.753363,9
731,-78.43516,9
732,2.2535644,9
733,-76.711296,9
734,-56.907898,9
735,-47.412815,9
736,-71.97335,9
737,-91.19839,9
738,-88.193115,9
739,-46.26989,9
740,-94.06938,9
741,-80.2979,9
742,12.914941,9
743,-95.038994,9
744,2.4417052,9
745,-45.157417,9
746,-42.477173,9
747,-36.25668,9
748,-33.53855,9
749,-71.02475,9
750,-64.99784,9
751,-19.108362,9
752,-59.220978,9
753,-58.295265,9
754,-83.054214,9
755,-52.84449,9
756,-37.856323,9
757,-23.005636,9
758,-83.83512,9
759,-60.35114,9
760,39.501633,9
761,-120.103676,9
762,-44.06299,9
763,-96.971886,9
764,-15.200126,9
765,-67.732895,9
766,-71.62444,9
767,-98.99746,9
768,-36.219933,9
769,18.792398,9
770,-29.447126,9
771,-56.77546,9
772,-65.21013,9
773,-40.289234,9
774,-36.188072,9
775,-55.82531,9
776,-63.59394,9
777,-68.66601,9
778,-50.058815,9
779,-59.257965,9
780,-47.742386,9
781,-30.263556,9
782,-60.924683,9
783,19.408892,9
784,-59.16834,9
785,-87.3395,9
786,10.426385,9
787,-45.513214,9
788,-56.595398,9
789,-84.292244,9
790,-75.286125,9
791,-1.3117509,9
792,-69.73533,9
793,-12.275786,9
794,-105.20124,9
795,-115.3416,9
796,-63.46166,9
797,-31.735273,9
798,-113.823326,9
799,-14.943797,9
