Image,Value,Label
0,-10.704199,0
1,-46.080837,0
2,17.84915,0
3,-3.1520555,0
4,-40.669724,0
5,-47.321896,0
6,-52.721848,0
7,-29.665464,0
8,5.401514,0
9,-10.975,0
10,-107.03158,0
11,0.12063803,0
12,27.359404,0
13,-8.028521,0
14,0.20803846,0
15,-16.107588,0
16,-60.27035,0
17,-1.4750232,0
18,23.751104,0
19,-14.989553,0
20,-25.73829,0
21,-40.76734,0
22,14.732649,0
23,-35.57457,0
24,43.415516,0
25,-57.106422,0
26,28.313665,0
27,-60.156994,0
28,-34.47304,0
29,-0.77959526,0
30,-78.37391,0
31,-95.09896,0
32,27.558428,0
33,-56.767433,0
34,-52.559334,0
35,4.736635,0
36,-22.744862,0
37,-1.5931491,0
38,-50.984447,0
39,-62.440376,0
40,9.885466,0
41,-41.256237,0
42,-91.23945,0
43,-58.581142,0
44,-48.453587,0
45,-55.756737,0
46,-92.890656,0
47,-31.499123,0
48,-46.767113,0
49,-54.962887,0
50,7.0332737,0
51,-50.02827,0
52,-34.99759,0
53,-29.050407,0
54,12.381811,0
55,29.456167,0
56,1.5459806,0
57,-31.240633,0
58,-2.1354654,0
59,-78.085625,0
60,14.584551,0
61,-0.25021538,0
62,-43.7641,0
63,-66.612144,0
64,-98.18534,0
65,-51.087395,0
66,-43.28504,0
67,-22.155289,0
68,-40.723763,0
69,22.60421,0
70,-9.641153,0
71,-43.456314,0
72,29.30068,0
73,-92.19559,0
74,-21.388956,0
75,11.404909,0
76,-54.9857,0
77,-8.235117,0
78,-7.9050426,0
79,18.544098,0
80,-75.44898,1
81,-32.615334,1
82,-64.54531,1
83,-56.878883,1
84,-57.801796,1
85,-96.25026,1
86,-65.92213,1
87,-59.684708,1
88,-62.685654,1
89,-77.777756,1
90,-52.11639,1
91,-56.13273,1
92,-58.121872,1
93,-86.69696,1
94,-98.09171,1
95,-55.14698,1
96,-82.50619,1
97,-52.71821,1
98,-65.36637,1
99,-67.3134,1
100,-47.952637,1
101,-67.50887,1
102,-85.91187,1
103,-52.13711,1
104,-58.35918,1
105,-49.827637,1
106,-74.03684,1
107,-79.17193,1
108,-64.09917,1
109,-49.755325,1
110,-83.95043,1
111,-67.42046,1
112,-78.07365,1
113,-86.475044,1
114,-65.660164,1
115,-57.201706,1
116,-90.24494,1
117,-60.21245,1
118,-76.47638,1
119,-56.127907,1
120,-64.90058,1
121,-55.99424,1
122,-48.326645,1
123,-80.983055,1
124,-50.32542,1
125,-47.211655,1
126,-46.982914,1
127,-58.559746,1
128,-60.695263,1
129,-46.692924,1
130,-69.74795,1
131,-61.81762,1
132,-44.907124,1
133,-58.095257,1
134,-51.14976,1
135,-69.75872,1
136,-82.36376,1
137,-56.679928,1
138,-85.33353,1
139,-67.464935,1
140,-70.45448,1
141,-51.884895,1
142,-76.14847,1
143,-78.60901,1
144,-54.542885,1
145,-76.03091,1
146,-69.37114,1
147,-75.995346,1
148,-75.6509,1
149,-84.08528,1
150,-86.25579,1
151,-80.22011,1
152,-73.30502,1
153,-86.355896,1
154,-69.693855,1
155,-79.699104,1
156,-91.798676,1
157,-57.5101,1
158,-63.754295,1
159,-87.21651,1
160,-48.942955,2
161,-36.03764,2
162,-28.493818,2
163,-28.450735,2
164,-29.900387,2
165,-37.5224,2
166,-91.68136,2
167,13.596758,2
168,-54.28428,2
169,-39.044228,2
170,-47.77192,2
171,-18.281555,2
172,-37.47955,2
173,-49.693832,2
174,-33.45324,2
175,-30.682634,2
176,-59.615074,2
177,-6.687647,2
178,-59.90608,2
179,-80.33207,2
180,-35.217674,2
181,-71.17219,2
182,-20.40918,2
183,-29.794374,2
184,-13.491337,2
185,-1.9731196,2
186,-81.67887,2
187,-16.871668,2
188,-25.187899,2
189,-58.904465,2
190,-74.756004,2
191,-47.120205,2
192,19.096628,2
193,-34.533115,2
194,-82.769585,2
195,-54.784317,2
196,-55.489212,2
197,-25.701925,2
198,-65.49639,2
199,-49.45407,2
200,-32.215958,2
201,-29.51106,2
202,-46.98925,2
203,-61.26002,2
204,-63.05962,2
205,-44.572647,2
206,-36.775986,2
207,-68.22758,2
208,-64.952675,2
209,-29.500528,2
210,-96.73764,2
211,-22.95425,2
212,71.939964,2
213,-10.09606,2
214,7.166746,2
215,-55.308914,2
216,-23.847658,2
217,-70.8048,2
218,-45.859062,2
219,51.2469,2
220,-27.23327,2
221,-28.597805,2
222,-30.18405,2
223,-58.735596,2
224,-74.470634,2
225,11.227209,2
226,-27.805079,2
227,-99.040276,2
228,-32.0988,2
229,-3.5442235,2
230,-50.51364,2
231,-21.208044,2
232,-48.32313,2
233,30.899017,2
234,-45.415123,2
235,-8.898148,2
236,-35.892704,2
237,6.1709843,2
238,-22.823275,2
239,-7.578945,2
240,-51.86549,3
241,-68.74107,3
242,-44.394062,3
243,-32.09855,3
244,-40.561005,3
245,-56.143818,3
246,-62.09415,3
247,-70.30555,3
248,-57.09034,3
249,-36.60011,3
250,-23.799412,3
251,-74.0666,3
252,-52.660534,3
253,-32.281532,3
254,-52.613403,3
255,-75.97334,3
256,-40.833286,3
257,-25.070036,3
258,-48.74362,3
259,-81.005775,3
260,-45.62153,3
261,-58.151108,3
262,-71.66823,3
263,-43.50298,3
264,-39.98097,3
265,-39.28185,3
266,-66.04246,3
267,-61.905823,3
268,-81.826294,3
269,-16.831388,3
270,-50.9439,3
271,-56.256542,3
272,-64.42361,3
273,-82.8183,3
274,-17.431475,3
275,-54.496483,3
276,-48.468323,3
277,-53.599274,3
278,-56.273952,3
279,-79.3268,3
280,-84.554726,3
281,-39.28229,3
282,-78.90956,3
283,-52.85914,3
284,-96.02169,3
285,-66.7593,3
286,-32.70258,3
287,-57.43224,3
288,-51.504215,3
289,8.493357,3
290,-55.466137,3
291,-76.22337,3
292,-78.98799,3
293,-15.695087,3
294,-85.50884,3
295,-102.89541,3
296,-60.77977,3
297,-62.98326,3
298,-63.620354,3
299,-67.05443,3
300,-73.51554,3
301,-90.38416,3
302,-53.062607,3
303,-61.311153,3
304,-60.26273,3
305,-56.156208,3
306,-42.354095,3
307,-44.89747,3
308,-42.20143,3
309,-64.60359,3
310,-49.815166,3
311,-56.620552,3
312,-56.94864,3
313,-54.52235,3
314,-70.57231,3
315,-56.395737,3
316,-58.700077,3
317,-54.49383,3
318,-44.707336,3
319,-59.80658,3
320,-65.14372,4
321,-64.82755,4
322,-63.593445,4
323,-54.580376,4
324,-31.72941,4
325,-64.40107,4
326,-95.895966,4
327,-62.232773,4
328,-70.84623,4
329,-61.504185,4
330,-20.000963,4
331,-51.888714,4
332,-72.80164,4
333,-25.086617,4
334,-72.20612,4
335,-57.94359,4
336,-32.63786,4
337,-5.226259,4
338,-51.018654,4
339,-87.941086,4
340,-12.410585,4
341,-68.18696,4
342,-62.000862,4
343,-58.61725,4
344,-76.83824,4
345,-94.483345,4
346,-57.971813,4
347,-4.068678,4
348,-59.054054,4
349,-59.120476,4
350,-74.858345,4
351,51.78027,4
352,-84.03837,4
353,-49.754593,4
354,-6.136427,4
355,-40.788124,4
356,-47.064915,4
357,-27.33917,4
358,-65.49603,4
359,-33.313187,4
360,-69.16992,4
361,-69.124886,4
362,-28.844244,4
363,-32.57832,4
364,-35.774075,4
365,-52.470284,4
366,-37.62084,4
367,-50.220276,4
368,-89.91584,4
369,-69.27592,4
370,-32.432552,4
371,-65.52816,4
372,-37.46315,4
373,-96.79671,4
374,-17.741148,4
375,-114.15065,4
376,-65.98922,4
377,-71.04719,4
378,-62.77002,4
379,-9.606031,4
380,-80.35844,4
381,-62.58459,4
382,-82.27588,4
383,-72.28413,4
384,-61.60083,4
385,-67.51464,4
386,-92.36238,4
387,-68.89944,4
388,-49.24733,4
389,-63.26407,4
390,3.29583,4
391,-76.58509,4
392,-107.286385,4
393,-16.370823,4
394,-29.743483,4
395,-8.835678,4
396,-104.54925,4
397,-50.45774,4
398,-23.568686,4
399,-50.87313,4
400,-33.308933,5
401,6.4586773,5
402,-24.544222,5
403,-0.7375201,5
404,-4.889559,5
405,11.377382,5
406,-7.799799,5
407,-9.001686,5
408,18.201326,5
409,-33.79838,5
410,-27.005232,5
411,-46.423584,5
412,-55.83385,5
413,-55.86377,5
414,10.393904,5
415,-39.472603,5
416,89.00621,5
417,-42.10488,5
418,-48.45089,5
419,-25.643517,5
420,5.500574,5
421,9.143778,5
422,-66.824974,5
423,-8.067575,5
424,-21.005255,5
425,-65.952446,5
426,-59.36295,5
427,-5.7932987,5
428,-19.301485,5
429,-4.6049137,5
430,12.967459,5
431,-12.040304,5
432,87.36745,5
433,-19.26132,5
434,-5.7312126,5
435,13.54492,5
436,-64.11063,5
437,-29.169535,5
438,-55.565636,5
439,-56.849228,5
440,-39.58623,5
441,-16.146372,5
442,3.855055,5
443,-45.026047,5
444,-99.97937,5
445,11.283407,5
446,-17.493162,5
447,-3.1915033,5
448,-9.632437,5
449,-58.44757,5
450,-22.448553,5
451,17.361692,5
452,-57.13236,5
453,1.574793,5
454,-27.343863,5
455,-20.320684,5
456,7.977064,5
457,-30.81096,5
458,-8.65481,5
459,-35.424053,5
460,-14.652412,5
461,-58.06145,5
462,-5.4887676,5
463,44.514595,5
464,-25.817984,5
465,-25.51229,5
466,11.052328,5
467,-56.922302,5
468,-5.2813015,5
469,-1.4898814,5
470,-24.673174,5
471,-31.40016,5
472,16.35406,5
473,62.023716,5
474,-5.119631,5
475,-38.218758,5
476,-17.89488,5
477,0.95883,5
478,-4.3542423,5
479,21.464628,5
480,-37.04409,6
481,-85.946365,6
482,-11.589388,6
483,-22.258059,6
484,-12.733875,6
485,-9.832258,6
486,-3.3061063,6
487,-6.529108,6
488,-58.763268,6
489,21.358,6
490,-22.690533,6
491,-16.376413,6
492,-44.712982,6
493,-0.582857,6
494,-38.722893,6
495,-56.547367,6
496,-64.94016,6
497,-0.1253451,6
498,-41.34503,6
499,-102.32203,6
500,-27.224903,6
501,-24.243874,6
502,-22.69821,6
503,-30.728292,6
504,-46.339962,6
505,-71.23519,6
506,-36.55795,6
507,-9.078754,6
508,-84.220955,6
509,3.6065466,6
510,17.325285,6
511,-3.39908,6
512,-38.515724,6
513,5.3538456,6
514,-8.814426,6
515,-11.383511,6
516,-52.81342,6
517,-23.36484,6
518,-26.791702,6
519,-40.31533,6
520,-45.035656,6
521,-6.4661503,6
522,20.010162,6
523,-42.35836,6
524,50.04511,6
525,-12.116789,6
526,-20.669685,6
527,-4.2971115,6
528,15.5030575,6
529,-22.478529,6
530,-58.840073,6
531,-22.639252,6
532,-20.23781,6
533,-52.297176,6
534,-83.796005,6
535,-49.74285,6
536,20.088465,6
537,-34.999832,6
538,-15.16291,6
539,-51.02291,6
540,-27.62327,6
541,-27.72811,6
542,-40.963623,6
543,-46.705833,6
544,-27.41667,6
545,-27.696379,6
546,-25.569479,6
547,-16.169159,6
548,-63.988766,6
549,-8.7240505,6
550,11.465967,6
551,-39.82797,6
552,-20.611595,6
553,-36.144848,6
554,-29.274984,6
555,-19.350561,6
556,-43.74494,6
557,-5.4397507,6
558,-13.33045,6
559,-34.065346,6
560,-69.6983,7
561,-89.42013,7
562,-39.91615,7
563,-109.591255,7
564,-71.45697,7
565,-84.62206,7
566,-32.341873,7
567,-79.13331,7
568,-36.068146,7
569,-74.61382,7
570,-10.674555,7
571,-51.782043,7
572,-99.98808,7
573,19.141424,7
574,-61.34721,7
575,-44.81098,7
576,-58.706627,7
577,-86.80799,7
578,-81.99168,7
579,-90.52584,7
580,-105.4977,7
581,-61.830265,7
582,-60.288067,7
583,-47.6644,7
584,-53.956177,7
585,-52.91364,7
586,-109.166756,7
587,-88.91706,7
588,-61.091476,7
589,-61.288254,7
590,-46.283684,7
591,-47.234344,7
592,-27.42423,7
593,-131.6873,7
594,-93.45785,7
595,-54.809044,7
596,-51.14865,7
597,-83.02471,7
598,-28.855993,7
599,-39.891113,7
600,-43.63366,7
601,-84.05769,7
602,-93.86457,7
603,-104.34254,7
604,-83.26206,7
605,-31.4648,7
606,-9.914312,7
607,-28.93638,7
608,-66.54896,7
609,-62.557888,7
610,-135.8567,7
611,-34.937294,7
612,-43.017586,7
613,-44.808052,7
614,-51.822334,7
615,-60.13578,7
616,-56.826447,7
617,-69.951836,7
618,-38.31764,7
619,-130.56825,7
620,-109.83274,7
621,-69.16898,7
622,-53.290882,7
623,-25.084806,7
624,-49.73798,7
625,-43.51963,7
626,-93.85863,7
627,-65.364365,7
628,-57.441338,7
629,-79.503426,7
630,-74.679,7
631,-65.100044,7
632,-62.650852,7
633,-74.39913,7
634,-50.414062,7
635,-71.2376,7
636,-38.598774,7
637,-49.78457,7
638,-103.57533,7
639,-95.834496,7
640,-36.77658,8
641,-33.84167,8
642,-42.037846,8
643,-50.88902,8
644,-71.10734,8
645,-18.412468,8
646,-50.28971,8
647,-35.769447,8
648,-20.615046,8
649,-24.659842,8
650,-47.500366,8
651,-24.46605,8
652,-23.562273,8
653,35.212334,8
654,-18.421728,8
655,-17.4992,8
656,-49.2047,8
657,-0.9205073,8
658,-16.733208,8
659,-25.21766,8
660,-26.563425,8
661,-39.42569,8
662,-36.61462,8
663,-19.47964,8
664,-35.366955,8
665,-2.3132074,8
666,-69.57461,8
667,-4.078993,8
668,4.918457,8
669,-57.539246,8
670,-34.26409,8
671,-19.55477,8
672,-47.842346,8
673,-77.9511,8
674,-86.21646,8
675,-40.353657,8
676,-61.30202,8
677,-35.086292,8
678,-46.72033,8
679,-42.74425,8
680,-50.28778,8
681,-9.248219,8
682,-51.484734,8
683,-36.37274,8
684,-67.58532,8
685,-42.732353,8
686,-26.322975,8
687,-38.856888,8
688,-23.759954,8
689,-33.09026,8
690,-117.49152,8
691,-54.93827,8
692,-29.51427,8
693,-64.79766,8
694,-54.459724,8
695,-46.03789,8
696,11.144896,8
697,-30.912502,8
698,-60.07068,8
699,-87.52906,8
700,-39.684364,8
701,-64.48643,8
702,-23.954157,8
703,-27.277891,8
704,-61.694016,8
705,-54.78425,8
706,-18.61661,8
707,-69.580925,8
708,-61.28924,8
709,-44.21588,8
710,-6.702667,8
711,-27.007679,8
712,-58.06353,8
713,-10.325651,8
714,-62.656555,8
715,-50.97155,8
716,20.930447,8
717,-18.142155,8
718,6.981039,8
719,-26.353207,8
720,-58.201622,9
721,-50.7648,9
722,34.48358,9
723,-23.835756,9
724,-26.97436,9
725,-55.40349,9
726,-54.213516,9
727,-16.208727,9
728,-24.477116,9
729,-4.199953,9
730,-2.0427988,9
731,-37.22342,9
732,-8.662931,9
733,-35.6942,9
734,-68.28864,9
735,-73.67454,9
736,-47.741875,9
737,8.516317,9
738,-35.38302,9
739,-31.328844,9
740,-44.04624,9
741,48.975212,9
742,-33.71733,9
743,-69.503845,9
744,53.890644,9
745,7.241934,9
746,-68.15737,9
747,-27.41591,9
748,-49.09035,9
749,-76.247574,9
750,-9.724924,9
751,-38.202873,9
752,-6.6134663,9
753,-80.230385,9
754,42.31568,9
755,-31.694546,9
756,-10.196554,9
757,-5.829199,9
758,37.643745,9
759,-10.228098,9
760,-45.631668,9
761,-38.636116,9
762,35.62267,9
763,-75.78795,9
764,-7.209791,9
765,-7.2027874,9
766,-49.92296,9
767,-25.904451,9
768,-60.72499,9
769,-36.048492,9
770,-71.897255,9
771,-64.87504,9
772,4.6529636,9
773,-80.26054,9
774,-33.979748,9
775,-44.213943,9
776,-43.350246,9
777,-59.768982,9
778,40.0209,9
779,-26.94833,9
780,-64.762596,9
781,47.88232,9
782,-43.272846,9
783,-57.660133,9
784,-11.402948,9
785,-34.51351,9
786,32.0279,9
787,-48.94763,9
788,-59.709396,9
789,-80.48748,9
790,-28.638521,9
791,14.172529,9
792,-77.575836,9
793,80.40307,9
794,-9.425444,9
795,-57.1561,9
796,-21.995844,9
797,-49.914238,9
798,-95.31701,9
799,-53.921104,9
