Image,Value,Label
0,407.65707,0
1,143.49144,0
2,201.47615,0
3,300.48288,0
4,237.23872,0
5,193.23183,0
6,211.45815,0
7,321.08463,0
8,270.1188,0
9,199.07628,0
10,135.52724,0
11,235.81946,0
12,433.07074,0
13,277.0674,0
14,278.99887,0
15,186.63734,0
16,161.2178,0
17,298.16592,0
18,320.57492,0
19,242.80888,0
20,349.39014,0
21,194.3575,0
22,364.44046,0
23,162.63362,0
24,413.00018,0
25,110.66032,0
26,283.51065,0
27,172.70143,0
28,321.84402,0
29,193.70876,0
30,157.89157,0
31,192.2737,0
32,246.29106,0
33,255.46391,0
34,275.2853,0
35,267.61703,0
36,186.77243,0
37,170.65858,0
38,219.4301,0
39,111.634575,0
40,288.77066,0
41,299.79028,0
42,324.3303,0
43,192.16246,0
44,195.59679,0
45,246.0807,0
46,191.6458,0
47,250.03282,0
48,127.633446,0
49,138.46939,0
50,206.76797,0
51,208.94612,0
52,127.953476,0
53,198.32085,0
54,265.69455,0
55,290.34048,0
56,278.66336,0
57,125.26657,0
58,357.24808,0
59,138.39534,0
60,202.66606,0
61,242.12552,0
62,215.43843,0
63,326.98172,0
64,141.4043,0
65,352.41196,0
66,199.41417,0
67,232.82185,0
68,182.99141,0
69,296.09247,0
70,380.1246,0
71,254.2104,0
72,339.41437,0
73,258.39578,0
74,302.49612,0
75,278.4003,0
76,177.65236,0
77,345.03226,0
78,250.65808,0
79,347.15012,0
80,-4.4229074,1
81,34.651825,1
82,-9.817858,1
83,3.4830184,1
84,-22.5429,1
85,-9.967836,1
86,11.063929,1
87,15.468912,1
88,-11.692732,1
89,40.20203,1
90,-5.635237,1
91,-3.5313172,1
92,82.37422,1
93,20.49611,1
94,20.3155,1
95,-6.7595983,1
96,-18.42794,1
97,-8.235001,1
98,9.430204,1
99,30.644583,1
100,37.80946,1
101,-15.305029,1
102,49.805153,1
103,0.17603445,1
104,-17.904074,1
105,30.326036,1
106,80.13103,1
107,14.889338,1
108,-19.557867,1
109,10.526993,1
110,59.924408,1
111,-7.9236703,1
112,10.252359,1
113,17.624044,1
114,9.266123,1
115,-1.9328332,1
116,-10.491369,1
117,-10.559763,1
118,28.223028,1
119,-12.204771,1
120,-8.667234,1
121,-1.2770448,1
122,66.71932,1
123,-17.613005,1
124,38.125618,1
125,-26.204195,1
126,13.726023,1
127,1.645761,1
128,36.033764,1
129,-31.367254,1
130,-13.272419,1
131,-7.862017,1
132,49.87905,1
133,-1.6457887,1
134,-12.924292,1
135,-4.14255,1
136,-9.935755,1
137,-0.6667886,1
138,-5.891539,1
139,12.553797,1
140,-9.516556,1
141,-20.075182,1
142,61.408115,1
143,-14.68247,1
144,66.05197,1
145,46.584667,1
146,9.740532,1
147,-10.296381,1
148,15.0490055,1
149,28.221445,1
150,-6.150145,1
151,77.85899,1
152,106.78067,1
153,-19.234617,1
154,23.012938,1
155,6.7049613,1
156,99.47089,1
157,-30.585405,1
158,12.834978,1
159,16.047598,1
160,39.56883,2
161,268.6325,2
162,131.98392,2
163,163.91304,2
164,142.59795,2
165,292.67694,2
166,151.85823,2
167,237.47795,2
168,180.77881,2
169,259.80692,2
170,152.80771,2
171,290.24185,2
172,138.29529,2
173,154.60115,2
174,152.86821,2
175,278.30896,2
176,205.82625,2
177,229.00008,2
178,153.38493,2
179,156.47902,2
180,53.95806,2
181,297.6757,2
182,282.84235,2
183,241.95064,2
184,92.818634,2
185,214.02461,2
186,158.33292,2
187,87.55762,2
188,125.928635,2
189,107.98634,2
190,46.806896,2
191,148.21779,2
192,264.28036,2
193,172.4224,2
194,151.45279,2
195,-4.1385903,2
196,234.62837,2
197,86.314285,2
198,232.8125,2
199,360.0127,2
200,188.52953,2
201,171.40334,2
202,215.20894,2
203,235.51459,2
204,196.88722,2
205,142.33641,2
206,162.94008,2
207,317.93564,2
208,214.84248,2
209,261.47983,2
210,205.33878,2
211,309.89536,2
212,260.84915,2
213,240.90924,2
214,213.79669,2
215,237.5693,2
216,112.77626,2
217,43.52131,2
218,172.34935,2
219,349.47598,2
220,283.28094,2
221,362.05322,2
222,182.23755,2
223,97.14121,2
224,112.4713,2
225,274.72873,2
226,478.79916,2
227,73.98515,2
228,146.43706,2
229,200.69455,2
230,195.62906,2
231,155.12135,2
232,170.69603,2
233,373.83078,2
234,163.41661,2
235,173.5529,2
236,176.50188,2
237,183.41875,2
238,133.8477,2
239,128.23778,2
240,77.28444,3
241,59.843044,3
242,-9.698872,3
243,13.390438,3
244,30.778406,3
245,8.667135,3
246,94.469536,3
247,78.206314,3
248,74.68172,3
249,31.821806,3
250,33.511868,3
251,62.860813,3
252,23.666765,3
253,11.907316,3
254,61.972218,3
255,83.63039,3
256,8.475054,3
257,79.91762,3
258,65.13835,3
259,89.363716,3
260,48.741325,3
261,36.594025,3
262,78.0989,3
263,28.549337,3
264,104.43001,3
265,12.797918,3
266,50.806126,3
267,41.16457,3
268,154.35182,3
269,59.04172,3
270,41.14605,3
271,98.706505,3
272,30.043211,3
273,-0.26171923,3
274,28.283445,3
275,48.78172,3
276,13.053305,3
277,42.078182,3
278,21.14152,3
279,44.412613,3
280,69.007904,3
281,99.3815,3
282,84.23254,3
283,-36.928932,3
284,96.37405,3
285,45.15427,3
286,56.56001,3
287,105.43722,3
288,9.240675,3
289,242.48479,3
290,-5.2363114,3
291,52.91689,3
292,-12.513521,3
293,64.2148,3
294,2.4574256,3
295,112.53061,3
296,5.4799438,3
297,29.481174,3
298,-24.991568,3
299,110.48011,3
300,114.4268,3
301,4.9531837,3
302,50.144,3
303,-9.273996,3
304,43.278763,3
305,-17.256285,3
306,15.0053425,3
307,26.39258,3
308,8.903761,3
309,28.90072,3
310,130.50365,3
311,-1.8741593,3
312,7.211374,3
313,1.8261657,3
314,54.62483,3
315,9.9512615,3
316,-2.016707,3
317,47.31462,3
318,40.00241,3
319,233.50023,3
320,182.89264,4
321,86.91856,4
322,72.33636,4
323,119.73396,4
324,169.70383,4
325,111.674484,4
326,34.79983,4
327,19.626097,4
328,101.8543,4
329,52.69185,4
330,122.78115,4
331,168.34825,4
332,116.006905,4
333,175.86858,4
334,1.611135,4
335,88.953995,4
336,78.549446,4
337,229.13898,4
338,18.42463,4
339,15.743316,4
340,235.75758,4
341,-6.327603,4
342,179.93759,4
343,88.16446,4
344,70.38488,4
345,25.534893,4
346,50.60747,4
347,246.42278,4
348,85.08682,4
349,102.38206,4
350,14.056269,4
351,254.58755,4
352,98.6568,4
353,91.64488,4
354,276.22995,4
355,148.4224,4
356,137.88577,4
357,120.37416,4
358,123.6205,4
359,92.047424,4
360,75.16818,4
361,144.06926,4
362,126.292786,4
363,42.53449,4
364,138.86806,4
365,158.53142,4
366,215.96431,4
367,121.87091,4
368,-10.266684,4
369,26.390753,4
370,159.69841,4
371,139.25499,4
372,52.739002,4
373,-41.16076,4
374,149.1173,4
375,14.78191,4
376,88.80728,4
377,66.607666,4
378,132.93404,4
379,165.30571,4
380,132.08955,4
381,105.025925,4
382,36.59413,4
383,-64.464806,4
384,203.59573,4
385,54.51065,4
386,-13.531137,4
387,79.2199,4
388,137.1089,4
389,196.40355,4
390,201.65623,4
391,-30.770746,4
392,36.1509,4
393,191.964,4
394,82.4391,4
395,155.14693,4
396,74.19246,4
397,86.15895,4
398,176.70241,4
399,165.7232,4
400,71.213104,5
401,53.283478,5
402,1.9969153,5
403,103.87097,5
404,23.641615,5
405,67.75851,5
406,72.58337,5
407,124.33252,5
408,46.377167,5
409,131.18474,5
410,144.61919,5
411,3.9162574,5
412,31.56463,5
413,16.4382,5
414,94.830154,5
415,29.737064,5
416,331.5802,5
417,144.61324,5
418,26.773626,5
419,14.7012615,5
420,159.4881,5
421,161.84259,5
422,102.43001,5
423,18.36151,5
424,14.832813,5
425,15.515093,5
426,-17.967989,5
427,91.34663,5
428,28.933561,5
429,38.187637,5
430,34.311222,5
431,50.908546,5
432,224.48976,5
433,73.97413,5
434,56.01691,5
435,131.76735,5
436,-20.795961,5
437,13.552317,5
438,85.262505,5
439,68.75876,5
440,41.85782,5
441,83.56346,5
442,80.335236,5
443,50.269306,5
444,11.378969,5
445,100.05475,5
446,90.04614,5
447,68.785614,5
448,42.420162,5
449,37.955624,5
450,81.503784,5
451,28.106705,5
452,-22.768288,5
453,82.94132,5
454,73.72226,5
455,94.89598,5
456,153.91428,5
457,-13.304247,5
458,7.5796638,5
459,28.641634,5
460,28.972183,5
461,9.939001,5
462,37.93268,5
463,178.41704,5
464,-11.925802,5
465,39.352467,5
466,80.41225,5
467,47.50535,5
468,84.532265,5
469,89.48195,5
470,108.299774,5
471,61.386795,5
472,73.86107,5
473,176.66505,5
474,49.2167,5
475,-0.6640687,5
476,56.347218,5
477,88.823105,5
478,122.09648,5
479,132.20529,5
480,58.559505,6
481,135.33621,6
482,113.28074,6
483,142.11842,6
484,53.33471,6
485,131.8366,6
486,193.08612,6
487,252.8207,6
488,230.18208,6
489,264.69583,6
490,149.02794,6
491,40.51718,6
492,135.47108,6
493,96.15505,6
494,155.14618,6
495,187.44217,6
496,150.696,6
497,171.25975,6
498,139.58545,6
499,371.87463,6
500,105.54103,6
501,163.8325,6
502,73.11745,6
503,173.80553,6
504,78.40722,6
505,155.85074,6
506,243.71663,6
507,179.99222,6
508,132.4202,6
509,326.1589,6
510,201.3843,6
511,170.33928,6
512,271.18378,6
513,195.4033,6
514,86.613716,6
515,114.40004,6
516,65.17214,6
517,75.55946,6
518,74.19943,6
519,1.1507621,6
520,163.64214,6
521,89.68969,6
522,234.35098,6
523,115.12882,6
524,313.29755,6
525,103.352135,6
526,143.60889,6
527,142.25761,6
528,247.04182,6
529,74.066864,6
530,67.58589,6
531,196.41026,6
532,289.64517,6
533,-1.5294347,6
534,195.25362,6
535,153.18112,6
536,228.9294,6
537,90.708725,6
538,62.07857,6
539,123.2361,6
540,135.28459,6
541,87.77495,6
542,65.3851,6
543,109.16365,6
544,183.75241,6
545,65.251274,6
546,107.28951,6
547,152.47772,6
548,114.823135,6
549,96.55545,6
550,213.74345,6
551,163.91656,6
552,98.401306,6
553,86.61143,6
554,153.7478,6
555,130.03285,6
556,47.06107,6
557,363.50705,6
558,220.41109,6
559,112.60858,6
560,-33.660305,7
561,-51.4796,7
562,-17.34173,7
563,-1.0547414,7
564,-26.940128,7
565,-30.115932,7
566,84.44814,7
567,-98.96894,7
568,-60.809628,7
569,3.7460456,7
570,98.26346,7
571,-5.7146764,7
572,-37.717937,7
573,35.7839,7
574,49.044994,7
575,14.52644,7
576,-10.2236,7
577,60.37873,7
578,-17.83321,7
579,-3.627542,7
580,-10.971224,7
581,-28.346272,7
582,-9.612782,7
583,-59.62354,7
584,-25.41678,7
585,-26.557928,7
586,-87.91501,7
587,-0.3168931,7
588,-27.104086,7
589,-66.325966,7
590,-14.025305,7
591,8.162535,7
592,38.97088,7
593,98.71236,7
594,-54.311985,7
595,56.925465,7
596,-31.317232,7
597,33.028088,7
598,33.33125,7
599,-62.673546,7
600,47.460022,7
601,-30.946505,7
602,10.0982685,7
603,-41.03645,7
604,-53.625324,7
605,-7.100619,7
606,-27.203829,7
607,-67.06181,7
608,-71.095894,7
609,-20.531677,7
610,-75.74298,7
611,-24.416742,7
612,-41.04985,7
613,0.32299185,7
614,-91.17773,7
615,-20.4335,7
616,-42.33186,7
617,-1.6648622,7
618,31.08504,7
619,-92.96127,7
620,41.17238,7
621,-68.71198,7
622,-42.501816,7
623,3.8418517,7
624,0.46699476,7
625,1.461721,7
626,10.132668,7
627,-50.174576,7
628,-59.364677,7
629,-21.810366,7
630,-51.075947,7
631,-26.196981,7
632,-1.5115113,7
633,-51.866085,7
634,-122.03711,7
635,-26.621502,7
636,-11.769526,7
637,-21.704342,7
638,72.35389,7
639,-18.830439,7
640,247.5673,8
641,48.124504,8
642,18.725351,8
643,27.776793,8
644,88.862816,8
645,-18.568,8
646,122.073975,8
647,56.66795,8
648,-28.90785,8
649,5.6824965,8
650,42.641552,8
651,11.325987,8
652,30.379827,8
653,309.7221,8
654,80.4382,8
655,80.78313,8
656,-39.61468,8
657,34.857597,8
658,33.132782,8
659,277.93417,8
660,98.36651,8
661,134.8253,8
662,99.28209,8
663,97.51661,8
664,112.67738,8
665,60.751617,8
666,61.771393,8
667,8.771513,8
668,49.59599,8
669,44.620853,8
670,96.162674,8
671,29.021437,8
672,39.01581,8
673,73.614685,8
674,77.25244,8
675,33.19618,8
676,105.810616,8
677,42.28825,8
678,63.076935,8
679,61.03329,8
680,105.17318,8
681,45.45842,8
682,44.07089,8
683,71.59839,8
684,75.08281,8
685,16.480545,8
686,139.50423,8
687,139.02815,8
688,48.911747,8
689,26.316896,8
690,-15.350456,8
691,74.514534,8
692,90.86908,8
693,68.521866,8
694,16.243784,8
695,-17.059462,8
696,112.160774,8
697,21.920416,8
698,67.094315,8
699,35.945847,8
700,65.2426,8
701,-7.2472863,8
702,13.27627,8
703,-20.908052,8
704,69.39776,8
705,8.493738,8
706,116.216866,8
707,56.62427,8
708,14.963911,8
709,35.545055,8
710,15.320366,8
711,-1.6298509,8
712,55.54365,8
713,25.240267,8
714,-29.538542,8
715,1.1790595,8
716,146.06375,8
717,31.862486,8
718,24.12914,8
719,14.525501,8
720,2.563909,9
721,-56.2065,9
722,135.04068,9
723,100.35057,9
724,91.00366,9
725,-66.75629,9
726,-14.207336,9
727,128.1544,9
728,65.89574,9
729,117.97752,9
730,118.945854,9
731,-1.8321862,9
732,140.37775,9
733,86.41315,9
734,-85.627594,9
735,-56.192318,9
736,48.467457,9
737,130.67812,9
738,146.4304,9
739,56.15713,9
740,69.996445,9
741,179.64357,9
742,111.70912,9
743,59.29252,9
744,225.41888,9
745,203.06108,9
746,-1.9819646,9
747,-0.26497507,9
748,-54.329975,9
749,-84.00738,9
750,82.42801,9
751,53.939785,9
752,141.18947,9
753,-39.59663,9
754,106.904434,9
755,69.40584,9
756,73.44355,9
757,44.289295,9
758,257.21454,9
759,46.12837,9
760,-16.471472,9
761,54.34165,9
762,229.2378,9
763,-27.870693,9
764,142.75688,9
765,132.71138,9
766,26.45048,9
767,76.198654,9
768,-80.550995,9
769,11.336754,9
770,-61.45608,9
771,-114.25597,9
772,126.38732,9
773,-48.62459,9
774,-42.690067,9
775,-22.784313,9
776,-69.430786,9
777,-29.699934,9
778,207.22356,9
779,44.883595,9
780,69.51791,9
781,161.17278,9
782,-20.51739,9
783,-33.25615,9
784,107.412125,9
785,86.901886,9
786,187.71568,9
787,-20.337755,9
788,3.3415504,9
789,-45.375233,9
790,154.86305,9
791,161.74355,9
792,-44.137016,9
793,176.93483,9
794,143.89635,9
795,41.77193,9
796,75.185165,9
797,-77.20541,9
798,-48.61015,9
799,-59.993916,9
