Image,Value,Label
0,-269.1522,0
1,-72.83403,0
2,-78.91484,0
3,-218.45287,0
4,-163.06895,0
5,-87.785355,0
6,-162.2582,0
7,-191.65343,0
8,-190.44481,0
9,-140.30247,0
10,-79.026146,0
11,-174.09758,0
12,-239.40346,0
13,-172.24866,0
14,-196.95755,0
15,-98.740005,0
16,-98.87717,0
17,-183.19386,0
18,-196.23949,0
19,-160.0494,0
20,-257.76303,0
21,-81.03383,0
22,-197.88976,0
23,-54.061413,0
24,-223.70406,0
25,-49.854763,0
26,-183.99452,0
27,-93.23514,0
28,-209.05995,0
29,-144.53464,0
30,-73.43154,0
31,-170.40974,0
32,-136.74358,0
33,-185.84996,0
34,-190.63704,0
35,-133.66872,0
36,-53.059216,0
37,-118.85567,0
38,-98.63486,0
39,-140.42451,0
40,-179.63087,0
41,-137.34373,0
42,-229.67245,0
43,-111.56317,0
44,-90.64289,0
45,-206.43742,0
46,-171.65443,0
47,-168.95238,0
48,-70.39447,0
49,-105.27201,0
50,-106.846115,0
51,-87.67435,0
52,-102.53361,0
53,-139.86794,0
54,-154.5981,0
55,-187.4871,0
56,-167.00198,0
57,-59.307617,0
58,-232.12486,0
59,-83.97769,0
60,-128.13257,0
61,-128.87874,0
62,-107.271194,0
63,-249.21153,0
64,-107.35428,0
65,-282.7738,0
66,-161.08018,0
67,-132.24889,0
68,-74.39215,0
69,-161.80145,0
70,-252.24188,0
71,-201.42062,0
72,-128.27478,0
73,-181.18816,0
74,-144.59373,0
75,-127.50286,0
76,-190.87949,0
77,-205.15163,0
78,-186.34344,0
79,-175.75093,0
80,-27.16013,1
81,-14.297142,1
82,-6.4462776,1
83,-28.142353,1
84,15.905476,1
85,-38.990387,1
86,-16.587582,1
87,-25.288898,1
88,-17.403622,1
89,-33.139538,1
90,-7.0699577,1
91,-23.776836,1
92,-34.83551,1
93,-32.87717,1
94,-49.376812,1
95,6.5065727,1
96,-13.558346,1
97,1.2447013,1
98,-30.79258,1
99,-27.903507,1
100,-23.666332,1
101,-11.042057,1
102,-39.32938,1
103,-6.9408684,1
104,-16.02678,1
105,-21.134064,1
106,-14.725224,1
107,-20.8082,1
108,-6.7091866,1
109,-17.678326,1
110,-27.897411,1
111,-15.550495,1
112,-26.380886,1
113,-45.699768,1
114,-13.503201,1
115,-28.467613,1
116,-4.1996574,1
117,-11.920235,1
118,-50.608036,1
119,2.4540672,1
120,-24.152863,1
121,2.4280586,1
122,-25.21503,1
123,-42.971504,1
124,-25.592157,1
125,0.9506606,1
126,5.5980186,1
127,-29.647114,1
128,-19.441975,1
129,6.8670845,1
130,-13.805729,1
131,-4.3583603,1
132,-1.4114724,1
133,-18.678337,1
134,-4.4165154,1
135,-24.988533,1
136,-54.50028,1
137,-37.17648,1
138,-31.563831,1
139,-41.063396,1
140,-28.17458,1
141,-13.90662,1
142,-27.976692,1
143,-29.241398,1
144,-20.091957,1
145,-24.412304,1
146,-45.62969,1
147,-48.842907,1
148,-21.952785,1
149,-20.914799,1
150,-58.368458,1
151,-34.414753,1
152,-21.202038,1
153,-62.237896,1
154,-19.837425,1
155,-9.147381,1
156,-46.551647,1
157,-5.6009064,1
158,-24.341183,1
159,-40.66866,1
160,-41.941513,2
161,-118.57527,2
162,-67.61537,2
163,-36.40155,2
164,-51.041946,2
165,-140.35373,2
166,-82.007065,2
167,-16.855518,2
168,-149.53252,2
169,-91.35125,2
170,-110.12018,2
171,-89.282455,2
172,-100.403244,2
173,-83.675476,2
174,-16.541912,2
175,-190.14893,2
176,-128.50967,2
177,-136.3951,2
178,-167.73393,2
179,-142.87715,2
180,-24.102345,2
181,-164.08406,2
182,-151.96642,2
183,-123.269646,2
184,-38.770878,2
185,-85.206726,2
186,-97.24877,2
187,-86.57353,2
188,-21.094975,2
189,-37.95137,2
190,-79.2173,2
191,-47.10229,2
192,-111.34878,2
193,-57.658146,2
194,-83.37859,2
195,-55.3076,2
196,-185.1157,2
197,-67.43599,2
198,-122.93441,2
199,-221.06548,2
200,-103.17756,2
201,-54.09853,2
202,-113.6239,2
203,-196.54619,2
204,-97.928444,2
205,-41.305935,2
206,-65.53106,2
207,-201.99342,2
208,-89.89221,2
209,-121.3842,2
210,-166.1194,2
211,-234.98518,2
212,-6.2057304,2
213,-104.2141,2
214,-103.28367,2
215,-140.80136,2
216,-64.65193,2
217,-63.23257,2
218,-93.79849,2
219,-68.60359,2
220,-169.74158,2
221,-201.55043,2
222,-92.76152,2
223,-26.762524,2
224,-102.54035,2
225,-49.899746,2
226,-159.58269,2
227,-64.29819,2
228,-77.89537,2
229,-47.81623,2
230,-133.6877,2
231,-59.920994,2
232,-103.7663,2
233,-93.12989,2
234,-106.48419,2
235,-82.22005,2
236,-13.34219,2
237,-16.966991,2
238,-30.94225,2
239,-76.541,2
240,-129.14351,3
241,-83.568344,3
242,-32.860645,3
243,-29.098465,3
244,-41.12264,3
245,-61.565357,3
246,-121.58978,3
247,-43.149982,3
248,-94.419235,3
249,-56.079212,3
250,-103.11514,3
251,-55.531067,3
252,-50.91213,3
253,-62.48399,3
254,-81.9925,3
255,-121.00335,3
256,-93.1481,3
257,-55.52273,3
258,-94.4254,3
259,-156.33128,3
260,-44.920902,3
261,-83.997955,3
262,-69.19939,3
263,-21.364635,3
264,-71.0119,3
265,-77.20586,3
266,-99.35422,3
267,-46.715992,3
268,-182.71199,3
269,-69.16521,3
270,-61.731644,3
271,-76.20134,3
272,-32.369465,3
273,-84.71759,3
274,0.7605475,3
275,-78.009796,3
276,-114.510376,3
277,-74.49225,3
278,-113.93318,3
279,-65.34325,3
280,-82.69585,3
281,-125.141396,3
282,-111.79884,3
283,-62.30772,3
284,-113.063324,3
285,-89.155174,3
286,-109.04227,3
287,-67.0728,3
288,-65.89987,3
289,-88.49017,3
290,-80.355934,3
291,-110.051544,3
292,-81.523056,3
293,-118.071365,3
294,-107.22925,3
295,-93.9126,3
296,-103.24156,3
297,-125.42476,3
298,-86.247086,3
299,-211.70137,3
300,-104.808716,3
301,-180.55731,3
302,-47.346188,3
303,-37.28379,3
304,-119.161705,3
305,-24.612598,3
306,-88.48706,3
307,-31.767078,3
308,-19.068378,3
309,-103.16385,3
310,-149.31216,3
311,-85.62099,3
312,-60.350018,3
313,-23.006584,3
314,-59.082935,3
315,-123.05703,3
316,-43.401356,3
317,-130.69212,3
318,-79.14507,3
319,-166.3479,3
320,-135.37984,4
321,-68.00027,4
322,-73.81678,4
323,-38.69162,4
324,-103.2843,4
325,-85.51932,4
326,-90.259315,4
327,-18.180676,4
328,-73.73605,4
329,-55.259075,4
330,-85.169914,4
331,-83.46266,4
332,-74.023476,4
333,-90.08355,4
334,-42.58774,4
335,-32.078022,4
336,-11.073349,4
337,-109.92858,4
338,-35.407215,4
339,-91.966286,4
340,-128.58891,4
341,-38.520367,4
342,-108.89446,4
343,-110.357574,4
344,-93.303024,4
345,-60.27353,4
346,-11.952213,4
347,-115.98384,4
348,-43.53568,4
349,-52.267803,4
350,-56.20007,4
351,-159.34178,4
352,-104.74488,4
353,-61.035744,4
354,-147.96051,4
355,-105.34626,4
356,-223.15215,4
357,-116.236305,4
358,-101.42621,4
359,-69.07458,4
360,-54.839203,4
361,-123.607285,4
362,-100.98598,4
363,-21.135593,4
364,-57.24294,4
365,-124.34354,4
366,-155.28554,4
367,-116.866585,4
368,-47.720154,4
369,-55.494144,4
370,-111.18142,4
371,-106.25101,4
372,-25.742664,4
373,-67.09422,4
374,-110.203384,4
375,-87.87535,4
376,-75.60582,4
377,-48.085712,4
378,-76.10739,4
379,-60.224316,4
380,-117.3437,4
381,-57.841843,4
382,-62.293903,4
383,-22.26345,4
384,-194.41765,4
385,-47.29926,4
386,-43.177456,4
387,-60.031338,4
388,-95.775986,4
389,-124.279564,4
390,-157.73402,4
391,-38.618996,4
392,-110.34017,4
393,-116.01813,4
394,-60.011658,4
395,-162.4883,4
396,-124.97425,4
397,-54.98751,4
398,-110.5134,4
399,-123.163666,4
400,-89.744934,5
401,7.063156,5
402,-8.418209,5
403,-54.584248,5
404,1.5284156,5
405,-44.38267,5
406,-64.12962,5
407,62.485775,5
408,-40.150173,5
409,-26.088982,5
410,-50.74419,5
411,-2.1947365,5
412,-9.186832,5
413,-0.048763394,5
414,28.217793,5
415,-0.09830868,5
416,-108.86014,5
417,-127.78576,5
418,-27.94373,5
419,-29.349445,5
420,-55.88023,5
421,-108.00903,5
422,-46.321316,5
423,7.8130226,5
424,-12.337788,5
425,-28.506283,5
426,7.376499,5
427,-15.632275,5
428,-41.402256,5
429,-45.075523,5
430,-80.02042,5
431,-24.650246,5
432,1.7007903,5
433,-30.738941,5
434,-15.566029,5
435,-71.387115,5
436,-45.43232,5
437,-0.34666073,5
438,-33.31668,5
439,-15.148174,5
440,-15.881882,5
441,-27.57771,5
442,-18.063526,5
443,-27.499035,5
444,-43.537136,5
445,30.758121,5
446,-30.081165,5
447,-123.892914,5
448,7.8386116,5
449,-2.3640785,5
450,-46.872997,5
451,-61.141014,5
452,12.180195,5
453,-43.897816,5
454,18.338589,5
455,8.282124,5
456,-51.815754,5
457,-66.809425,5
458,4.009407,5
459,-33.149807,5
460,9.492275,5
461,-54.089237,5
462,-65.91032,5
463,-113.412865,5
464,-7.937565,5
465,-26.912949,5
466,-35.11874,5
467,-46.22355,5
468,-10.344303,5
469,6.192486,5
470,-20.913296,5
471,-65.01816,5
472,-25.013538,5
473,-51.197247,5
474,-28.421001,5
475,-34.523373,5
476,-27.80791,5
477,25.865309,5
478,-19.164394,5
479,-13.982708,5
480,23.563202,6
481,-110.79142,6
482,74.07444,6
483,-70.66649,6
484,32.931713,6
485,-38.852016,6
486,-28.530697,6
487,-69.492874,6
488,-108.89467,6
489,-140.84071,6
490,-36.728367,6
491,46.436604,6
492,-83.455,6
493,34.28258,6
494,-68.07152,6
495,-73.10528,6
496,-67.9818,6
497,-29.832966,6
498,-88.91537,6
499,-338.53223,6
500,-4.458393,6
501,-56.778362,6
502,15.863747,6
503,-74.14976,6
504,-0.6422616,6
505,-109.40167,6
506,-136.18398,6
507,-69.74805,6
508,-133.18593,6
509,-134.54453,6
510,-80.194405,6
511,45.601604,6
512,-120.42839,6
513,7.8579674,6
514,-57.634186,6
515,10.502811,6
516,-3.103344,6
517,-32.988422,6
518,-0.40884793,6
519,28.554363,6
520,-86.40273,6
521,13.630177,6
522,-95.45604,6
523,-51.9962,6
524,-176.3133,6
525,-19.042534,6
526,-102.59005,6
527,-3.445507,6
528,-83.18625,6
529,28.864761,6
530,-28.400997,6
531,-70.27367,6
532,-161.26295,6
533,19.870804,6
534,-147.84143,6
535,-38.107063,6
536,-127.01921,6
537,4.512787,6
538,33.345814,6
539,-73.967384,6
540,-64.0645,6
541,-26.327488,6
542,2.4194412,6
543,-0.6256143,6
544,-99.313126,6
545,31.533089,6
546,38.2885,6
547,-102.86949,6
548,-16.885113,6
549,-2.791607,6
550,-78.76956,6
551,-93.096954,6
552,-10.517605,6
553,-27.422688,6
554,-57.03692,6
555,-29.137054,6
556,-29.02467,6
557,-164.65639,6
558,-140.79918,6
559,-33.20046,6
560,-67.124886,7
561,-64.24827,7
562,-25.616943,7
563,-92.25353,7
564,-69.73188,7
565,-105.170395,7
566,-128.20673,7
567,-29.079884,7
568,-15.420061,7
569,-118.35939,7
570,-129.32549,7
571,-47.951813,7
572,-87.212,7
573,-102.63443,7
574,-79.426575,7
575,-82.64054,7
576,-98.19127,7
577,-142.33295,7
578,-73.50258,7
579,-99.15335,7
580,-92.52228,7
581,-37.47636,7
582,-42.673187,7
583,-57.875072,7
584,-66.36879,7
585,-34.917286,7
586,-75.42538,7
587,-67.238144,7
588,-30.459751,7
589,-61.52553,7
590,-131.60822,7
591,-68.25499,7
592,-34.831573,7
593,-193.79633,7
594,-83.84682,7
595,-44.31365,7
596,-77.39465,7
597,-64.88634,7
598,-58.6446,7
599,-13.190437,7
600,-95.30441,7
601,-57.227863,7
602,-116.09901,7
603,-102.23332,7
604,-64.75262,7
605,-51.800983,7
606,-14.298782,7
607,-120.6489,7
608,-20.99199,7
609,-56.67924,7
610,-103.415985,7
611,-127.62232,7
612,-68.82863,7
613,-39.173748,7
614,-20.050709,7
615,-34.503666,7
616,-53.282562,7
617,-99.36341,7
618,-76.82239,7
619,-129.99475,7
620,-77.78105,7
621,-51.545708,7
622,-4.4789314,7
623,-38.24158,7
624,-53.02399,7
625,-134.69005,7
626,-116.16466,7
627,-35.88453,7
628,-18.065277,7
629,-57.31074,7
630,-47.38895,7
631,-72.71373,7
632,-88.81808,7
633,-74.2693,7
634,-17.570873,7
635,-34.271393,7
636,-46.40837,7
637,-31.88921,7
638,-199.8741,7
639,-68.70229,7
640,-95.669876,8
641,-14.303226,8
642,-33.45277,8
643,-14.974041,8
644,-15.574268,8
645,-0.30030453,8
646,-50.72427,8
647,-23.120304,8
648,3.0350533,8
649,7.411022,8
650,-3.6302376,8
651,-7.528248,8
652,-27.312725,8
653,-127.73129,8
654,0.6088065,8
655,-26.822826,8
656,-28.140255,8
657,-3.328495,8
658,17.388172,8
659,-155.30632,8
660,-82.649345,8
661,-24.25996,8
662,-13.00758,8
663,-19.115635,8
664,-68.93407,8
665,-34.180977,8
666,-54.562565,8
667,5.2903595,8
668,18.248104,8
669,-23.075108,8
670,4.8767586,8
671,21.94551,8
672,-57.88782,8
673,-78.11647,8
674,-34.200962,8
675,-5.962528,8
676,-49.459915,8
677,23.405766,8
678,-45.96065,8
679,-27.49493,8
680,-44.309208,8
681,27.32957,8
682,-59.000874,8
683,-73.66881,8
684,-70.236145,8
685,-44.312702,8
686,-85.569916,8
687,-3.9224052,8
688,15.7774315,8
689,-14.910145,8
690,-39.274883,8
691,-19.843716,8
692,-39.91128,8
693,-31.46857,8
694,-58.904774,8
695,-28.357082,8
696,-90.71124,8
697,0.35276783,8
698,-48.136692,8
699,-28.640907,8
700,-12.025555,8
701,-4.6246223,8
702,-8.506626,8
703,-8.546192,8
704,-28.735172,8
705,-54.65385,8
706,-41.41344,8
707,-30.24722,8
708,-2.2126732,8
709,-10.8592415,8
710,13.0085945,8
711,25.668736,8
712,-26.054607,8
713,-11.098774,8
714,-26.467701,8
715,-17.325459,8
716,-41.871395,8
717,-11.742985,8
718,9.707981,8
719,-28.733475,8
720,-62.56156,9
721,-11.375797,9
722,-70.035706,9
723,-85.831726,9
724,-54.068653,9
725,-25.312973,9
726,-33.981304,9
727,-128.23082,9
728,-37.962055,9
729,-56.389317,9
730,-58.939026,9
731,-6.6571274,9
732,-115.262924,9
733,-97.23831,9
734,-4.696247,9
735,-58.760384,9
736,-63.398922,9
737,-113.21859,9
738,-68.72442,9
739,-46.871067,9
740,-136.06158,9
741,-52.35384,9
742,-163.71812,9
743,-65.86526,9
744,-115.20734,9
745,-144.5614,9
746,-45.8153,9
747,-14.312759,9
748,-9.574631,9
749,-33.63203,9
750,-37.8421,9
751,-76.543945,9
752,-150.5093,9
753,-85.75419,9
754,-146.61717,9
755,-52.971714,9
756,-11.968853,9
757,-23.276035,9
758,-121.40991,9
759,-27.188513,9
760,-24.994907,9
761,-39.07053,9
762,-157.76115,9
763,-103.572495,9
764,-71.873795,9
765,-54.302402,9
766,-14.156666,9
767,-98.740875,9
768,-5.5671806,9
769,-30.24673,9
770,-38.313107,9
771,-21.836243,9
772,-109.53737,9
773,-58.520634,9
774,-31.170586,9
775,-6.2507515,9
776,-10.181534,9
777,-28.329765,9
778,-127.98433,9
779,-19.843737,9
780,-136.38066,9
781,-75.548904,9
782,-27.656906,9
783,-3.1253967,9
784,-55.604687,9
785,-72.55053,9
786,-122.518906,9
787,-16.73152,9
788,-31.277527,9
789,-38.834873,9
790,-46.347294,9
791,-59.048027,9
792,-43.4894,9
793,-40.583466,9
794,-103.88867,9
795,-74.95581,9
796,-71.44006,9
797,-23.843906,9
798,-46.675076,9
799,-36.73849,9
