Image,Value,Label
0,-88.127396,0
1,-33.67066,0
2,-34.86445,0
3,-135.06111,0
4,-105.463264,0
5,-109.7589,0
6,-132.56866,0
7,-94.48464,0
8,-51.77937,0
9,-80.67046,0
10,-127.081795,0
11,-114.19369,0
12,-90.28719,0
13,-77.66958,0
14,-31.73449,0
15,-42.616913,0
16,-87.25169,0
17,-101.03811,0
18,-84.016884,0
19,-106.29463,0
20,-153.79134,0
21,-87.00736,0
22,-115.10459,0
23,-67.633446,0
24,-54.820126,0
25,-77.22967,0
26,-31.50784,0
27,-96.5489,0
28,-136.9709,0
29,-5.28458,0
30,-123.20768,0
31,-192.02051,0
32,-22.786514,0
33,-152.34306,0
34,-116.01414,0
35,-66.73346,0
36,-70.96966,0
37,-19.09095,0
38,-144.69357,0
39,-150.85332,0
40,-45.65505,0
41,-125.544304,0
42,-205.47276,0
43,-80.01745,0
44,-112.70358,0
45,-162.93011,0
46,-148.48717,0
47,-117.654945,0
48,-63.502476,0
49,-54.621113,0
50,-84.10734,0
51,-105.278145,0
52,-58.415783,0
53,-143.99394,0
54,-54.27039,0
55,-28.340904,0
56,-94.816734,0
57,-19.360456,0
58,-162.90599,0
59,-129.2527,0
60,-62.5687,0
61,-59.064316,0
62,-66.59147,0
63,-176.01315,0
64,-149.37473,0
65,-133.14354,0
66,-67.734314,0
67,-73.50643,0
68,-54.101562,0
69,-50.627827,0
70,-105.9912,0
71,-174.35736,0
72,-70.38453,0
73,-193.35185,0
74,-109.5247,0
75,-48.64449,0
76,-118.128365,0
77,-114.41306,0
78,-19.9124,0
79,-46.62705,0
80,-44.976185,1
81,-6.5834646,1
82,-37.989944,1
83,-26.159489,1
84,-29.861519,1
85,-47.448948,1
86,-6.728653,1
87,-11.221982,1
88,-1.1330928,1
89,-74.73547,1
90,-25.987942,1
91,-31.893635,1
92,-47.080784,1
93,-67.36907,1
94,-98.09234,1
95,-13.689841,1
96,-45.29765,1
97,-23.46851,1
98,-32.56914,1
99,-15.139277,1
100,-7.194811,1
101,-36.664227,1
102,-92.0476,1
103,-16.619518,1
104,-23.802921,1
105,-11.836006,1
106,-99.98364,1
107,-79.35465,1
108,-23.587404,1
109,-46.423035,1
110,-99.94702,1
111,4.666996,1
112,-65.81482,1
113,-47.517147,1
114,-74.11306,1
115,-52.106136,1
116,-26.89566,1
117,-38.332993,1
118,-55.434177,1
119,-43.592632,1
120,-39.464176,1
121,-9.422682,1
122,-56.824306,1
123,-37.915817,1
124,-14.412955,1
125,-8.831423,1
126,-37.91959,1
127,-39.373936,1
128,-56.560467,1
129,-6.852373,1
130,-44.920094,1
131,0.12420666,1
132,-32.66178,1
133,-47.895798,1
134,-18.795876,1
135,-54.00057,1
136,-37.42853,1
137,-14.104996,1
138,-82.8096,1
139,-17.626898,1
140,-15.166012,1
141,-24.449886,1
142,-84.653145,1
143,-55.89166,1
144,-70.23244,1
145,-68.458984,1
146,-37.48361,1
147,-47.564728,1
148,-19.78714,1
149,-94.60241,1
150,-71.18933,1
151,-107.46895,1
152,-72.90862,1
153,-69.51827,1
154,-26.193682,1
155,-70.8255,1
156,-111.38798,1
157,-22.161215,1
158,-10.347556,1
159,-25.81961,1
160,-29.171095,2
161,-96.44089,2
162,-10.333618,2
163,-106.672905,2
164,-8.714897,2
165,-99.64724,2
166,-26.536,2
167,32.79961,2
168,-26.307827,2
169,-105.6812,2
170,-80.615776,2
171,-56.68904,2
172,5.843342,2
173,-65.89138,2
174,-43.561626,2
175,-67.74799,2
176,-38.0026,2
177,-28.146923,2
178,33.94855,2
179,-78.031044,2
180,3.8639565,2
181,-117.63635,2
182,-42.00788,2
183,-29.563185,2
184,42.54967,2
185,-49.870533,2
186,-139.0011,2
187,25.711773,2
188,-51.95831,2
189,-64.60474,2
190,-26.751251,2
191,-89.355576,2
192,-54.537243,2
193,-66.20583,2
194,-64.339195,2
195,11.97839,2
196,-29.372936,2
197,23.53825,2
198,-42.298264,2
199,-31.088787,2
200,-24.110134,2
201,-49.53269,2
202,-27.121365,2
203,-98.088295,2
204,-59.55708,2
205,-70.34224,2
206,-32.13088,2
207,-61.8607,2
208,-62.707993,2
209,-105.73611,2
210,-117.82982,2
211,1.3401624,2
212,-21.923122,2
213,-41.78259,2
214,-18.127777,2
215,-109.1089,2
216,-12.006613,2
217,-20.08524,2
218,20.086956,2
219,-152.82768,2
220,-72.66152,2
221,-163.3704,2
222,-27.258492,2
223,-28.25012,2
224,-48.37059,2
225,-139.8506,2
226,-81.794174,2
227,-108.74903,2
228,-0.04066837,2
229,-67.95262,2
230,-69.65621,2
231,-67.74217,2
232,-14.392841,2
233,-98.65422,2
234,14.009869,2
235,-17.429676,2
236,-62.719288,2
237,24.158077,2
238,-39.6804,2
239,-19.51585,2
240,-53.592663,3
241,-19.056137,3
242,-62.632698,3
243,14.877571,3
244,-23.221004,3
245,-24.605793,3
246,-29.745747,3
247,20.758781,3
248,-61.654713,3
249,-37.612125,3
250,-52.015766,3
251,-17.13675,3
252,-16.543148,3
253,-72.72431,3
254,29.323982,3
255,-67.9212,3
256,-31.645164,3
257,-60.73187,3
258,-55.182434,3
259,-39.75398,3
260,-27.093601,3
261,-77.29126,3
262,-49.838055,3
263,-35.116932,3
264,-85.90463,3
265,1.1914865,3
266,-94.951,3
267,-51.54545,3
268,-133.66148,3
269,-6.116806,3
270,-26.907795,3
271,26.176647,3
272,-69.33723,3
273,-64.23402,3
274,5.158596,3
275,-40.10684,3
276,-27.8269,3
277,-16.118752,3
278,-55.55824,3
279,-115.560555,3
280,-37.270813,3
281,-12.829376,3
282,7.8531227,3
283,-9.25478,3
284,-42.81215,3
285,-44.205467,3
286,-5.198223,3
287,-19.731487,3
288,-20.14404,3
289,-43.255573,3
290,-54.435917,3
291,-102.58771,3
292,-80.63727,3
293,-56.442955,3
294,-76.54478,3
295,-122.1306,3
296,-34.042076,3
297,-56.990948,3
298,-47.776134,3
299,-19.698338,3
300,-43.26964,3
301,-61.84376,3
302,-24.912418,3
303,-32.28435,3
304,-56.803604,3
305,-33.986713,3
306,-36.036243,3
307,-17.535095,3
308,-69.59166,3
309,-60.199883,3
310,-56.37318,3
311,-31.815403,3
312,-70.70722,3
313,-33.144634,3
314,-43.21524,3
315,-89.1414,3
316,-30.853294,3
317,-61.622417,3
318,-78.74541,3
319,-127.58337,3
320,-43.018295,4
321,-18.199165,4
322,-23.9772,4
323,-53.873276,4
324,-44.048714,4
325,-18.619469,4
326,-43.488583,4
327,-34.624302,4
328,-91.147194,4
329,-31.777458,4
330,-19.40932,4
331,-16.472507,4
332,-17.08387,4
333,-74.39907,4
334,-3.8133354,4
335,-31.329739,4
336,-28.736568,4
337,0.14464962,4
338,12.550472,4
339,-43.50462,4
340,-71.07361,4
341,2.7491722,4
342,-38.809067,4
343,11.560925,4
344,-49.538982,4
345,-54.87141,4
346,-44.283894,4
347,-70.80111,4
348,-21.339392,4
349,-38.70333,4
350,-26.728054,4
351,14.643217,4
352,-8.649281,4
353,-67.69078,4
354,-36.677265,4
355,-46.62236,4
356,-43.07486,4
357,-25.736656,4
358,-51.979725,4
359,-16.522547,4
360,-14.025562,4
361,-54.500557,4
362,10.08614,4
363,-6.3105164,4
364,-59.889736,4
365,-25.85011,4
366,-84.04781,4
367,-13.376057,4
368,-41.228657,4
369,-18.88515,4
370,-11.419741,4
371,-24.681404,4
372,13.202744,4
373,-31.418709,4
374,-17.795506,4
375,-43.46563,4
376,-30.39239,4
377,-50.858574,4
378,-4.879635,4
379,7.9408875,4
380,-10.392101,4
381,-21.519594,4
382,-49.246815,4
383,1.8142358,4
384,-26.990452,4
385,-42.064304,4
386,-12.201443,4
387,-28.961777,4
388,-20.345928,4
389,-111.44944,4
390,-32.434185,4
391,6.562298,4
392,-32.48064,4
393,-2.9326897,4
394,5.540371,4
395,-5.6417656,4
396,-42.009327,4
397,-61.444424,4
398,-46.635563,4
399,-7.1047707,4
400,-8.332024,5
401,0.42927945,5
402,-65.008026,5
403,-34.23843,5
404,-33.830906,5
405,19.801151,5
406,-72.518684,5
407,-2.0958672,5
408,-19.636654,5
409,-108.250565,5
410,7.8743286,5
411,4.528919,5
412,-74.9921,5
413,-9.318539,5
414,36.795666,5
415,-84.79411,5
416,16.991802,5
417,-100.2526,5
418,-68.3373,5
419,-33.33337,5
420,15.708118,5
421,25.897057,5
422,-144.44737,5
423,-17.71162,5
424,-38.04877,5
425,-121.95494,5
426,-75.93189,5
427,-8.086773,5
428,-20.898098,5
429,-12.313744,5
430,-34.293926,5
431,17.5275,5
432,59.419926,5
433,-33.77779,5
434,-32.28507,5
435,50.931396,5
436,-125.32799,5
437,-32.9695,5
438,-108.756905,5
439,-158.41476,5
440,-71.78924,5
441,-75.098625,5
442,-21.48257,5
443,-17.304958,5
444,-81.52193,5
445,19.387539,5
446,-4.511944,5
447,11.12553,5
448,-18.995968,5
449,-104.14069,5
450,-29.49284,5
451,27.268272,5
452,-15.982525,5
453,-33.724117,5
454,-17.391533,5
455,-47.21757,5
456,-16.954536,5
457,-34.762844,5
458,1.3180658,5
459,-52.570633,5
460,-13.345871,5
461,-61.88754,5
462,-14.479977,5
463,26.884659,5
464,-72.08718,5
465,13.268463,5
466,-53.94402,5
467,-116.904884,5
468,41.92022,5
469,-8.068905,5
470,-9.2117195,5
471,-35.696426,5
472,-6.4039955,5
473,-16.96643,5
474,-24.260735,5
475,-75.883125,5
476,-12.823368,5
477,16.538673,5
478,-94.22443,5
479,-17.855053,5
480,-66.66638,6
481,-57.82802,6
482,-67.76023,6
483,2.3080673,6
484,-33.673283,6
485,-10.5680275,6
486,-117.50697,6
487,-109.76993,6
488,-88.158455,6
489,-15.735962,6
490,-30.238823,6
491,-62.18865,6
492,-38.55663,6
493,-31.14353,6
494,-45.32801,6
495,-86.633224,6
496,-58.207706,6
497,-17.36747,6
498,-76.30157,6
499,-74.30468,6
500,-87.236824,6
501,-17.350084,6
502,-89.73432,6
503,-18.898903,6
504,-54.980774,6
505,-151.36673,6
506,-36.843506,6
507,-17.799795,6
508,-48.415295,6
509,-75.72239,6
510,-41.468437,6
511,-34.849483,6
512,-103.98615,6
513,-61.46509,6
514,6.7373257,6
515,-25.211388,6
516,-61.075836,6
517,-16.984154,6
518,-23.813087,6
519,-77.94207,6
520,-58.33444,6
521,-44.6439,6
522,-0.7286967,6
523,-90.14605,6
524,25.133602,6
525,-42.222874,6
526,0.14241612,6
527,-26.861277,6
528,-13.123052,6
529,-88.549095,6
530,-27.875072,6
531,-7.420417,6
532,-51.946285,6
533,-41.956707,6
534,-58.794888,6
535,-43.958984,6
536,-30.479134,6
537,-86.40671,6
538,-75.520164,6
539,-51.571865,6
540,-25.7849,6
541,-33.82211,6
542,-46.69973,6
543,-51.845108,6
544,-33.34849,6
545,-5.1364756,6
546,-0.71043384,6
547,-5.4310493,6
548,-74.51719,6
549,-37.507427,6
550,-37.299927,6
551,-51.622925,6
552,-70.25876,6
553,-16.56329,6
554,-81.88564,6
555,-41.842937,6
556,-50.00644,6
557,-19.74725,6
558,-76.19951,6
559,-38.805973,6
560,-10.965099,7
561,-51.512672,7
562,-4.7449303,7
563,-68.01325,7
564,-58.104733,7
565,-22.009418,7
566,-86.05335,7
567,-29.198101,7
568,-13.922237,7
569,38.5788,7
570,-40.663387,7
571,19.599915,7
572,-42.73211,7
573,-12.687275,7
574,-40.35973,7
575,-22.577389,7
576,-41.32005,7
577,-29.617817,7
578,-40.81051,7
579,-42.26154,7
580,-50.918797,7
581,1.2604104,7
582,-8.887646,7
583,14.698597,7
584,-20.277805,7
585,24.60056,7
586,5.830982,7
587,-14.753063,7
588,-15.653133,7
589,-35.12885,7
590,-31.20744,7
591,-25.2631,7
592,17.93864,7
593,-82.853874,7
594,-46.846157,7
595,-22.53378,7
596,-77.74534,7
597,-24.066647,7
598,-3.2675514,7
599,2.540226,7
600,-114.50768,7
601,-70.42347,7
602,-46.033443,7
603,-47.604702,7
604,-65.76043,7
605,-24.293087,7
606,5.4519997,7
607,-33.169147,7
608,-26.606892,7
609,1.5530626,7
610,-31.681606,7
611,-0.40821445,7
612,11.596264,7
613,-9.131359,7
614,-6.4549446,7
615,3.288494,7
616,-27.414204,7
617,-12.847134,7
618,-13.122433,7
619,-4.5512123,7
620,-19.342815,7
621,6.5798683,7
622,13.861927,7
623,19.661968,7
624,-8.513508,7
625,4.646801,7
626,-28.126286,7
627,7.4108925,7
628,10.4007,7
629,19.900295,7
630,12.555584,7
631,-26.180004,7
632,-49.1668,7
633,-67.05045,7
634,19.484135,7
635,11.039196,7
636,-39.83946,7
637,7.224827,7
638,-58.469177,7
639,-9.427021,7
640,-80.94996,8
641,-44.71641,8
642,11.033783,8
643,-92.88838,8
644,-84.22586,8
645,0.24457562,8
646,-110.76384,8
647,-57.881237,8
648,-33.481167,8
649,-1.6559943,8
650,-85.73827,8
651,-16.451283,8
652,-98.5031,8
653,5.237034,8
654,-23.090881,8
655,13.694027,8
656,-34.469585,8
657,-34.105503,8
658,-42.966946,8
659,-69.3843,8
660,-94.1945,8
661,-24.306627,8
662,-77.294426,8
663,-58.220436,8
664,-23.810497,8
665,16.090548,8
666,-49.85126,8
667,-1.5919913,8
668,-81.463455,8
669,-105.88668,8
670,-43.943356,8
671,-5.246134,8
672,23.885448,8
673,-80.98,8
674,-61.36803,8
675,-51.795223,8
676,3.3013535,8
677,-35.646553,8
678,-35.424686,8
679,-43.646675,8
680,-42.104313,8
681,18.64526,8
682,-55.10883,8
683,-37.520546,8
684,-112.015564,8
685,-18.751076,8
686,-35.87342,8
687,-92.54517,8
688,-114.69146,8
689,-28.180285,8
690,-123.78412,8
691,-37.077324,8
692,-40.233356,8
693,-88.92446,8
694,-46.043903,8
695,-66.30891,8
696,-21.656696,8
697,-37.515873,8
698,-88.454346,8
699,-78.15521,8
700,-89.7001,8
701,-104.92502,8
702,0.8329469,8
703,-16.186523,8
704,-101.67676,8
705,-44.79502,8
706,-54.346546,8
707,-121.841286,8
708,-64.21404,8
709,-124.5429,8
710,7.7698135,8
711,-53.06279,8
712,-119.54062,8
713,-34.06454,8
714,-30.499104,8
715,-55.15594,8
716,-43.702366,8
717,-69.82557,8
718,-18.676872,8
719,-35.7888,8
720,-30.416103,9
721,-64.0907,9
722,-74.410484,9
723,36.463833,9
724,-32.941975,9
725,-40.9628,9
726,-18.696373,9
727,1.2363969,9
728,-41.06322,9
729,-70.48128,9
730,-82.50167,9
731,-18.568386,9
732,-1.2863425,9
733,-35.45634,9
734,-43.365814,9
735,-51.862,9
736,-5.1888885,9
737,-29.832928,9
738,-76.190704,9
739,-77.69695,9
740,-29.64558,9
741,-8.013744,9
742,6.104168,9
743,-36.003757,9
744,-15.298164,9
745,-16.62167,9
746,-28.760479,9
747,-26.42728,9
748,-21.772667,9
749,-13.642857,9
750,-25.819775,9
751,-17.386715,9
752,51.74498,9
753,-55.80597,9
754,-41.03372,9
755,-31.401287,9
756,-49.518543,9
757,-3.4738655,9
758,-71.632835,9
759,-16.4483,9
760,-25.386806,9
761,-14.870602,9
762,32.950127,9
763,-41.27618,9
764,-53.981365,9
765,-44.45611,9
766,-8.484001,9
767,-60.36934,9
768,-25.42992,9
769,-15.9541855,9
770,-93.63527,9
771,-46.57238,9
772,-120.543625,9
773,-22.275028,9
774,-26.87611,9
775,-1.3498534,9
776,-25.730343,9
777,-43.40565,9
778,14.888447,9
779,-3.5512085,9
780,-113.30331,9
781,-42.53812,9
782,-33.52868,9
783,-18.887074,9
784,-44.344242,9
785,-52.471565,9
786,-9.704697,9
787,5.959839,9
788,-22.335632,9
789,-20.389225,9
790,-33.88551,9
791,-64.92782,9
792,-14.2902565,9
793,19.96389,9
794,-31.727196,9
795,-15.772099,9
796,-5.4172783,9
797,-2.5074043,9
798,-61.454983,9
799,-46.16982,9
