Image,Value,Label
0,-131.67096,0
1,8.384934,0
2,35.42048,0
3,-126.44505,0
4,10.797818,0
5,49.94423,0
6,50.546597,0
7,-39.14545,0
8,-38.34081,0
9,12.86794,0
10,45.925884,0
11,-18.428425,0
12,-120.25377,0
13,-71.37642,0
14,-68.0231,0
15,-6.4883227,0
16,94.7381,0
17,-41.634357,0
18,-2.899509,0
19,-52.54691,0
20,-43.26489,0
21,54.736763,0
22,-164.38297,0
23,14.001157,0
24,-221.87027,0
25,2.4553838,0
26,-78.950386,0
27,17.429714,0
28,-38.164547,0
29,-3.7027316,0
30,99.91283,0
31,-57.372128,0
32,-97.96723,0
33,-90.54862,0
34,49.89426,0
35,14.850385,0
36,0.35039577,0
37,7.019337,0
38,48.815495,0
39,-2.587833,0
40,-82.36501,0
41,-10.292827,0
42,-6.166042,0
43,55.101063,0
44,19.887348,0
45,-113.96891,0
46,60.178715,0
47,-17.920193,0
48,45.21235,0
49,-8.119197,0
50,-14.119731,0
51,46.018097,0
52,14.606793,0
53,17.193615,0
54,-86.54594,0
55,-121.70264,0
56,36.073154,0
57,-13.636704,0
58,-149.90761,0
59,101.095726,0
60,-22.166069,0
61,-62.444523,0
62,-20.913853,0
63,-110.37585,0
64,48.19173,0
65,-159.63885,0
66,-33.258503,0
67,-73.109535,0
68,10.673924,0
69,-119.582085,0
70,-185.05049,0
71,-55.314617,0
72,-67.73835,0
73,74.96078,0
74,-26.593456,0
75,-108.85745,0
76,103.4593,0
77,-16.587246,0
78,-79.80978,0
79,-133.0987,0
80,14.9215555,1
81,32.444275,1
82,82.19823,1
83,79.20543,1
84,58.86632,1
85,30.517517,1
86,62.4874,1
87,46.207222,1
88,73.70469,1
89,46.686543,1
90,43.174526,1
91,23.422459,1
92,-22.187792,1
93,13.704457,1
94,32.980515,1
95,47.48607,1
96,68.88552,1
97,21.54077,1
98,-0.90629137,1
99,75.16276,1
100,51.652603,1
101,47.03027,1
102,24.319172,1
103,30.009315,1
104,20.08995,1
105,58.70707,1
106,18.352177,1
107,34.85723,1
108,33.93632,1
109,8.091599,1
110,3.0272183,1
111,47.803436,1
112,34.652935,1
113,-3.391849,1
114,29.404114,1
115,29.73486,1
116,105.22763,1
117,33.493122,1
118,-8.942931,1
119,21.028423,1
120,26.772942,1
121,67.36359,1
122,-14.5036955,1
123,43.101723,1
124,9.172864,1
125,51.74344,1
126,109.80001,1
127,18.01451,1
128,11.765813,1
129,67.60573,1
130,30.59573,1
131,39.481922,1
132,57.690495,1
133,20.451904,1
134,40.3848,1
135,7.907658,1
136,7.2208295,1
137,9.365808,1
138,46.559345,1
139,64.35079,1
140,57.584324,1
141,56.521694,1
142,-2.0913424,1
143,38.821926,1
144,18.481781,1
145,-7.84563,1
146,-5.6532054,1
147,31.52517,1
148,102.48653,1
149,28.046238,1
150,32.93187,1
151,-0.22370091,1
152,55.920597,1
153,36.264122,1
154,96.21219,1
155,26.1945,1
156,-8.360309,1
157,36.20191,1
158,63.3267,1
159,54.672836,1
160,-14.299739,2
161,-133.57315,2
162,-51.385563,2
163,40.509712,2
164,-27.610332,2
165,8.749143,2
166,-37.276997,2
167,-59.545666,2
168,-54.456444,2
169,-87.22488,2
170,-69.16116,2
171,-87.13269,2
172,-18.87141,2
173,37.008076,2
174,1.2662398,2
175,12.98676,2
176,-44.917885,2
177,-90.47462,2
178,-17.77988,2
179,-36.362698,2
180,44.214622,2
181,-47.165257,2
182,-121.25625,2
183,-6.6032596,2
184,2.6413236,2
185,-47.52824,2
186,-25.40765,2
187,-15.687678,2
188,-76.81297,2
189,-52.65072,2
190,-24.044502,2
191,15.608533,2
192,-91.40901,2
193,-32.57893,2
194,-17.667957,2
195,52.175316,2
196,-14.173366,2
197,-12.170749,2
198,-28.039173,2
199,-22.20802,2
200,-28.840862,2
201,-24.335903,2
202,-83.49764,2
203,59.8315,2
204,-27.621922,2
205,-50.288742,2
206,9.04334,2
207,-111.94076,2
208,-75.949615,2
209,-49.806393,2
210,-23.624775,2
211,-89.92098,2
212,3.990727,2
213,-37.65109,2
214,-73.74309,2
215,-50.01457,2
216,-16.833736,2
217,26.321354,2
218,-34.27995,2
219,-29.7644,2
220,-73.95342,2
221,-153.93033,2
222,-51.314777,2
223,-22.990444,2
224,21.451786,2
225,-1.6279558,2
226,-52.72552,2
227,79.4634,2
228,-52.972603,2
229,28.705982,2
230,-42.922512,2
231,-21.247662,2
232,10.957448,2
233,-31.092937,2
234,-15.259784,2
235,-29.954342,2
236,-54.39632,2
237,-43.384724,2
238,16.168015,2
239,-20.711887,2
240,162.92894,3
241,110.5316,3
242,71.612114,3
243,62.28787,3
244,175.46031,3
245,135.67987,3
246,204.65161,3
247,73.36591,3
248,96.203835,3
249,94.763504,3
250,139.81544,3
251,114.372955,3
252,147.85556,3
253,131.14607,3
254,100.82219,3
255,87.12353,3
256,99.02667,3
257,33.952545,3
258,98.16005,3
259,192.08609,3
260,114.63644,3
261,158.13484,3
262,112.33346,3
263,148.25464,3
264,32.30911,3
265,134.90866,3
266,157.60428,3
267,135.79355,3
268,15.459622,3
269,78.115814,3
270,44.48119,3
271,84.93352,3
272,146.14664,3
273,164.30057,3
274,125.56699,3
275,130.30594,3
276,155.7654,3
277,21.625675,3
278,100.917984,3
279,120.013145,3
280,129.29541,3
281,80.94188,3
282,166.10571,3
283,216.87363,3
284,31.095375,3
285,58.388325,3
286,118.36193,3
287,224.54881,3
288,181.34212,3
289,-0.24984303,3
290,165.11224,3
291,150.39246,3
292,179.35364,3
293,148.9891,3
294,176.10965,3
295,15.380734,3
296,148.13034,3
297,115.15648,3
298,152.62645,3
299,70.37577,3
300,134.04926,3
301,223.17606,3
302,76.99604,3
303,161.94698,3
304,-11.62379,3
305,158.13779,3
306,118.02154,3
307,94.679726,3
308,98.26877,3
309,153.51398,3
310,269.7784,3
311,78.50665,3
312,117.272896,3
313,95.37128,3
314,87.11741,3
315,127.433784,3
316,80.929375,3
317,69.11747,3
318,128.31473,3
319,-70.7344,3
320,52.122246,4
321,79.34313,4
322,95.826195,4
323,35.948917,4
324,111.99215,4
325,95.85236,4
326,98.55214,4
327,177.287,4
328,122.8122,4
329,38.333477,4
330,103.0688,4
331,52.20203,4
332,132.18066,4
333,64.43292,4
334,165.56396,4
335,66.95653,4
336,33.84959,4
337,120.90093,4
338,196.79376,4
339,91.60839,4
340,72.43208,4
341,77.39223,4
342,139.72581,4
343,68.24288,4
344,178.3006,4
345,138.45195,4
346,81.30823,4
347,-99.667595,4
348,48.556095,4
349,51.153217,4
350,215.44292,4
351,-90.151344,4
352,90.77769,4
353,29.27964,4
354,-48.15269,4
355,71.973656,4
356,126.529175,4
357,77.37557,4
358,60.759155,4
359,83.11817,4
360,126.438286,4
361,144.48445,4
362,89.85611,4
363,33.77909,4
364,16.826603,4
365,84.34627,4
366,56.371853,4
367,151.36858,4
368,160.17789,4
369,93.46757,4
370,23.784203,4
371,90.29438,4
372,52.87002,4
373,77.30512,4
374,204.8323,4
375,174.23616,4
376,44.581524,4
377,131.82729,4
378,143.23918,4
379,3.921597,4
380,103.78159,4
381,80.75494,4
382,147.41356,4
383,107.656044,4
384,36.804256,4
385,76.28075,4
386,163.4492,4
387,143.58617,4
388,30.98,4
389,50.1144,4
390,4.6614194,4
391,116.15354,4
392,161.69357,4
393,99.74671,4
394,64.01955,4
395,88.86308,4
396,145.35687,4
397,9.616132,4
398,39.597324,4
399,10.863149,4
400,21.740116,5
401,103.10916,5
402,192.81905,5
403,104.375465,5
404,207.97533,5
405,46.428356,5
406,151.46365,5
407,12.930753,5
408,209.20932,5
409,21.102814,5
410,105.12269,5
411,207.47354,5
412,31.24447,5
413,131.67336,5
414,178.48389,5
415,126.27735,5
416,-0.8382982,5
417,75.30162,5
418,163.26355,5
419,113.80937,5
420,201.00343,5
421,132.79526,5
422,159.46548,5
423,308.22116,5
424,128.28067,5
425,88.767365,5
426,186.36629,5
427,270.3362,5
428,250.12259,5
429,166.12137,5
430,173.85353,5
431,191.69754,5
432,37.67728,5
433,69.371346,5
434,177.19458,5
435,179.0058,5
436,118.862305,5
437,197.67386,5
438,145.08995,5
439,-3.5977893,5
440,152.34216,5
441,186.71051,5
442,255.65822,5
443,155.26236,5
444,105.980644,5
445,147.36258,5
446,198.51335,5
447,82.0547,5
448,311.8428,5
449,88.63751,5
450,143.09044,5
451,74.52595,5
452,200.413,5
453,104.503624,5
454,73.039406,5
455,212.41035,5
456,-28.429852,5
457,143.81918,5
458,146.74802,5
459,248.72983,5
460,176.28351,5
461,224.18796,5
462,78.75733,5
463,86.524956,5
464,174.16989,5
465,105.01135,5
466,235.88991,5
467,78.119194,5
468,140.59967,5
469,239.11473,5
470,203.4833,5
471,78.11652,5
472,153.3483,5
473,11.398152,5
474,161.49199,5
475,182.43048,5
476,195.78072,5
477,65.08693,5
478,34.388706,5
479,122.51994,5
480,68.26244,6
481,-34.53703,6
482,67.20018,6
483,79.24992,6
484,75.27483,6
485,71.683975,6
486,24.69384,6
487,66.12887,6
488,71.55136,6
489,-58.68559,6
490,3.6931577,6
491,86.12059,6
492,-71.246445,6
493,83.35998,6
494,-30.168613,6
495,-12.311656,6
496,20.41296,6
497,63.96924,6
498,-63.56632,6
499,-158.57977,6
500,50.34245,6
501,-27.562828,6
502,88.093376,6
503,-17.800507,6
504,100.28477,6
505,-5.0235476,6
506,-57.634308,6
507,-40.775585,6
508,-8.5788145,6
509,-17.432056,6
510,7.596104,6
511,28.92522,6
512,-88.60749,6
513,38.29108,6
514,43.601078,6
515,10.952958,6
516,107.40211,6
517,56.904476,6
518,101.21355,6
519,104.77427,6
520,85.51391,6
521,84.86047,6
522,-13.618175,6
523,18.572807,6
524,-173.54315,6
525,44.69367,6
526,1.6924597,6
527,42.826275,6
528,-56.271,6
529,63.072193,6
530,18.86762,6
531,-57.319492,6
532,-36.12559,6
533,85.59431,6
534,-64.71981,6
535,58.194904,6
536,1.0706526,6
537,56.549767,6
538,101.32777,6
539,-14.328223,6
540,-48.370728,6
541,39.20654,6
542,46.785652,6
543,108.681076,6
544,-79.78981,6
545,90.3708,6
546,94.69596,6
547,-19.283,6
548,16.808647,6
549,73.68882,6
550,1.313481,6
551,-55.480755,6
552,58.711937,6
553,77.71657,6
554,36.1428,6
555,32.053226,6
556,104.02764,6
557,-161.97621,6
558,-142.79904,6
559,20.029922,6
560,101.11928,7
561,51.61777,7
562,28.52631,7
563,140.34235,7
564,180.32466,7
565,125.03788,7
566,33.424343,7
567,122.83132,7
568,126.73867,7
569,38.679073,7
570,65.59225,7
571,67.50741,7
572,95.18289,7
573,88.577805,7
574,23.971664,7
575,93.43624,7
576,33.40315,7
577,67.548485,7
578,87.48147,7
579,86.633835,7
580,65.21448,7
581,69.781166,7
582,97.97309,7
583,101.35245,7
584,56.484737,7
585,25.145977,7
586,129.18417,7
587,55.628757,7
588,72.71105,7
589,122.84705,7
590,52.743473,7
591,46.600384,7
592,96.846245,7
593,31.123264,7
594,77.47039,7
595,48.09688,7
596,96.71228,7
597,107.45258,7
598,119.109024,7
599,145.70804,7
600,189.40022,7
601,76.77806,7
602,78.139824,7
603,76.33491,7
604,107.745445,7
605,94.21848,7
606,73.687996,7
607,78.78794,7
608,155.99307,7
609,52.67935,7
610,103.715126,7
611,39.31513,7
612,46.985455,7
613,152.42422,7
614,98.83471,7
615,39.846912,7
616,129.21988,7
617,101.95611,7
618,74.98619,7
619,53.174038,7
620,103.24724,7
621,88.56611,7
622,94.44596,7
623,75.214645,7
624,-17.293018,7
625,78.15649,7
626,56.01751,7
627,100.93779,7
628,44.042393,7
629,113.14571,7
630,140.6826,7
631,44.759544,7
632,87.94749,7
633,111.152306,7
634,119.53702,7
635,109.09013,7
636,129.09537,7
637,117.03794,7
638,-7.603,7
639,50.569927,7
640,137.38214,8
641,110.46732,8
642,128.39018,8
643,47.457905,8
644,124.52779,8
645,85.996155,8
646,72.239265,8
647,88.29847,8
648,127.039276,8
649,120.98597,8
650,154.86319,8
651,119.1365,8
652,189.0833,8
653,100.95266,8
654,168.39816,8
655,150.05194,8
656,109.86301,8
657,87.16166,8
658,75.38467,8
659,13.975331,8
660,128.11954,8
661,78.38302,8
662,85.841156,8
663,143.91382,8
664,142.97171,8
665,54.404716,8
666,183.4407,8
667,109.648766,8
668,116.132614,8
669,166.02454,8
670,62.292538,8
671,102.13947,8
672,109.838196,8
673,120.87018,8
674,54.73655,8
675,155.241,8
676,-5.259563,8
677,98.01804,8
678,65.82516,8
679,162.91347,8
680,91.091286,8
681,104.94575,8
682,160.92761,8
683,97.58476,8
684,98.81846,8
685,143.7514,8
686,12.15273,8
687,198.9119,8
688,156.98715,8
689,48.36204,8
690,100.30028,8
691,106.60832,8
692,168.66217,8
693,205.21503,8
694,144.1152,8
695,86.65145,8
696,170.7413,8
697,112.55105,8
698,30.059662,8
699,122.77455,8
700,148.99803,8
701,153.38315,8
702,105.59752,8
703,93.87342,8
704,135.50427,8
705,156.89145,8
706,108.375404,8
707,52.1271,8
708,89.28997,8
709,135.29367,8
710,71.87817,8
711,102.70162,8
712,97.7421,8
713,58.554893,8
714,121.36857,8
715,150.01343,8
716,68.07792,8
717,67.29251,8
718,129.77374,8
719,80.23858,8
720,160.99432,9
721,268.09088,9
722,31.89989,9
723,163.12587,9
724,86.355934,9
725,173.97203,9
726,133.7833,9
727,61.73979,9
728,127.60871,9
729,60.529537,9
730,39.631496,9
731,141.23335,9
732,73.971,9
733,154.30728,9
734,194.79437,9
735,159.43454,9
736,121.45847,9
737,116.74016,9
738,122.90421,9
739,153.17957,9
740,158.25188,9
741,120.29046,9
742,16.802883,9
743,211.01743,9
744,-79.17916,9
745,21.939999,9
746,116.264694,9
747,158.77744,9
748,117.99439,9
749,139.4151,9
750,109.533585,9
751,152.0568,9
752,126.230484,9
753,176.59352,9
754,160.62244,9
755,88.96804,9
756,113.2176,9
757,122.31667,9
758,-18.638638,9
759,89.93029,9
760,156.15912,9
761,158.65367,9
762,-29.203312,9
763,77.85209,9
764,129.89484,9
765,39.882175,9
766,149.14554,9
767,158.20938,9
768,154.32236,9
769,106.33045,9
770,204.89468,9
771,158.87892,9
772,71.51615,9
773,107.41946,9
774,161.21284,9
775,152.56143,9
776,226.20653,9
777,164.46265,9
778,16.572289,9
779,145.35025,9
780,120.84631,9
781,-48.372982,9
782,94.29009,9
783,152.56125,9
784,80.188866,9
785,164.0907,9
786,-27.875141,9
787,125.66558,9
788,148.43936,9
789,183.83311,9
790,66.7226,9
791,2.6509595,9
792,206.92316,9
793,42.01703,9
794,90.484825,9
795,146.81743,9
796,130.76938,9
797,157.51399,9
798,250.92569,9
799,139.10744,9
