Image,Value,Label
0,2.6018414,0
1,14.337128,0
2,67.71424,0
3,8.108089,0
4,36.134487,0
5,57.56548,0
6,-41.498142,0
7,31.725788,0
8,-32.092075,0
9,32.21951,0
10,43.95889,0
11,23.071468,0
12,18.630085,0
13,10.659084,0
14,7.0739636,0
15,70.8911,0
16,45.358715,0
17,48.0488,0
18,-29.607067,0
19,69.75796,0
20,54.734486,0
21,51.244225,0
22,34.788136,0
23,61.338486,0
24,4.5221753,0
25,22.539898,0
26,-0.7373691,0
27,42.295334,0
28,65.72231,0
29,1.9872478,0
30,52.771217,0
31,82.10381,0
32,-6.9329867,0
33,67.19939,0
34,40.877186,0
35,45.868008,0
36,29.535213,0
37,19.675571,0
38,55.58518,0
39,42.17892,0
40,-7.801479,0
41,65.03216,0
42,60.65932,0
43,-11.130703,0
44,72.98665,0
45,-4.102962,0
46,44.142704,0
47,-1.2179981,0
48,24.492317,0
49,13.159237,0
50,26.728031,0
51,53.230404,0
52,-42.79806,0
53,60.917843,0
54,5.728703,0
55,34.5377,0
56,24.938534,0
57,15.394821,0
58,5.921284,0
59,29.585327,0
60,36.75533,0
61,-7.1771197,0
62,25.001438,0
63,83.22471,0
64,8.402393,0
65,-22.83015,0
66,-6.0888705,0
67,34.675392,0
68,6.440964,0
69,37.563557,0
70,17.263859,0
71,84.58453,0
72,59.44318,0
73,88.578705,0
74,54.158283,0
75,39.327114,0
76,14.461826,0
77,-19.151058,0
78,-14.021435,0
79,89.75533,0
80,4.8762336,1
81,45.15593,1
82,32.272346,1
83,26.278343,1
84,36.177937,1
85,-3.4400678,1
86,23.649305,1
87,33.876987,1
88,51.631767,1
89,17.927084,1
90,33.902496,1
91,24.779003,1
92,0.3200468,1
93,7.750977,1
94,34.327023,1
95,25.61715,1
96,17.347637,1
97,31.954762,1
98,15.559736,1
99,38.316956,1
100,30.107311,1
101,34.910275,1
102,11.011082,1
103,27.846977,1
104,24.959425,1
105,36.518005,1
106,13.968641,1
107,18.503866,1
108,22.999773,1
109,36.79029,1
110,10.293438,1
111,43.60966,1
112,24.91135,1
113,8.4,1
114,14.376919,1
115,30.762968,1
116,43.973965,1
117,32.977436,1
118,4.789685,1
119,35.72131,1
120,32.691593,1
121,35.15639,1
122,3.0306354,1
123,2.732592,1
124,18.19267,1
125,36.07079,1
126,50.85922,1
127,23.383787,1
128,12.408413,1
129,25.473509,1
130,22.983383,1
131,33.05206,1
132,58.29272,1
133,30.228378,1
134,25.667004,1
135,6.713819,1
136,6.259607,1
137,17.889866,1
138,11.142277,1
139,25.677671,1
140,24.91269,1
141,36.904514,1
142,-1.1248242,1
143,18.013725,1
144,13.280577,1
145,13.06427,1
146,2.9609847,1
147,13.522479,1
148,27.84737,1
149,23.740227,1
150,6.748924,1
151,16.30036,1
152,104.08413,1
153,5.7701516,1
154,34.187252,1
155,11.266676,1
156,49.463474,1
157,30.951809,1
158,36.70041,1
159,24.640974,1
160,0.6024155,2
161,43.718777,2
162,43.888084,2
163,78.36553,2
164,26.283436,2
165,123.649574,2
166,47.287395,2
167,-18.553265,2
168,33.875217,2
169,76.67211,2
170,37.577534,2
171,32.68761,2
172,4.260754,2
173,68.517334,2
174,1.465321,2
175,93.017525,2
176,36.366436,2
177,28.869114,2
178,-29.145298,2
179,20.606144,2
180,23.858116,2
181,94.69453,2
182,111.895676,2
183,133.37375,2
184,-40.75864,2
185,63.386707,2
186,86.77907,2
187,32.072403,2
188,40.001175,2
189,45.978252,2
190,-5.216829,2
191,76.731026,2
192,80.60415,2
193,60.07839,2
194,59.434917,2
195,-64.61146,2
196,73.16626,2
197,33.05354,2
198,62.894363,2
199,77.258606,2
200,34.52225,2
201,4.8727307,2
202,43.247326,2
203,161.1572,2
204,111.92048,2
205,77.60084,2
206,69.05323,2
207,29.457676,2
208,31.538929,2
209,166.17972,2
210,59.858128,2
211,79.34373,2
212,94.92193,2
213,81.224525,2
214,29.273148,2
215,52.24247,2
216,15.269798,2
217,-28.493778,2
218,-10.807018,2
219,138.27182,2
220,94.66889,2
221,33.50156,2
222,61.167873,2
223,5.830704,2
224,107.436615,2
225,116.716736,2
226,215.42793,2
227,92.46712,2
228,15.947693,2
229,33.851963,2
230,74.60057,2
231,51.185368,2
232,60.422382,2
233,113.212654,2
234,35.762253,2
235,37.219486,2
236,-3.1219897,2
237,-33.613773,2
238,112.84373,2
239,66.246925,2
240,-19.32417,3
241,15.535633,3
242,6.996121,3
243,-29.552124,3
244,22.977268,3
245,-11.465225,3
246,-4.5243793,3
247,22.110104,3
248,-8.644733,3
249,39.83572,3
250,-64.74775,3
251,42.07914,3
252,-21.950665,3
253,-45.754528,3
254,-35.2876,3
255,-47.255245,3
256,-23.549358,3
257,-92.81342,3
258,-100.2787,3
259,-1.7875324,3
260,-36.65906,3
261,-27.444523,3
262,-19.161121,3
263,58.39474,3
264,6.2350736,3
265,-58.782887,3
266,-26.79977,3
267,2.8680387,3
268,-15.286953,3
269,-16.766651,3
270,-18.798084,3
271,1.0854381,3
272,3.6173062,3
273,6.2420774,3
274,14.047474,3
275,56.347347,3
276,-81.43718,3
277,-30.020666,3
278,-40.300343,3
279,73.252945,3
280,39.091515,3
281,-38.907146,3
282,-3.2542377,3
283,-34.275055,3
284,38.772213,3
285,-60.605328,3
286,-18.020092,3
287,38.824932,3
288,-51.212917,3
289,45.563313,3
290,-20.947598,3
291,10.065472,3
292,-41.994106,3
293,-9.831646,3
294,-3.242824,3
295,-40.284214,3
296,-9.455639,3
297,-45.167557,3
298,-55.890934,3
299,-94.84678,3
300,35.972248,3
301,-50.003246,3
302,31.978224,3
303,50.922802,3
304,-58.50065,3
305,6.3133893,3
306,-41.849934,3
307,21.509727,3
308,8.578678,3
309,30.094975,3
310,-12.962154,3
311,-11.179897,3
312,13.600323,3
313,-17.027283,3
314,-46.546047,3
315,-21.282543,3
316,34.213844,3
317,-89.89634,3
318,-20.038109,3
319,-8.737995,3
320,63.35091,4
321,60.681633,4
322,35.334476,4
323,36.32211,4
324,53.19942,4
325,55.17569,4
326,35.786625,4
327,81.789024,4
328,45.731476,4
329,64.75466,4
330,9.598625,4
331,78.4136,4
332,67.271355,4
333,83.424995,4
334,58.98531,4
335,71.784485,4
336,72.562546,4
337,9.925114,4
338,75.9116,4
339,33.94968,4
340,93.4434,4
341,15.174803,4
342,48.88023,4
343,37.04732,4
344,56.602642,4
345,65.97013,4
346,71.45128,4
347,85.108696,4
348,57.159286,4
349,47.04987,4
350,40.235546,4
351,6.1772504,4
352,77.51205,4
353,43.30086,4
354,50.88827,4
355,34.150608,4
356,60.11291,4
357,74.52504,4
358,76.40775,4
359,26.793915,4
360,48.982403,4
361,62.203747,4
362,7.1784596,4
363,79.18226,4
364,61.00454,4
365,49.284336,4
366,41.01798,4
367,38.86635,4
368,78.7997,4
369,67.58346,4
370,73.80128,4
371,88.72391,4
372,82.238884,4
373,24.086489,4
374,55.84595,4
375,30.835209,4
376,60.304882,4
377,58.920998,4
378,63.37278,4
379,45.88271,4
380,51.416607,4
381,61.112743,4
382,50.54316,4
383,0.8424687,4
384,35.67522,4
385,95.74938,4
386,25.188807,4
387,75.27183,4
388,58.08626,4
389,101.98163,4
390,44.58109,4
391,18.454672,4
392,58.68796,4
393,44.919422,4
394,16.794338,4
395,44.611507,4
396,89.57789,4
397,55.91434,4
398,60.51795,4
399,26.617813,4
400,-45.52479,5
401,14.146816,5
402,83.193886,5
403,-7.1849704,5
404,89.27468,5
405,-5.898647,5
406,38.417423,5
407,72.4902,5
408,68.946754,5
409,42.367443,5
410,93.77957,5
411,50.577427,5
412,53.713707,5
413,29.887821,5
414,76.49775,5
415,52.97762,5
416,-32.063976,5
417,19.10017,5
418,77.184105,5
419,-66.86593,5
420,101.585594,5
421,51.91747,5
422,113.64355,5
423,83.99882,5
424,27.05109,5
425,49.94985,5
426,59.5786,5
427,65.70825,5
428,9.606297,5
429,8.852673,5
430,-36.639507,5
431,51.02263,5
432,68.60077,5
433,75.28202,5
434,2.4581113,5
435,31.101566,5
436,17.325737,5
437,74.29469,5
438,59.011486,5
439,73.80081,5
440,87.59128,5
441,110.944595,5
442,68.18193,5
443,32.332016,5
444,93.87685,5
445,56.505238,5
446,80.70204,5
447,-27.931637,5
448,21.720478,5
449,85.14288,5
450,78.632706,5
451,-1.569431,5
452,41.437252,5
453,21.96632,5
454,107.4807,5
455,95.37261,5
456,30.36478,5
457,-118.52342,5
458,25.315876,5
459,38.268703,5
460,41.518776,5
461,-34.257114,5
462,-21.55325,5
463,9.658268,5
464,27.406452,5
465,32.1945,5
466,79.54731,5
467,25.252895,5
468,44.086227,5
469,77.033775,5
470,87.824455,5
471,-1.2114445,5
472,29.59502,5
473,60.95618,5
474,1.206654,5
475,62.75192,5
476,34.11539,5
477,58.51801,5
478,112.56531,5
479,52.593304,5
480,79.729,6
481,102.4001,6
482,98.25152,6
483,131.53423,6
484,68.335846,6
485,125.51968,6
486,109.67927,6
487,123.50289,6
488,142.2331,6
489,90.41342,6
490,92.85306,6
491,83.77419,6
492,42.636936,6
493,113.810936,6
494,79.333244,6
495,48.940506,6
496,68.34727,6
497,119.44268,6
498,56.80198,6
499,97.83983,6
500,97.41827,6
501,95.212944,6
502,84.78713,6
503,127.165504,6
504,104.06902,6
505,51.898567,6
506,102.702,6
507,64.11804,6
508,76.72276,6
509,143.09216,6
510,95.76703,6
511,116.60764,6
512,91.74975,6
513,107.99385,6
514,88.19729,6
515,82.655556,6
516,113.47573,6
517,72.519264,6
518,101.17876,6
519,53.725655,6
520,144.87189,6
521,67.21166,6
522,137.88075,6
523,24.676178,6
524,45.402073,6
525,61.72452,6
526,121.149155,6
527,93.22677,6
528,69.00841,6
529,71.56065,6
530,81.78073,6
531,73.33379,6
532,131.75153,6
533,62.717827,6
534,75.25403,6
535,139.3559,6
536,49.881367,6
537,-1.4579731,6
538,80.80238,6
539,74.99779,6
540,102.39521,6
541,55.138317,6
542,54.839844,6
543,119.89564,6
544,87.605606,6
545,82.2881,6
546,158.7115,6
547,119.26209,6
548,80.67136,6
549,84.06519,6
550,98.55466,6
551,80.11388,6
552,79.973976,6
553,96.11587,6
554,90.81579,6
555,75.18514,6
556,63.846497,6
557,50.43614,6
558,62.406395,6
559,87.53865,6
560,-129.03746,7
561,-38.22342,7
562,-25.536625,7
563,-34.39463,7
564,-65.278404,7
565,-59.34938,7
566,-80.54662,7
567,-79.33026,7
568,-90.0974,7
569,-44.581818,7
570,-91.87026,7
571,-12.525994,7
572,-52.224037,7
573,-148.68279,7
574,-11.459247,7
575,-53.24148,7
576,-56.670444,7
577,-49.507942,7
578,-30.010899,7
579,-53.763714,7
580,-51.08279,7
581,-61.045788,7
582,-44.934128,7
583,-146.59962,7
584,-118.7051,7
585,-124.960045,7
586,-120.68214,7
587,-115.61109,7
588,-52.798603,7
589,-103.40512,7
590,-204.9487,7
591,-34.18237,7
592,-51.222607,7
593,-44.113865,7
594,-98.32968,7
595,-31.847958,7
596,-72.15728,7
597,-86.57651,7
598,-51.997173,7
599,-122.07772,7
600,-60.234997,7
601,-28.6361,7
602,-57.243336,7
603,-68.59331,7
604,-39.07688,7
605,-105.032845,7
606,-85.17272,7
607,-194.82285,7
608,-33.65732,7
609,-34.687263,7
610,-91.773415,7
611,-162.32681,7
612,-142.91707,7
613,-40.928288,7
614,-107.57278,7
615,-33.4373,7
616,-59.99634,7
617,-52.41319,7
618,31.758415,7
619,-127.95812,7
620,12.244162,7
621,-47.88397,7
622,-98.09452,7
623,53.416183,7
624,-28.433044,7
625,-164.8016,7
626,-52.365818,7
627,-47.539055,7
628,-44.098972,7
629,-63.46237,7
630,-81.41213,7
631,-25.30688,7
632,-39.27127,7
633,-29.16131,7
634,-153.1446,7
635,-75.55881,7
636,-79.34323,7
637,-77.689545,7
638,-96.19247,7
639,-65.49056,7
640,63.030003,8
641,22.936733,8
642,-1.3008229,8
643,27.580019,8
644,26.091373,8
645,-0.8101154,8
646,60.24423,8
647,12.858227,8
648,22.62836,8
649,-12.568836,8
650,18.978092,8
651,4.695927,8
652,-34.366512,8
653,4.3683515,8
654,23.434849,8
655,27.569462,8
656,13.079281,8
657,-20.029385,8
658,-55.52933,8
659,12.968418,8
660,-12.381771,8
661,32.931965,8
662,39.425938,8
663,23.125004,8
664,26.38242,8
665,2.2043996,8
666,58.90283,8
667,10.970741,8
668,-4.463474,8
669,-1.443668,8
670,16.158154,8
671,-9.276054,8
672,-24.926456,8
673,7.8780637,8
674,-14.463371,8
675,29.928844,8
676,25.203472,8
677,30.294155,8
678,16.235352,8
679,42.25114,8
680,39.479824,8
681,-16.322155,8
682,-26.854488,8
683,25.130291,8
684,1.74519,8
685,17.41824,8
686,21.223354,8
687,82.3805,8
688,19.481312,8
689,14.219208,8
690,-18.192638,8
691,-19.515965,8
692,15.391735,8
693,31.094883,8
694,3.2727475,8
695,-36.51402,8
696,-81.296135,8
697,0.9666371,8
698,32.59802,8
699,31.74744,8
700,-13.425877,8
701,23.269848,8
702,4.5216947,8
703,12.473324,8
704,-35.916378,8
705,38.911816,8
706,39.723743,8
707,38.678688,8
708,-13.438473,8
709,-0.44226417,8
710,6.2265744,8
711,8.134075,8
712,71.31782,8
713,0.835751,8
714,-9.6924095,8
715,-9.033138,8
716,10.039242,8
717,8.073269,8
718,-0.33301124,8
719,18.668343,8
720,1.0155529,9
721,-24.343693,9
722,-19.840527,9
723,18.084538,9
724,-15.78381,9
725,-62.271904,9
726,4.8666844,9
727,-3.6425967,9
728,9.762909,9
729,18.394184,9
730,26.757088,9
731,31.545692,9
732,-58.54687,9
733,-27.82748,9
734,-10.136894,9
735,5.7264066,9
736,23.703157,9
737,-38.7588,9
738,29.911816,9
739,22.933796,9
740,7.7360883,9
741,10.905964,9
742,-67.57942,9
743,21.909203,9
744,-7.338016,9
745,-9.319508,9
746,9.485824,9
747,-36.918056,9
748,2.1556592,9
749,-5.9983478,9
750,29.941097,9
751,-48.336727,9
752,19.186497,9
753,-14.843021,9
754,-65.67843,9
755,-27.417252,9
756,31.521091,9
757,29.280876,9
758,-20.37505,9
759,28.131147,9
760,-22.244064,9
761,9.349392,9
762,-21.457958,9
763,-98.90502,9
764,-11.281452,9
765,23.386524,9
766,15.561489,9
767,-20.937,9
768,-4.1748614,9
769,18.97192,9
770,-50.465084,9
771,-26.786688,9
772,-48.074306,9
773,-14.818859,9
774,-23.308422,9
775,17.75954,9
776,-22.368053,9
777,-5.9846187,9
778,18.086933,9
779,19.479904,9
780,-78.91235,9
781,-48.974674,9
782,34.855965,9
783,-28.711475,9
784,-16.601208,9
785,9.354382,9
786,-31.042873,9
787,28.354431,9
788,37.963238,9
789,-11.616268,9
790,31.024487,9
791,-9.646709,9
792,-34.35638,9
793,-22.834164,9
794,5.196255,9
795,-26.497486,9
796,-34.95966,9
797,8.069038,9
798,13.61417,9
799,0.590239,9
