Image,Value,Label
0,-85.841576,0
1,-51.380486,0
2,-78.968925,0
3,-108.867455,0
4,-65.279396,0
5,-77.713264,0
6,-43.46746,0
7,-123.04998,0
8,-142.19249,0
9,-75.42861,0
10,149.48326,0
11,-98.70475,0
12,-144.51526,0
13,-148.09409,0
14,-141.47667,0
15,-29.793365,0
16,-5.4856806,0
17,-85.41569,0
18,-168.84703,0
19,-65.52117,0
20,-105.35791,0
21,-46.58512,0
22,-144.99437,0
23,-16.45055,0
24,-113.77562,0
25,-43.617886,0
26,-139.27208,0
27,-39.14338,0
28,-57.830406,0
29,-137.95036,0
30,59.503925,0
31,104.304955,0
32,-115.33685,0
33,19.36522,0
34,-88.5699,0
35,-83.13207,0
36,-88.21435,0
37,-64.057495,0
38,4.9269514,0
39,74.67193,0
40,-168.5968,0
41,-100.70149,0
42,53.437843,0
43,-61.58857,0
44,-15.626344,0
45,-58.08253,0
46,93.0752,0
47,-102.802574,0
48,-84.33845,0
49,-80.16752,0
50,-56.85574,0
51,-13.018716,0
52,-78.87258,0
53,-1.2349634,0
54,-24.994003,0
55,-62.676853,0
56,-134.00455,0
57,-84.55247,0
58,-61.16633,0
59,73.016266,0
60,-72.859406,0
61,-164.92632,0
62,-103.05868,0
63,-21.882809,0
64,62.121452,0
65,-97.20907,0
66,-76.07759,0
67,-100.61721,0
68,-58.252712,0
69,-35.94127,0
70,-65.41387,0
71,92.44663,0
72,-148.2937,0
73,51.77108,0
74,-110.170166,0
75,-169.94957,0
76,-13.100751,0
77,-31.741661,0
78,-97.11496,0
79,-73.60709,0
80,152.33385,1
81,20.340637,1
82,172.49455,1
83,145.3604,1
84,159.02058,1
85,134.83038,1
86,115.49122,1
87,129.6573,1
88,159.25255,1
89,184.47246,1
90,119.562225,1
91,132.82149,1
92,120.27187,1
93,200.00339,1
94,98.642555,1
95,84.5725,1
96,181.33752,1
97,101.50704,1
98,118.08474,1
99,147.22832,1
100,109.424774,1
101,119.64776,1
102,224.0388,1
103,109.5241,1
104,122.34437,1
105,129.89111,1
106,167.7272,1
107,211.84224,1
108,128.21582,1
109,112.18491,1
110,205.13731,1
111,137.53545,1
112,177.79742,1
113,160.64742,1
114,185.19054,1
115,95.7533,1
116,179.58853,1
117,138.16411,1
118,185.86523,1
119,123.65526,1
120,93.90714,1
121,121.80833,1
122,97.84559,1
123,144.66548,1
124,72.903694,1
125,115.43276,1
126,136.76303,1
127,75.91886,1
128,139.75102,1
129,137.55219,1
130,170.34312,1
131,114.03157,1
132,61.790985,1
133,142.17606,1
134,95.93004,1
135,111.45673,1
136,133.02657,1
137,97.89077,1
138,169.56311,1
139,151.16872,1
140,161.82176,1
141,126.68109,1
142,171.71127,1
143,144.0155,1
144,87.856316,1
145,186.1165,1
146,122.18124,1
147,139.79547,1
148,166.58612,1
149,203.89189,1
150,185.26768,1
151,224.64595,1
152,186.11896,1
153,188.0143,1
154,162.11198,1
155,190.64865,1
156,253.04485,1
157,138.96344,1
158,121.88865,1
159,176.20029,1
160,144.3318,2
161,146.8847,2
162,83.63223,2
163,77.78101,2
164,151.72404,2
165,90.0312,2
166,115.46729,2
167,143.48357,2
168,85.692505,2
169,177.98132,2
170,106.88414,2
171,163.17705,2
172,18.727816,2
173,51.068794,2
174,87.374886,2
175,111.23393,2
176,59.988052,2
177,59.786324,2
178,-52.174118,2
179,227.67993,2
180,-34.72499,2
181,163.77315,2
182,23.423958,2
183,122.322845,2
184,76.876755,2
185,202.12135,2
186,109.69256,2
187,37.3589,2
188,56.3511,2
189,128.88795,2
190,121.040764,2
191,149.02908,2
192,140.93578,2
193,199.49043,2
194,129.3626,2
195,95.186745,2
196,58.804176,2
197,116.859985,2
198,97.18137,2
199,-40.310665,2
200,-1.88379,2
201,225.2958,2
202,13.507064,2
203,-27.089653,2
204,84.23136,2
205,118.0874,2
206,86.9782,2
207,29.827461,2
208,181.20824,2
209,123.05528,2
210,151.2715,2
211,2.4331808,2
212,71.21137,2
213,116.82821,2
214,68.78417,2
215,126.219215,2
216,158.01634,2
217,7.2525296,2
218,131.4877,2
219,132.78265,2
220,123.35717,2
221,114.40535,2
222,198.62321,2
223,98.561806,2
224,139.5563,2
225,113.76232,2
226,160.61781,2
227,170.48573,2
228,115.38855,2
229,22.619709,2
230,19.798271,2
231,102.92396,2
232,33.896614,2
233,120.40609,2
234,148.00659,2
235,50.758636,2
236,97.701385,2
237,143.06941,2
238,14.961677,2
239,30.033817,2
240,84.16688,3
241,117.76363,3
242,75.086266,3
243,-39.51486,3
244,29.35385,3
245,23.813377,3
246,-16.373,3
247,21.379791,3
248,185.37683,3
249,38.570267,3
250,26.804838,3
251,146.59097,3
252,45.515747,3
253,65.659706,3
254,71.56163,3
255,152.3986,3
256,-35.27722,3
257,99.04747,3
258,103.24972,3
259,-8.558351,3
260,32.380577,3
261,71.2246,3
262,136.47452,3
263,66.3821,3
264,111.407585,3
265,-4.938016,3
266,97.57212,3
267,143.77678,3
268,-22.45211,3
269,1.9603529,3
270,78.49143,3
271,70.503944,3
272,137.82567,3
273,80.28246,3
274,76.869156,3
275,8.489669,3
276,-14.721692,3
277,65.85464,3
278,21.590218,3
279,216.91289,3
280,114.28178,3
281,69.42537,3
282,67.62441,3
283,-87.129974,3
284,153.86333,3
285,80.89939,3
286,-90.34687,3
287,20.804932,3
288,55.815468,3
289,82.88213,3
290,58.330833,3
291,7.392395,3
292,16.754385,3
293,-6.9596395,3
294,116.99631,3
295,125.24077,3
296,52.747272,3
297,28.46873,3
298,117.10818,3
299,-47.676193,3
300,91.594864,3
301,-17.637085,3
302,31.700218,3
303,76.03986,3
304,107.42567,3
305,62.18449,3
306,60.16854,3
307,39.128403,3
308,75.97898,3
309,84.26556,3
310,53.27148,3
311,158.70923,3
312,65.25137,3
313,47.38298,3
314,100.3648,3
315,63.257698,3
316,114.975365,3
317,-14.860589,3
318,95.62644,3
319,84.74291,3
320,-195.0732,4
321,-23.23837,4
322,-58.748615,4
323,22.424358,4
324,-145.59093,4
325,-113.847595,4
326,-2.4174242,4
327,-3.7802105,4
328,109.2137,4
329,41.45822,4
330,-96.960014,4
331,-174.275,4
332,-92.37464,4
333,-63.05268,4
334,30.164183,4
335,-55.82962,4
336,68.0976,4
337,-148.55074,4
338,-31.45257,4
339,38.872005,4
340,-56.59771,4
341,48.76197,4
342,-110.46638,4
343,-41.754456,4
344,-74.01034,4
345,41.926727,4
346,48.916992,4
347,4.1073027,4
348,26.206512,4
349,6.117029,4
350,-50.362724,4
351,-122.40827,4
352,-26.894508,4
353,78.98178,4
354,-97.291275,4
355,-20.736965,4
356,-178.19498,4
357,-46.00917,4
358,-90.70694,4
359,-102.59391,4
360,-63.72264,4
361,-87.66355,4
362,-135.46608,4
363,56.627125,4
364,21.879375,4
365,-116.187965,4
366,-73.74048,4
367,-99.07291,4
368,78.91747,4
369,22.35815,4
370,-132.31953,4
371,-108.657135,4
372,-37.707943,4
373,98.30617,4
374,-147.01237,4
375,-17.541449,4
376,-46.017113,4
377,-18.49694,4
378,-54.991005,4
379,-43.83954,4
380,-73.72074,4
381,-68.001015,4
382,-11.222768,4
383,90.10524,4
384,-117.23714,4
385,24.144035,4
386,29.542583,4
387,31.948242,4
388,-81.801125,4
389,-17.751575,4
390,-171.72887,4
391,63.32339,4
392,-15.21243,4
393,-166.32613,4
394,-102.817345,4
395,-132.38008,4
396,-49.497696,4
397,94.565254,4
398,-169.64027,4
399,-70.64291,4
400,-98.05987,5
401,-6.532836,5
402,71.034355,5
403,-90.88695,5
404,56.37229,5
405,-25.910732,5
406,-41.619587,5
407,223.07697,5
408,-65.46309,5
409,60.450974,5
410,-54.23001,5
411,69.12356,5
412,57.932304,5
413,81.44894,5
414,10.53609,5
415,109.56711,5
416,-145.28065,5
417,-123.29258,5
418,115.66015,5
419,64.78396,5
420,-112.990875,5
421,-135.99373,5
422,216.44173,5
423,-45.679348,5
424,18.01494,5
425,70.85603,5
426,92.74171,5
427,12.302527,5
428,-20.991087,5
429,-35.04248,5
430,-53.228615,5
431,33.4177,5
432,-102.71845,5
433,74.92396,5
434,-10.682706,5
435,-134.30235,5
436,212.33987,5
437,179.36302,5
438,-3.174142,5
439,266.9349,5
440,38.272247,5
441,118.36313,5
442,-58.463943,5
443,71.42416,5
444,161.63991,5
445,-65.0236,5
446,-26.514076,5
447,-95.72557,5
448,-55.146927,5
449,237.77768,5
450,-52.829628,5
451,-65.27403,5
452,14.466422,5
453,-18.96602,5
454,63.19859,5
455,-61.481052,5
456,-29.597641,5
457,-66.77423,5
458,-63.738716,5
459,30.879473,5
460,-79.96361,5
461,5.918536,5
462,-35.134186,5
463,-160.64809,5
464,101.8363,5
465,-2.4835768,5
466,-40.078236,5
467,87.767876,5
468,-56.012047,5
469,11.694457,5
470,-37.912605,5
471,-79.50181,5
472,-18.03352,5
473,-53.267735,5
474,-79.372246,5
475,87.492256,5
476,-78.82321,5
477,-5.642003,5
478,166.59319,5
479,-18.831476,5
480,119.0657,6
481,37.93818,6
482,91.63313,6
483,-53.13906,6
484,55.253025,6
485,-12.222505,6
486,73.873024,6
487,84.38955,6
488,-20.916016,6
489,-93.88446,6
490,-38.48519,6
491,95.073204,6
492,-8.737786,6
493,22.921043,6
494,-40.2062,6
495,90.08004,6
496,21.681355,6
497,-13.883498,6
498,54.993656,6
499,4.4918127,6
500,76.795,6
501,5.3931293,6
502,113.386024,6
503,-56.067184,6
504,99.805046,6
505,75.253494,6
506,-62.037457,6
507,-23.305483,6
508,-30.28949,6
509,-86.23856,6
510,-42.856956,6
511,49.934513,6
512,21.159,6
513,15.155446,6
514,-25.76832,6
515,26.731527,6
516,155.62202,6
517,6.7086325,6
518,55.350014,6
519,106.72078,6
520,-12.073457,6
521,11.363673,6
522,-85.79109,6
523,-3.4778461,6
524,-112.808815,6
525,-17.595886,6
526,-7.121949,6
527,-49.371624,6
528,-15.794206,6
529,147.8603,6
530,49.038956,6
531,51.30043,6
532,-82.91538,6
533,109.94981,6
534,-16.396538,6
535,62.227974,6
536,-122.237854,6
537,9.809026,6
538,49.04789,6
539,-22.1341,6
540,-66.1513,6
541,-32.418037,6
542,60.972263,6
543,76.74587,6
544,-23.490557,6
545,47.979317,6
546,95.54729,6
547,-108.355995,6
548,85.64721,6
549,16.108763,6
550,91.43679,6
551,8.099361,6
552,115.95797,6
553,22.884594,6
554,-2.6554136,6
555,-11.463943,6
556,53.614944,6
557,41.972893,6
558,24.602295,6
559,17.815765,6
560,24.33023,7
561,131.16988,7
562,125.56594,7
563,-45.509315,7
564,-31.494473,7
565,59.40552,7
566,-132.84135,7
567,66.97004,7
568,-22.963837,7
569,96.64936,7
570,-121.50818,7
571,61.20654,7
572,67.92348,7
573,-136.18898,7
574,129.89595,7
575,-63.43586,7
576,30.326351,7
577,21.526733,7
578,136.06393,7
579,8.5772085,7
580,135.18335,7
581,81.808,7
582,5.0985546,7
583,-16.887148,7
584,-12.3435335,7
585,-66.81348,7
586,-45.7686,7
587,4.6787252,7
588,36.0497,7
589,-51.716415,7
590,-153.65471,7
591,-41.83259,7
592,-130.45764,7
593,63.978745,7
594,10.868043,7
595,85.51159,7
596,-89.786766,7
597,45.55957,7
598,-111.89147,7
599,-86.38125,7
600,-97.11133,7
601,194.14915,7
602,-12.562943,7
603,99.78353,7
604,111.05566,7
605,-98.97437,7
606,-6.709511,7
607,-97.99967,7
608,53.226013,7
609,74.908455,7
610,105.554695,7
611,-160.25114,7
612,-81.00892,7
613,-61.747234,7
614,7.5549917,7
615,27.24212,7
616,-29.828314,7
617,-6.7511635,7
618,95.479576,7
619,45.995247,7
620,42.55271,7
621,96.881065,7
622,-57.21412,7
623,7.1513205,7
624,92.7131,7
625,-115.07455,7
626,91.09812,7
627,37.856655,7
628,94.3771,7
629,-13.31813,7
630,-1.9965029,7
631,115.79758,7
632,50.8265,7
633,69.72622,7
634,-24.829456,7
635,-3.7396822,7
636,-69.778145,7
637,-38.936573,7
638,-33.27282,7
639,39.707054,7
640,85.50411,8
641,76.81863,8
642,54.51445,8
643,225.92708,8
644,203.80705,8
645,99.55371,8
646,181.56927,8
647,109.3202,8
648,53.004517,8
649,59.248356,8
650,185.95982,8
651,74.07162,8
652,87.678894,8
653,-131.00276,8
654,10.229705,8
655,90.37829,8
656,56.64924,8
657,91.09366,8
658,95.14855,8
659,6.6582975,8
660,74.223274,8
661,63.661457,8
662,160.12645,8
663,53.749035,8
664,76.338104,8
665,6.233239,8
666,77.94164,8
667,50.021362,8
668,123.15481,8
669,131.11948,8
670,81.53359,8
671,100.526146,8
672,69.3841,8
673,133.00697,8
674,209.2932,8
675,222.10497,8
676,19.036892,8
677,45.1403,8
678,50.997272,8
679,47.853962,8
680,103.69433,8
681,56.734993,8
682,46.98105,8
683,39.412434,8
684,205.74455,8
685,16.409496,8
686,54.797062,8
687,155.21486,8
688,104.19355,8
689,105.57288,8
690,121.53997,8
691,113.692894,8
692,67.523,8
693,114.53188,8
694,101.186195,8
695,183.85928,8
696,37.049202,8
697,190.97168,8
698,232.25899,8
699,17.51101,8
700,204.2831,8
701,173.83498,8
702,101.38541,8
703,83.7143,8
704,232.15437,8
705,70.66926,8
706,24.268194,8
707,232.60875,8
708,129.26382,8
709,224.13014,8
710,93.63349,8
711,166.13612,8
712,201.23804,8
713,114.854164,8
714,66.93533,8
715,231.92973,8
716,-10.048253,8
717,108.899536,8
718,34.111794,8
719,125.14383,8
720,16.695984,9
721,86.905556,9
722,-38.503433,9
723,-75.80499,9
724,-12.399588,9
725,16.85115,9
726,79.28214,9
727,-93.104774,9
728,-21.121323,9
729,-18.774757,9
730,27.175793,9
731,-20.174059,9
732,-114.66172,9
733,-86.227646,9
734,49.78746,9
735,153.07237,9
736,-21.891829,9
737,-141.76622,9
738,-17.93761,9
739,13.327928,9
740,-77.34736,9
741,-177.30772,9
742,-101.03996,9
743,-57.12352,9
744,-40.258125,9
745,-72.71432,9
746,1.3834734,9
747,-28.383415,9
748,130.42032,9
749,100.143425,9
750,-6.7477694,9
751,-71.099396,9
752,-194.13992,9
753,69.875465,9
754,-167.85782,9
755,-42.620674,9
756,22.150846,9
757,-34.93187,9
758,-71.933945,9
759,-18.400373,9
760,29.457966,9
761,12.693439,9
762,-144.40096,9
763,-9.0360365,9
764,-7.151078,9
765,26.626795,9
766,-42.324013,9
767,-131.53992,9
768,58.70801,9
769,44.388134,9
770,38.34793,9
771,86.87828,9
772,-65.331985,9
773,58.531895,9
774,48.171528,9
775,23.085909,9
776,0.16763979,9
777,37.465813,9
778,-169.4745,9
779,-43.66922,9
780,-153.06812,9
781,-0.4432153,9
782,100.77917,9
783,33.907455,9
784,-17.413351,9
785,-47.232414,9
786,-28.996185,9
787,-5.416486,9
788,3.3224144,9
789,43.147205,9
790,-48.023216,9
791,21.576391,9
792,54.67782,9
793,-54.27864,9
794,-88.30877,9
795,-75.74439,9
796,-96.959526,9
797,79.48296,9
798,44.530144,9
799,127.17639,9
