Image,Value,Label
0,101.98841,0
1,13.980453,0
2,101.33732,0
3,166.52248,0
4,182.92229,0
5,155.43315,0
6,204.55705,0
7,202.83846,0
8,94.139885,0
9,218.39082,0
10,140.82152,0
11,139.37035,0
12,202.48085,0
13,104.81606,0
14,18.685797,0
15,136.16273,0
16,149.9596,0
17,219.21925,0
18,189.05371,0
19,164.5531,0
20,283.07855,0
21,151.77692,0
22,161.34998,0
23,102.93143,0
24,0.44434112,0
25,-0.8922754,0
26,41.84024,0
27,131.5057,0
28,281.24146,0
29,19.274733,0
30,188.02785,0
31,152.8968,0
32,-30.464525,0
33,126.76653,0
34,306.50217,0
35,131.62825,0
36,91.3848,0
37,13.266677,0
38,246.33302,0
39,94.96784,0
40,30.591871,0
41,215.58582,0
42,349.249,0
43,114.01139,0
44,168.16444,0
45,226.1471,0
46,305.77527,0
47,129.76292,0
48,65.36356,0
49,28.92528,0
50,87.085976,0
51,197.19055,0
52,83.01315,0
53,137.44955,0
54,36.2374,0
55,41.33344,0
56,225.28096,0
57,-29.995316,0
58,202.4221,0
59,141.86838,0
60,177.85477,0
61,56.191994,0
62,87.31544,0
63,259.36554,0
64,204.95297,0
65,214.53598,0
66,122.99772,0
67,42.169113,0
68,67.325386,0
69,6.4418426,0
70,118.37014,0
71,222.4571,0
72,112.80608,0
73,410.83887,0
74,207.77385,0
75,-13.991057,0
76,266.81674,0
77,213.1086,0
78,4.2476172,0
79,25.412748,0
80,32.05696,1
81,-36.651264,1
82,70.02312,1
83,57.653793,1
84,34.934166,1
85,4.2517734,1
86,15.660516,1
87,28.364586,1
88,62.95152,1
89,50.722977,1
90,7.2959,1
91,0.37585014,1
92,4.886287,1
93,78.38149,1
94,74.44033,1
95,-18.145376,1
96,95.840935,1
97,-4.6331067,1
98,-24.841276,1
99,77.317635,1
100,21.563719,1
101,6.904718,1
102,96.74192,1
103,-12.752046,1
104,4.909105,1
105,45.25861,1
106,73.66926,1
107,76.44346,1
108,17.213497,1
109,2.9788957,1
110,74.0721,1
111,41.32803,1
112,61.649708,1
113,40.978374,1
114,58.433567,1
115,-8.557784,1
116,108.927505,1
117,2.0928626,1
118,38.494583,1
119,3.7408261,1
120,-3.4962869,1
121,33.580875,1
122,-7.2387376,1
123,20.723597,1
124,-18.751207,1
125,-7.2101674,1
126,97.36744,1
127,-23.418804,1
128,23.329142,1
129,18.004475,1
130,43.994175,1
131,14.20559,1
132,42.155025,1
133,16.812359,1
134,-23.519268,1
135,-9.827989,1
136,7.7934527,1
137,-25.170216,1
138,61.732525,1
139,66.95134,1
140,31.327219,1
141,18.998903,1
142,52.21288,1
143,26.335806,1
144,6.051309,1
145,49.893906,1
146,-11.046382,1
147,22.315807,1
148,100.04781,1
149,72.1139,1
150,74.67925,1
151,101.068016,1
152,190.95235,1
153,68.12615,1
154,123.77849,1
155,52.431507,1
156,99.98466,1
157,4.8079963,1
158,11.736907,1
159,80.330826,1
160,10.915936,2
161,78.21436,2
162,69.558784,2
163,92.502785,2
164,112.34084,2
165,249.13643,2
166,93.7596,2
167,65.54021,2
168,69.817444,2
169,159.75017,2
170,95.56927,2
171,121.784035,2
172,41.798717,2
173,166.29257,2
174,125.81435,2
175,292.896,2
176,47.20614,2
177,68.941986,2
178,133.55217,2
179,216.65434,2
180,-15.744441,2
181,262.6573,2
182,143.93951,2
183,143.68834,2
184,12.808167,2
185,102.0525,2
186,154.84201,2
187,63.972607,2
188,-5.6503053,2
189,-2.9101892,2
190,49.994354,2
191,122.24886,2
192,114.22381,2
193,169.54883,2
194,85.44613,2
195,68.68858,2
196,162.5186,2
197,108.18987,2
198,118.58248,2
199,213.10231,2
200,20.061182,2
201,134.26895,2
202,15.484679,2
203,235.16875,2
204,116.03323,2
205,31.946764,2
206,97.01703,2
207,196.40044,2
208,134.10146,2
209,284.23358,2
210,239.25865,2
211,170.41878,2
212,273.63718,2
213,136.5871,2
214,102.09848,2
215,189.96635,2
216,88.17704,2
217,35.732365,2
218,113.00563,2
219,237.5405,2
220,193.15883,2
221,214.4764,2
222,123.33073,2
223,36.49203,2
224,130.7089,2
225,179.26761,2
226,268.60632,2
227,209.86575,2
228,63.27067,2
229,115.20646,2
230,106.43357,2
231,128.35716,2
232,62.875935,2
233,237.60127,2
234,186.50665,2
235,130.46858,2
236,50.766636,2
237,49.251484,2
238,84.23798,2
239,139.63454,2
240,242.75267,3
241,156.68776,3
242,70.49459,3
243,77.75994,3
244,262.55273,3
245,145.4353,3
246,282.22827,3
247,71.454384,3
248,184.79607,3
249,97.484276,3
250,219.30779,3
251,181.74179,3
252,212.66974,3
253,208.47292,3
254,124.68487,3
255,261.18793,3
256,102.90609,3
257,109.56348,3
258,150.7964,3
259,301.73428,3
260,204.81393,3
261,197.79756,3
262,213.87706,3
263,200.17427,3
264,164.1404,3
265,190.06291,3
266,182.31252,3
267,192.17674,3
268,288.19882,3
269,92.64468,3
270,112.78082,3
271,138.53433,3
272,192.1643,3
273,217.1474,3
274,174.11852,3
275,147.75134,3
276,191.46107,3
277,47.21091,3
278,172.1011,3
279,214.6891,3
280,206.73283,3
281,205.31989,3
282,235.24443,3
283,267.15723,3
284,215.50487,3
285,127.16013,3
286,193.95366,3
287,315.86914,3
288,213.547,3
289,219.07777,3
290,182.33308,3
291,188.9241,3
292,266.7216,3
293,194.87556,3
294,298.49847,3
295,202.62032,3
296,198.196,3
297,155.94402,3
298,276.99203,3
299,233.26,3
300,264.71198,3
301,381.1388,3
302,86.673096,3
303,156.13347,3
304,133.27304,3
305,167.2996,3
306,153.98083,3
307,75.69277,3
308,111.30035,3
309,272.437,3
310,384.62195,3
311,153.20473,3
312,175.55748,3
313,99.536125,3
314,184.54158,3
315,189.53867,3
316,62.91463,3
317,162.9752,3
318,150.17711,3
319,138.59958,3
320,244.21803,4
321,146.27568,4
322,165.62656,4
323,149.89378,4
324,229.92564,4
325,163.44182,4
326,226.6059,4
327,176.26799,4
328,264.39294,4
329,86.270195,4
330,183.04771,4
331,166.91493,4
332,174.86636,4
333,172.55632,4
334,187.3503,4
335,132.3029,4
336,69.813385,4
337,230.92583,4
338,207.1031,4
339,208.18047,4
340,321.75317,4
341,73.56058,4
342,272.61652,4
343,141.26132,4
344,234.40532,4
345,182.42525,4
346,120.83525,4
347,125.71566,4
348,77.36093,4
349,150.94601,4
350,279.2055,4
351,110.803764,4
352,194.32652,4
353,165.51176,4
354,127.86098,4
355,219.24834,4
356,286.546,4
357,216.7625,4
358,197.36143,4
359,120.71112,4
360,174.01143,4
361,256.4885,4
362,120.12201,4
363,51.546345,4
364,189.11636,4
365,190.51949,4
366,318.16168,4
367,205.61235,4
368,183.33354,4
369,103.60684,4
370,132.99635,4
371,188.56401,4
372,86.32652,4
373,95.61326,4
374,281.16846,4
375,268.5639,4
376,114.49984,4
377,162.6828,4
378,211.9931,4
379,82.40313,4
380,230.69911,4
381,118.795555,4
382,176.49431,4
383,123.27119,4
384,228.3661,4
385,102.87324,4
386,232.13008,4
387,230.92305,4
388,129.34288,4
389,250.18668,4
390,149.49794,4
391,136.78952,4
392,231.17734,4
393,210.28763,4
394,76.91651,4
395,193.23555,4
396,301.07272,4
397,96.50963,4
398,129.60904,4
399,161.08897,4
400,95.22803,5
401,142.74612,5
402,227.24147,5
403,171.8513,5
404,257.10944,5
405,175.0019,5
406,237.2758,5
407,193.74477,5
408,243.43555,5
409,191.76382,5
410,252.77141,5
411,206.54051,5
412,-2.7077773,5
413,155.77245,5
414,295.6626,5
415,143.9662,5
416,170.57979,5
417,295.6225,5
418,175.30461,5
419,204.71928,5
420,302.7747,5
421,229.94193,5
422,307.3272,5
423,316.5691,5
424,142.23697,5
425,87.9555,5
426,225.1473,5
427,394.75162,5
428,311.6585,5
429,220.89241,5
430,271.99365,5
431,236.32582,5
432,194.53232,5
433,257.954,5
434,220.64911,5
435,269.17044,5
436,168.63167,5
437,244.39778,5
438,202.95155,5
439,136.4363,5
440,171.62071,5
441,422.8808,5
442,333.2036,5
443,204.714,5
444,149.66882,5
445,164.97853,5
446,219.95834,5
447,286.47192,5
448,351.89673,5
449,164.01207,5
450,148.13588,5
451,71.757454,5
452,141.36168,5
453,207.51128,5
454,152.90314,5
455,212.41502,5
456,178.05788,5
457,229.97421,5
458,180.03864,5
459,257.23105,5
460,185.04509,5
461,345.67493,5
462,241.60793,5
463,168.9854,5
464,210.66167,5
465,95.861984,5
466,313.9844,5
467,127.0066,5
468,150.10938,5
469,329.61172,5
470,232.0573,5
471,166.76772,5
472,275.68677,5
473,135.95195,5
474,209.01576,5
475,270.4115,5
476,299.454,5
477,122.27566,5
478,190.94759,5
479,258.77576,5
480,178.58165,6
481,175.22421,6
482,236.55484,6
483,224.02669,6
484,132.64311,6
485,273.51886,6
486,295.91306,6
487,426.5172,6
488,454.558,6
489,144.0688,6
490,169.91496,6
491,179.26727,6
492,105.48742,6
493,211.87456,6
494,184.03438,6
495,325.01483,6
496,314.4311,6
497,221.11888,6
498,126.43224,6
499,336.73203,6
500,225.23341,6
501,147.41576,6
502,229.27876,6
503,177.6874,6
504,257.08755,6
505,264.13135,6
506,249.27046,6
507,227.20457,6
508,237.30103,6
509,305.14325,6
510,249.50171,6
511,236.28662,6
512,154.00693,6
513,244.0248,6
514,155.49748,6
515,174.90572,6
516,331.1325,6
517,144.71724,6
518,228.56699,6
519,165.69121,6
520,399.27374,6
521,214.03906,6
522,168.49902,6
523,246.84613,6
524,100.14457,6
525,175.92174,6
526,203.66344,6
527,183.88336,6
528,215.69536,6
529,219.62547,6
530,175.18005,6
531,219.29996,6
532,336.72552,6
533,140.26848,6
534,286.54285,6
535,283.7292,6
536,222.16946,6
537,260.8767,6
538,204.72444,6
539,223.17941,6
540,112.39669,6
541,142.4129,6
542,139.75697,6
543,265.76862,6
544,144.85457,6
545,143.16454,6
546,283.35873,6
547,180.70387,6
548,289.3995,6
549,232.1825,6
550,280.8974,6
551,206.33635,6
552,157.68655,6
553,279.81128,6
554,303.51498,6
555,240.27623,6
556,325.64282,6
557,138.50166,6
558,179.74182,6
559,186.50142,6
560,174.13972,7
561,140.24603,7
562,95.02338,7
563,228.67938,7
564,285.12494,7
565,221.3643,7
566,206.9847,7
567,170.84566,7
568,171.48154,7
569,208.52101,7
570,210.79648,7
571,157.06047,7
572,141.08778,7
573,228.2307,7
574,199.93184,7
575,151.9222,7
576,153.31982,7
577,157.2868,7
578,209.7064,7
579,152.39,7
580,163.31862,7
581,104.35682,7
582,115.33395,7
583,178.3084,7
584,126.84514,7
585,116.091576,7
586,129.33281,7
587,155.66046,7
588,109.33947,7
589,134.86275,7
590,232.2992,7
591,83.8299,7
592,137.84268,7
593,264.10822,7
594,151.69118,7
595,200.10564,7
596,215.46849,7
597,282.1902,7
598,166.18779,7
599,212.10126,7
600,323.97922,7
601,174.21883,7
602,183.23576,7
603,168.31946,7
604,187.25209,7
605,157.22046,7
606,139.04259,7
607,179.89568,7
608,187.22493,7
609,136.63765,7
610,221.34612,7
611,102.47413,7
612,122.20252,7
613,193.6312,7
614,123.048805,7
615,52.324352,7
616,175.62248,7
617,178.69183,7
618,163.18059,7
619,225.36884,7
620,214.04134,7
621,138.97154,7
622,138.8285,7
623,154.64719,7
624,37.074993,7
625,166.82594,7
626,151.44942,7
627,101.769295,7
628,100.13152,7
629,167.47672,7
630,201.43758,7
631,111.905846,7
632,172.99672,7
633,160.60481,7
634,162.1488,7
635,170.03183,7
636,178.34239,7
637,155.4614,7
638,186.53287,7
639,138.4495,7
640,456.1556,8
641,235.57768,8
642,222.141,8
643,201.81364,8
644,350.14734,8
645,123.07923,8
646,303.24225,8
647,173.32457,8
648,228.83412,8
649,206.10817,8
650,321.93134,8
651,193.72832,8
652,401.93542,8
653,346.79205,8
654,323.2133,8
655,247.348,8
656,195.21458,8
657,223.71684,8
658,159.39767,8
659,437.38055,8
660,347.60672,8
661,234.85829,8
662,304.63525,8
663,320.12424,8
664,436.0456,8
665,133.58574,8
666,371.27798,8
667,160.4995,8
668,248.76463,8
669,443.0104,8
670,249.8195,8
671,181.98311,8
672,263.7045,8
673,337.78436,8
674,200.96484,8
675,333.68054,8
676,126.45339,8
677,205.06824,8
678,196.06161,8
679,284.16098,8
680,279.01834,8
681,191.3439,8
682,343.15817,8
683,256.7637,8
684,292.85773,8
685,271.54938,8
686,240.64299,8
687,387.49875,8
688,293.28076,8
689,176.0477,8
690,284.30878,8
691,319.6051,8
692,309.99893,8
693,414.86905,8
694,281.11487,8
695,186.70425,8
696,345.7192,8
697,187.70952,8
698,194.27211,8
699,250.73898,8
700,350.28937,8
701,242.46007,8
702,207.02266,8
703,171.63573,8
704,316.18878,8
705,326.49945,8
706,298.03784,8
707,245.2996,8
708,167.68369,8
709,360.45575,8
710,169.97476,8
711,172.17824,8
712,263.74612,8
713,225.30733,8
714,176.42891,8
715,309.64267,8
716,222.91345,8
717,248.72359,8
718,211.17967,8
719,193.05652,8
720,285.3835,9
721,408.48914,9
722,208.67114,9
723,426.97845,9
724,222.73347,9
725,225.77501,9
726,234.81729,9
727,208.8271,9
728,235.90807,9
729,237.16318,9
730,289.99008,9
731,182.02225,9
732,239.55731,9
733,265.0531,9
734,238.05275,9
735,256.0664,9
736,215.61041,9
737,315.3265,9
738,321.88666,9
739,320.83014,9
740,322.4239,9
741,268.52283,9
742,168.39125,9
743,306.07605,9
744,183.06444,9
745,252.78171,9
746,164.80623,9
747,260.1692,9
748,174.28432,9
749,255.25012,9
750,261.62408,9
751,242.95259,9
752,371.7121,9
753,314.903,9
754,392.48593,9
755,215.766,9
756,267.61087,9
757,218.40547,9
758,292.00232,9
759,146.77022,9
760,234.982,9
761,289.9898,9
762,189.68608,9
763,199.74168,9
764,317.5462,9
765,260.06964,9
766,245.5231,9
767,311.875,9
768,172.70415,9
769,179.80762,9
770,288.61224,9
771,204.4626,9
772,329.26788,9
773,176.44696,9
774,237.72563,9
775,220.04408,9
776,346.60785,9
777,217.59686,9
778,193.79994,9
779,210.09741,9
780,361.96234,9
781,178.73741,9
782,161.38138,9
783,224.68071,9
784,248.72784,9
785,344.1409,9
786,185.19432,9
787,141.22148,9
788,209.60707,9
789,266.14633,9
790,245.15549,9
791,213.91115,9
792,316.4997,9
793,228.88399,9
794,290.0298,9
795,256.00122,9
796,236.99113,9
797,224.56215,9
798,373.76572,9
799,210.47412,9
