Image,Value,Label
0,-206.19247,0
1,-111.19496,0
2,-150.92172,0
3,-250.80676,0
4,-168.74677,0
5,-179.07118,0
6,-167.54984,0
7,-234.63028,0
8,-171.72662,0
9,-216.73697,0
10,-186.75632,0
11,-136.73624,0
12,-266.75287,0
13,-199.02963,0
14,-146.8281,0
15,-190.18414,0
16,-144.40794,0
17,-229.75313,0
18,-182.17117,0
19,-232.83731,0
20,-227.60635,0
21,-178.15865,0
22,-263.68094,0
23,-197.74437,0
24,-223.44241,0
25,-91.43909,0
26,-159.97935,0
27,-184.73315,0
28,-239.14946,0
29,-121.67305,0
30,-200.61426,0
31,-133.30502,0
32,-122.999054,0
33,-131.74791,0
34,-235.90826,0
35,-84.65559,0
36,-132.69594,0
37,-81.45125,0
38,-237.84204,0
39,-86.95079,0
40,-152.75815,0
41,-235.77988,0
42,-266.5935,0
43,-142.19836,0
44,-216.14667,0
45,-266.93585,0
46,-241.67393,0
47,-172.09547,0
48,-139.0198,0
49,-129.3344,0
50,-90.51211,0
51,-224.8675,0
52,-160.71484,0
53,-145.64923,0
54,-125.74677,0
55,-142.47963,0
56,-200.82565,0
57,-88.50741,0
58,-224.55301,0
59,-126.80351,0
60,-198.4154,0
61,-194.60002,0
62,-170.60704,0
63,-236.23856,0
64,-221.98625,0
65,-305.31503,0
66,-226.27026,0
67,-144.79736,0
68,-142.23608,0
69,-136.5105,0
70,-208.2028,0
71,-175.5828,0
72,-203.21033,0
73,-270.80597,0
74,-252.73627,0
75,-194.37242,0
76,-172.24632,0
77,-202.87729,0
78,-174.68396,0
79,-196.72571,0
80,-123.85976,1
81,-55.957848,1
82,-106.18358,1
83,-77.90977,1
84,-106.128586,1
85,-122.71314,1
86,-71.77798,1
87,-89.41856,1
88,-109.641685,1
89,-126.79453,1
90,-77.3834,1
91,-96.513664,1
92,-103.593895,1
93,-155.67984,1
94,-135.04831,1
95,-67.59896,1
96,-129.13713,1
97,-110.37848,1
98,-98.131386,1
99,-110.74252,1
100,-75.97961,1
101,-95.46003,1
102,-161.19302,1
103,-87.72608,1
104,-104.51587,1
105,-90.22458,1
106,-134.52472,1
107,-144.8883,1
108,-115.75666,1
109,-120.50423,1
110,-146.9501,1
111,-128.72853,1
112,-128.37851,1
113,-160.11552,1
114,-127.305305,1
115,-95.61373,1
116,-124.25588,1
117,-84.25832,1
118,-136.30867,1
119,-113.09935,1
120,-112.92751,1
121,-90.09649,1
122,-99.818184,1
123,-99.38201,1
124,-98.34783,1
125,-78.34074,1
126,-95.73488,1
127,-105.69791,1
128,-127.832726,1
129,-71.10401,1
130,-133.66776,1
131,-102.68452,1
132,-89.74056,1
133,-104.64561,1
134,-86.65092,1
135,-110.10743,1
136,-117.1796,1
137,-90.90734,1
138,-132.22763,1
139,-107.122536,1
140,-92.92431,1
141,-90.56775,1
142,-126.809074,1
143,-122.71473,1
144,-110.929054,1
145,-124.71992,1
146,-115.89559,1
147,-128.06052,1
148,-110.077095,1
149,-147.9914,1
150,-142.18849,1
151,-160.07877,1
152,-194.01608,1
153,-142.83423,1
154,-120.93732,1
155,-139.88359,1
156,-183.27249,1
157,-104.76005,1
158,-67.643364,1
159,-122.36073,1
160,-106.387886,2
161,-156.06708,2
162,-205.92798,2
163,-89.14376,2
164,-214.41043,2
165,-170.70801,2
166,-296.19415,2
167,-234.72354,2
168,-209.19946,2
169,-215.42897,2
170,-181.80186,2
171,-168.34186,2
172,-182.89555,2
173,-215.66321,2
174,-199.84833,2
175,-193.76474,2
176,-142.81082,2
177,-192.47939,2
178,-254.17545,2
179,-278.49844,2
180,-94.65488,2
181,-250.50092,2
182,-229.09065,2
183,-146.48056,2
184,-158.85437,2
185,-220.8963,2
186,-170.99275,2
187,-190.12317,2
188,-117.77846,2
189,-127.530464,2
190,-150.49,2
191,-151.48521,2
192,-174.76007,2
193,-243.7163,2
194,-181.38878,2
195,-129.08011,2
196,-267.06525,2
197,-274.90363,2
198,-164.57855,2
199,-232.85083,2
200,-115.10468,2
201,-169.09819,2
202,-138.29208,2
203,-145.7213,2
204,-187.15463,2
205,-115.92713,2
206,-167.99638,2
207,-345.7079,2
208,-201.63559,2
209,-270.35138,2
210,-229.58563,2
211,-253.69049,2
212,-368.97394,2
213,-171.75783,2
214,-215.85144,2
215,-214.77023,2
216,-177.32591,2
217,-135.21738,2
218,-234.41751,2
219,-235.87598,2
220,-267.75165,2
221,-257.5884,2
222,-236.96548,2
223,-132.57951,2
224,-165.26535,2
225,-243.11433,2
226,-292.06796,2
227,-189.04645,2
228,-223.59665,2
229,-150.10999,2
230,-198.69797,2
231,-180.42783,2
232,-148.93915,2
233,-294.5762,2
234,-317.97186,2
235,-261.39273,2
236,-130.33757,2
237,-207.79462,2
238,-130.19565,2
239,-231.16437,2
240,-182.14207,3
241,-145.09805,3
242,-65.89712,3
243,-150.82278,3
244,-198.9576,3
245,-155.80003,3
246,-204.91183,3
247,-135.418,3
248,-124.8921,3
249,-86.14333,3
250,-183.24933,3
251,-145.66524,3
252,-210.7015,3
253,-133.8628,3
254,-134.34271,3
255,-214.37564,3
256,-110.135735,3
257,-130.06061,3
258,-149.24927,3
259,-238.98813,3
260,-186.18283,3
261,-85.36274,3
262,-150.17578,3
263,-151.94464,3
264,-186.72617,3
265,-227.2745,3
266,-72.932594,3
267,-112.351906,3
268,-350.84283,3
269,-178.20842,3
270,-154.55914,3
271,-147.26318,3
272,-102.08908,3
273,-147.11705,3
274,-189.03473,3
275,-78.85889,3
276,-174.97449,3
277,-132.63098,3
278,-195.52313,3
279,-119.20558,3
280,-116.359795,3
281,-186.23325,3
282,-201.34145,3
283,-219.62743,3
284,-199.09753,3
285,-175.536,3
286,-217.36139,3
287,-188.63469,3
288,-190.16843,3
289,-216.10794,3
290,-132.71136,3
291,-112.81888,3
292,-157.89903,3
293,-91.63813,3
294,-207.76344,3
295,-206.55197,3
296,-193.7883,3
297,-167.25323,3
298,-201.32132,3
299,-301.28375,3
300,-198.26189,3
301,-271.52832,3
302,-134.45581,3
303,-95.5556,3
304,-171.98015,3
305,-124.79394,3
306,-171.0156,3
307,-84.76434,3
308,-117.60325,3
309,-244.58821,3
310,-261.6732,3
311,-130.91109,3
312,-168.63466,3
313,-115.260605,3
314,-157.48088,3
315,-174.13939,3
316,-62.0615,3
317,-201.98901,3
318,-67.833885,3
319,-249.05531,3
320,-242.29126,4
321,-143.5846,4
322,-166.54614,4
323,-163.37262,4
324,-163.50049,4
325,-138.11084,4
326,-252.78201,4
327,-105.739586,4
328,-190.45256,4
329,-108.68437,4
330,-142.3462,4
331,-152.73877,4
332,-128.48177,4
333,-136.36111,4
334,-114.41168,4
335,-159.98016,4
336,-96.01686,4
337,-190.58133,4
338,-130.4556,4
339,-177.7652,4
340,-202.01736,4
341,-93.27001,4
342,-218.68729,4
343,-188.30159,4
344,-142.04263,4
345,-135.00073,4
346,-120.009155,4
347,-150.31769,4
348,-99.80766,4
349,-167.29922,4
350,-145.61902,4
351,-218.9061,4
352,-225.79356,4
353,-129.11774,4
354,-189.41335,4
355,-165.1076,4
356,-213.28903,4
357,-140.17006,4
358,-175.82841,4
359,-94.88288,4
360,-177.52432,4
361,-148.9022,4
362,-162.4198,4
363,-100.252754,4
364,-197.35867,4
365,-164.05698,4
366,-265.06775,4
367,-129.1278,4
368,-152.3817,4
369,-121.48427,4
370,-149.80463,4
371,-148.08957,4
372,-129.0852,4
373,-117.345856,4
374,-139.9367,4
375,-147.6394,4
376,-141.2359,4
377,-124.67436,4
378,-165.57071,4
379,-163.22006,4
380,-201.01865,4
381,-143.81812,4
382,-101.27108,4
383,-136.89192,4
384,-171.95715,4
385,-137.53677,4
386,-154.03471,4
387,-133.7136,4
388,-171.83223,4
389,-171.55083,4
390,-171.4752,4
391,-134.3868,4
392,-151.20757,4
393,-196.41898,4
394,-113.6936,4
395,-164.57877,4
396,-200.14233,4
397,-112.35178,4
398,-164.00748,4
399,-175.69931,4
400,-195.09535,5
401,-136.40149,5
402,-133.19711,5
403,-109.307045,5
404,-148.35632,5
405,-253.16454,5
406,-125.80431,5
407,-260.45325,5
408,-136.32603,5
409,-109.520935,5
410,-234.64268,5
411,-115.75732,5
412,-23.07577,5
413,-116.81124,5
414,-233.88206,5
415,-89.64202,5
416,-192.50632,5
417,-194.70903,5
418,-79.826195,5
419,-163.83806,5
420,-222.97534,5
421,-228.67471,5
422,-121.561935,5
423,-146.74333,5
424,-93.88268,5
425,-19.816116,5
426,-149.55824,5
427,-212.76837,5
428,-131.06088,5
429,-104.218315,5
430,-182.61443,5
431,-129.79282,5
432,-200.31,5
433,-199.43384,5
434,-106.2031,5
435,-180.62552,5
436,-70.557556,5
437,-124.97506,5
438,-63.175514,5
439,-68.22593,5
440,-79.38043,5
441,-275.5885,5
442,-149.48187,5
443,-147.04019,5
444,-21.955425,5
445,-112.49972,5
446,-132.21445,5
447,-270.06213,5
448,-210.48453,5
449,-130.17244,5
450,-74.77841,5
451,-97.69244,5
452,-110.32064,5
453,-138.02551,5
454,-161.01892,5
455,-82.939384,5
456,-241.86026,5
457,-173.7032,5
458,-146.8311,5
459,-59.581127,5
460,-132.07362,5
461,-184.49744,5
462,-236.56647,5
463,-160.41685,5
464,-114.48167,5
465,-80.604515,5
466,-149.74762,5
467,-63.823357,5
468,-101.3326,5
469,-175.86247,5
470,-117.334656,5
471,-161.93404,5
472,-195.76584,5
473,-176.90982,5
474,-116.74996,5
475,-166.43991,5
476,-193.96533,5
477,-123.64427,5
478,-132.54604,5
479,-204.20233,5
480,-129.94843,6
481,-240.15622,6
482,-210.54367,6
483,-207.40088,6
484,-116.005455,6
485,-246.54526,6
486,-236.44025,6
487,-292.53558,6
488,-359.0677,6
489,-224.2008,6
490,-211.4266,6
491,-131.91576,6
492,-164.64697,6
493,-216.76291,6
494,-229.08139,6
495,-236.52185,6
496,-264.70984,6
497,-209.37888,6
498,-163.54167,6
499,-395.12628,6
500,-222.74847,6
501,-205.83403,6
502,-175.67328,6
503,-229.97658,6
504,-215.86093,6
505,-231.86613,6
506,-283.75897,6
507,-246.01593,6
508,-277.9347,6
509,-293.57318,6
510,-219.65384,6
511,-258.9106,6
512,-170.97046,6
513,-218.67422,6
514,-161.10295,6
515,-189.85907,6
516,-243.04301,6
517,-150.62137,6
518,-170.52664,6
519,-117.63845,6
520,-322.98895,6
521,-185.16507,6
522,-210.10797,6
523,-207.044,6
524,-277.2591,6
525,-155.48529,6
526,-201.65073,6
527,-201.00203,6
528,-236.47467,6
529,-170.01675,6
530,-208.23781,6
531,-241.24243,6
532,-323.51398,6
533,-124.35717,6
534,-284.6837,6
535,-254.59448,6
536,-204.06915,6
537,-240.35384,6
538,-150.08875,6
539,-246.6517,6
540,-217.8703,6
541,-166.96635,6
542,-121.865135,6
543,-196.54651,6
544,-215.75906,6
545,-117.56145,6
546,-233.37144,6
547,-245.52484,6
548,-264.71164,6
549,-192.27197,6
550,-240.28246,6
551,-243.42322,6
552,-149.79556,6
553,-247.74585,6
554,-274.97327,6
555,-226.34523,6
556,-240.02472,6
557,-233.67055,6
558,-217.39256,6
559,-224.41122,6
560,-145.75159,7
561,-120.87834,7
562,-90.857666,7
563,-117.50887,7
564,-118.36245,7
565,-174.6207,7
566,-155.91557,7
567,-132.70987,7
568,-131.84366,7
569,-243.65018,7
570,-136.97891,7
571,-153.61998,7
572,-120.96356,7
573,-176.6904,7
574,-154.40527,7
575,-134.69612,7
576,-167.3067,7
577,-116.53608,7
578,-192.15202,7
579,-132.66681,7
580,-152.8879,7
581,-83.32202,7
582,-110.531,7
583,-170.99112,7
584,-118.329384,7
585,-208.2218,7
586,-154.7724,7
587,-185.57324,7
588,-113.30698,7
589,-127.45766,7
590,-227.20547,7
591,-84.30159,7
592,-147.92429,7
593,-250.48532,7
594,-149.79825,7
595,-188.54044,7
596,-107.44119,7
597,-257.49316,7
598,-111.87168,7
599,-203.35509,7
600,-87.93053,7
601,-108.32172,7
602,-130.24466,7
603,-189.36932,7
604,-140.13864,7
605,-121.25268,7
606,-150.18115,7
607,-183.40317,7
608,-80.116486,7
609,-109.98841,7
610,-230.63087,7
611,-144.61111,7
612,-163.67233,7
613,-107.942116,7
614,-130.22575,7
615,-92.002945,7
616,-143.14679,7
617,-177.03888,7
618,-120.10745,7
619,-275.10312,7
620,-212.9396,7
621,-136.30354,7
622,-172.65094,7
623,-107.34437,7
624,-82.961716,7
625,-197.91534,7
626,-130.52658,7
627,-89.301094,7
628,-114.063225,7
629,-165.55356,7
630,-184.03366,7
631,-95.1575,7
632,-137.76877,7
633,-70.57571,7
634,-170.45114,7
635,-169.87169,7
636,-92.15599,7
637,-156.74696,7
638,-206.24785,7
639,-158.63739,7
640,-232.00478,8
641,-135.63048,8
642,-163.68826,8
643,-103.08391,8
644,-210.20099,8
645,-68.46441,8
646,-164.29724,8
647,-83.30653,8
648,-123.96839,8
649,-113.55135,8
650,-151.12973,8
651,-102.61582,8
652,-217.26643,8
653,-267.8185,8
654,-178.43704,8
655,-99.78332,8
656,-133.06618,8
657,-155.77454,8
658,-99.3953,8
659,-289.95978,8
660,-223.27444,8
661,-100.460945,8
662,-184.66043,8
663,-179.90013,8
664,-362.09097,8
665,-95.354576,8
666,-184.0446,8
667,-87.79718,8
668,-103.302666,8
669,-282.1245,8
670,-146.33105,8
671,-83.15335,8
672,-165.85193,8
673,-148.25507,8
674,-140.14227,8
675,-168.03745,8
676,-136.10834,8
677,-183.95961,8
678,-124.56622,8
679,-140.30182,8
680,-156.2305,8
681,-177.73615,8
682,-173.2721,8
683,-158.40344,8
684,-136.90298,8
685,-134.93811,8
686,-155.6275,8
687,-123.11026,8
688,-139.0245,8
689,-129.10568,8
690,-180.56567,8
691,-237.21307,8
692,-138.90736,8
693,-207.53784,8
694,-122.44533,8
695,-77.40245,8
696,-189.27533,8
697,-102.74321,8
698,-91.12843,8
699,-184.16385,8
700,-146.04811,8
701,-101.36567,8
702,-106.39323,8
703,-116.76025,8
704,-165.1203,8
705,-158.03041,8
706,-185.54907,8
707,-96.57404,8
708,-49.553795,8
709,-230.55508,8
710,-107.75455,8
711,-81.13916,8
712,-92.4002,8
713,-176.94633,8
714,-107.84843,8
715,-149.98544,8
716,-150.922,8
717,-160.25638,8
718,-150.70479,8
719,-124.338844,8
720,-109.50914,9
721,-150.27228,9
722,-125.05576,9
723,-307.35522,9
724,-108.31617,9
725,-71.87041,9
726,-105.459755,9
727,-135.67604,9
728,-111.10099,9
729,-104.6758,9
730,-170.09514,9
731,-94.33549,9
732,-172.33247,9
733,-117.959435,9
734,-81.23886,9
735,-90.30572,9
736,-104.12654,9
737,-169.22125,9
738,-142.58,9
739,-126.53916,9
740,-185.52051,9
741,-156.3555,9
742,-146.40067,9
743,-143.37643,9
744,-174.83125,9
745,-171.92126,9
746,-91.23332,9
747,-98.87017,9
748,-102.44792,9
749,-132.23091,9
750,-127.80082,9
751,-105.94228,9
752,-317.4972,9
753,-122.406555,9
754,-245.99371,9
755,-82.23,9
756,-124.1119,9
757,-110.91868,9
758,-178.67467,9
759,-47.20352,9
760,-86.425415,9
761,-140.42126,9
762,-202.89024,9
763,-111.19558,9
764,-140.15533,9
765,-138.64726,9
766,-155.5033,9
767,-158.56177,9
768,-63.479874,9
769,-65.251755,9
770,-88.50289,9
771,-84.93757,9
772,-145.4572,9
773,-96.439735,9
774,-65.99587,9
775,-111.38976,9
776,-142.8624,9
777,-85.915596,9
778,-165.32677,9
779,-102.90937,9
780,-180.6107,9
781,-122.96125,9
782,-75.00437,9
783,-122.50116,9
784,-113.36678,9
785,-148.46729,9
786,-127.28838,9
787,-93.71047,9
788,-103.6572,9
789,-129.73889,9
790,-136.89511,9
791,-103.18663,9
792,-138.0698,9
793,-128.69882,9
794,-169.51031,9
795,-129.86252,9
796,-121.796196,9
797,-81.166214,9
798,-147.67026,9
799,-65.91505,9
