Image,Value,Label
0,-15.306974,0
1,20.278402,0
2,10.708178,0
3,-5.928213,0
4,22.99817,0
5,38.458042,0
6,33.26498,0
7,31.046366,0
8,13.570299,0
9,19.696218,0
10,58.427273,0
11,4.922655,0
12,20.103357,0
13,7.2271633,0
14,-6.6125584,0
15,26.150953,0
16,46.42332,0
17,20.034742,0
18,13.814535,0
19,-7.7366924,0
20,39.154232,0
21,42.945328,0
22,7.458441,0
23,24.114098,0
24,-5.202898,0
25,16.32712,0
26,12.031717,0
27,44.15246,0
28,38.720024,0
29,1.3078063,0
30,78.034355,0
31,6.697012,0
32,8.0070095,0
33,-20.325403,0
34,77.5562,0
35,21.92208,0
36,5.849264,0
37,-11.221209,0
38,76.02402,0
39,14.2950535,0
40,7.568079,0
41,30.639559,0
42,77.777725,0
43,26.641432,0
44,37.325527,0
45,-16.406633,0
46,62.914555,0
47,15.621618,0
48,24.124182,0
49,11.934553,0
50,12.972971,0
51,63.66247,0
52,11.546392,0
53,25.87646,0
54,-7.9472218,0
55,-16.079607,0
56,30.243563,0
57,-18.409897,0
58,-10.68685,0
59,61.353832,0
60,0.3021376,0
61,3.2971213,0
62,4.704611,0
63,1.648165,0
64,59.60114,0
65,-21.948015,0
66,11.739214,0
67,-5.7955914,0
68,29.575922,0
69,-29.083733,0
70,-28.427588,0
71,5.7843037,0
72,17.540651,0
73,92.65257,0
74,31.316061,0
75,-10.962027,0
76,48.594975,0
77,40.844006,0
78,-14.025682,0
79,-23.223455,0
80,-4.3097324,1
81,-24.002289,1
82,-14.769266,1
83,-26.523865,1
84,-14.433981,1
85,-14.586536,1
86,-31.236296,1
87,-30.539566,1
88,-16.131544,1
89,16.160212,1
90,-33.224796,1
91,-25.583443,1
92,-14.065862,1
93,7.652361,1
94,5.082905,1
95,-34.587414,1
96,11.400499,1
97,-21.898746,1
98,-25.361048,1
99,-17.398651,1
100,-21.374874,1
101,-15.902586,1
102,30.794731,1
103,-30.137728,1
104,-22.985964,1
105,-22.461115,1
106,29.661217,1
107,0.26927018,1
108,-12.730267,1
109,-16.797878,1
110,16.578081,1
111,-22.168758,1
112,2.4836485,1
113,1.0907176,1
114,-6.3983994,1
115,-13.009308,1
116,4.423208,1
117,-21.584711,1
118,0.008137935,1
119,-13.03335,1
120,-16.824163,1
121,-22.391544,1
122,-5.0030212,1
123,-20.166403,1
124,-16.691446,1
125,-27.003382,1
126,3.285498,1
127,-15.861195,1
128,-7.796851,1
129,-21.430473,1
130,-10.090732,1
131,-27.32969,1
132,-17.780321,1
133,-15.141473,1
134,-29.205439,1
135,-11.69553,1
136,-23.679068,1
137,-20.748407,1
138,1.6423247,1
139,-23.569632,1
140,-35.591476,1
141,-36.76595,1
142,12.113063,1
143,-6.6234455,1
144,16.940104,1
145,-4.97633,1
146,-16.344244,1
147,-6.850712,1
148,-20.74124,1
149,13.483572,1
150,15.825413,1
151,26.023714,1
152,7.8570995,1
153,1.0215418,1
154,-6.946682,1
155,5.330909,1
156,44.548637,1
157,-23.352003,1
158,-33.49316,1
159,-12.966443,1
160,-9.527491,2
161,11.153414,2
162,-8.3406315,2
163,40.401325,2
164,23.53448,2
165,42.14494,2
166,9.80938,2
167,38.524246,2
168,20.070042,2
169,58.00806,2
170,-13.714239,2
171,33.166843,2
172,3.0506804,2
173,25.120667,2
174,37.273647,2
175,89.39407,2
176,11.096941,2
177,9.520632,2
178,2.0867178,2
179,-8.723114,2
180,-14.3945,2
181,59.35587,2
182,15.907171,2
183,40.095913,2
184,24.908785,2
185,-14.405262,2
186,9.058554,2
187,-13.156062,2
188,-5.754053,2
189,-27.436506,2
190,-1.5704992,2
191,26.354662,2
192,4.77195,2
193,17.54099,2
194,27.82255,2
195,5.3341007,2
196,29.888124,2
197,-23.15083,2
198,27.842386,2
199,63.944168,2
200,14.374041,2
201,37.936756,2
202,10.514412,2
203,35.595978,2
204,-3.6527078,2
205,-7.8455944,2
206,16.898458,2
207,23.175999,2
208,24.38903,2
209,53.557743,2
210,20.653603,2
211,32.513283,2
212,76.23883,2
213,24.138853,2
214,4.8121204,2
215,42.833466,2
216,7.9014616,2
217,-29.08255,2
218,21.20843,2
219,62.066986,2
220,12.454594,2
221,39.607815,2
222,-10.073332,2
223,0.53538346,2
224,7.1866207,2
225,39.47127,2
226,22.854155,2
227,63.316837,2
228,-2.450709,2
229,58.812614,2
230,5.136318,2
231,19.951302,2
232,9.763468,2
233,59.114326,2
234,28.994658,2
235,12.719542,2
236,13.228491,2
237,43.580616,2
238,29.262861,2
239,25.623903,2
240,76.45035,3
241,29.926104,3
242,25.74385,3
243,11.145466,3
244,84.44902,3
245,61.115505,3
246,95.65097,3
247,8.547199,3
248,73.86593,3
249,36.253307,3
250,85.62764,3
251,33.11497,3
252,46.03635,3
253,69.88762,3
254,34.812847,3
255,69.93844,3
256,9.167429,3
257,26.064745,3
258,40.752224,3
259,96.30214,3
260,78.56936,3
261,77.11069,3
262,70.370316,3
263,46.59493,3
264,14.037088,3
265,37.52282,3
266,64.102104,3
267,60.0824,3
268,61.416645,3
269,1.0518858,3
270,35.823326,3
271,47.716396,3
272,73.05882,3
273,48.000202,3
274,18.617155,3
275,39.840397,3
276,67.82484,3
277,6.5866184,3
278,22.616991,3
279,35.368927,3
280,79.0569,3
281,61.59512,3
282,75.93794,3
283,49.640743,3
284,31.885069,3
285,12.520071,3
286,45.41577,3
287,100.4565,3
288,52.572117,3
289,86.98497,3
290,45.40698,3
291,53.486214,3
292,76.52546,3
293,58.2693,3
294,63.99347,3
295,29.366795,3
296,41.59442,3
297,38.04676,3
298,69.44919,3
299,21.425365,3
300,86.78948,3
301,101.41914,3
302,27.209871,3
303,34.37254,3
304,24.907,3
305,38.973057,3
306,32.925083,3
307,12.628548,3
308,0.7163794,3
309,59.32443,3
310,83.03853,3
311,47.44297,3
312,58.117214,3
313,9.721672,3
314,63.47816,3
315,53.2771,3
316,2.752762,3
317,32.4743,3
318,63.6489,3
319,9.697508,3
320,42.8074,4
321,47.01524,4
322,31.162527,4
323,43.25555,4
324,56.638874,4
325,38.760754,4
326,51.713833,4
327,77.16522,4
328,90.84158,4
329,30.038866,4
330,36.08485,4
331,35.720535,4
332,44.942364,4
333,25.490486,4
334,48.090946,4
335,42.184143,4
336,-2.1083887,4
337,64.55278,4
338,54.37409,4
339,67.74632,4
340,60.864616,4
341,16.07636,4
342,66.80616,4
343,42.484447,4
344,45.046947,4
345,47.838184,4
346,33.64298,4
347,-2.9405916,4
348,23.269855,4
349,28.087881,4
350,78.04421,4
351,37.129234,4
352,49.699585,4
353,22.673723,4
354,-2.5203264,4
355,41.17149,4
356,53.23194,4
357,70.48166,4
358,31.854666,4
359,12.683871,4
360,36.42416,4
361,62.981403,4
362,33.589603,4
363,27.37094,4
364,46.766747,4
365,35.91031,4
366,58.186962,4
367,47.526596,4
368,61.943096,4
369,26.631079,4
370,7.254032,4
371,27.188587,4
372,14.951684,4
373,26.508398,4
374,81.134476,4
375,50.132175,4
376,38.97609,4
377,49.675465,4
378,42.84278,4
379,41.981777,4
380,58.216564,4
381,13.103444,4
382,35.523945,4
383,14.857952,4
384,47.72163,4
385,48.64318,4
386,47.21201,4
387,74.85774,4
388,35.189037,4
389,50.175625,4
390,24.920715,4
391,35.03397,4
392,53.64652,4
393,59.975723,4
394,20.667316,4
395,61.713696,4
396,53.621143,4
397,36.505013,4
398,10.877463,4
399,36.208553,4
400,4.171999,5
401,71.77524,5
402,66.848175,5
403,49.98449,5
404,74.96642,5
405,38.062325,5
406,51.962276,5
407,78.00928,5
408,66.71735,5
409,46.033985,5
410,55.403507,5
411,77.41521,5
412,-1.698241,5
413,55.41948,5
414,104.69383,5
415,42.84234,5
416,117.286476,5
417,64.177,5
418,60.981182,5
419,42.58231,5
420,107.95847,5
421,82.19749,5
422,76.51549,5
423,108.1967,5
424,34.5284,5
425,29.114594,5
426,96.98924,5
427,126.62622,5
428,106.46962,5
429,63.509605,5
430,91.78644,5
431,84.40805,5
432,78.304054,5
433,51.55949,5
434,71.84454,5
435,78.52591,5
436,23.248339,5
437,94.307396,5
438,19.208216,5
439,10.813904,5
440,65.87908,5
441,130.7426,5
442,106.35061,5
443,75.33173,5
444,25.804022,5
445,66.02127,5
446,87.43889,5
447,83.63045,5
448,99.01293,5
449,56.021572,5
450,44.79874,5
451,17.077173,5
452,46.46106,5
453,83.58917,5
454,59.225994,5
455,56.33569,5
456,20.321146,5
457,45.302856,5
458,49.73544,5
459,85.964264,5
460,57.21309,5
461,120.20934,5
462,61.40556,5
463,63.040604,5
464,48.301373,5
465,34.704704,5
466,94.14285,5
467,-11.92515,5
468,60.14143,5
469,116.28288,5
470,96.968506,5
471,56.275814,5
472,81.210655,5
473,39.321922,5
474,66.13412,5
475,58.587765,5
476,105.1321,5
477,30.877161,5
478,61.648716,5
479,108.092545,5
480,48.415558,6
481,2.1504424,6
482,67.68994,6
483,50.207817,6
484,27.551744,6
485,71.296135,6
486,81.127655,6
487,94.08294,6
488,81.42735,6
489,1.4763052,6
490,32.105007,6
491,45.414608,6
492,12.584499,6
493,52.182636,6
494,40.067802,6
495,46.220226,6
496,74.465126,6
497,49.91754,6
498,-18.077547,6
499,20.171,6
500,64.30389,6
501,16.737335,6
502,63.8414,6
503,39.630577,6
504,63.77416,6
505,60.45363,6
506,16.205194,6
507,35.19513,6
508,28.503792,6
509,69.05396,6
510,6.8097134,6
511,83.28842,6
512,14.261156,6
513,70.24354,6
514,36.30956,6
515,33.0373,6
516,68.49324,6
517,35.24622,6
518,59.95703,6
519,52.0276,6
520,89.79607,6
521,77.69037,6
522,21.221966,6
523,58.425575,6
524,24.944101,6
525,40.061413,6
526,7.410511,6
527,61.64591,6
528,23.459932,6
529,59.754192,6
530,41.366604,6
531,25.664547,6
532,60.574085,6
533,36.85645,6
534,34.850933,6
535,75.25836,6
536,41.933125,6
537,89.75602,6
538,66.54467,6
539,60.692776,6
540,20.778788,6
541,45.579185,6
542,33.71171,6
543,65.72517,6
544,15.426186,6
545,38.404293,6
546,74.6877,6
547,22.3428,6
548,78.78689,6
549,59.74222,6
550,51.525593,6
551,29.1245,6
552,79.125114,6
553,80.99158,6
554,76.39062,6
555,47.38727,6
556,78.91383,6
557,-21.493189,6
558,-19.453268,6
559,34.26148,6
560,12.215975,7
561,7.2827168,7
562,16.185228,7
563,19.582098,7
564,33.485676,7
565,36.677578,7
566,6.8218403,7
567,3.5907195,7
568,6.433424,7
569,39.622078,7
570,23.118551,7
571,22.773024,7
572,16.213118,7
573,20.67449,7
574,42.43063,7
575,31.509008,7
576,27.25751,7
577,38.052876,7
578,44.973,7
579,27.556026,7
580,11.677832,7
581,5.679249,7
582,17.556871,7
583,8.605566,7
584,-8.208374,7
585,-9.157017,7
586,-5.3707504,7
587,6.0017815,7
588,7.6727657,7
589,9.65416,7
590,-8.646367,7
591,7.1014767,7
592,30.80842,7
593,49.577126,7
594,4.433117,7
595,26.57023,7
596,10.364687,7
597,49.529015,7
598,33.670193,7
599,22.69585,7
600,72.4944,7
601,29.416336,7
602,9.3258915,7
603,16.81766,7
604,22.635132,7
605,2.4726307,7
606,-0.41929603,7
607,-12.0102825,7
608,31.162626,7
609,19.547684,7
610,23.97178,7
611,-23.467943,7
612,-8.937124,7
613,33.999836,7
614,-2.0049055,7
615,2.0525572,7
616,26.29278,7
617,32.895237,7
618,43.141308,7
619,7.9733353,7
620,36.54127,7
621,17.762491,7
622,0.7537167,7
623,40.743343,7
624,5.2226133,7
625,1.9832575,7
626,23.407297,7
627,3.851576,7
628,-5.9398937,7
629,22.997349,7
630,27.801676,7
631,21.72302,7
632,21.72672,7
633,21.98145,7
634,8.740024,7
635,16.740284,7
636,10.000493,7
637,21.870785,7
638,12.972963,7
639,7.8397818,7
640,141.5436,8
641,84.5365,8
642,56.836117,8
643,28.278328,8
644,112.189,8
645,27.902395,8
646,112.24748,8
647,71.24956,8
648,48.80948,8
649,57.40452,8
650,108.83888,8
651,59.39245,8
652,130.85432,8
653,144.95718,8
654,111.951035,8
655,85.37108,8
656,51.84197,8
657,71.34333,8
658,65.31571,8
659,86.23108,8
660,108.6241,8
661,96.84388,8
662,111.19502,8
663,104.6844,8
664,93.80484,8
665,53.24982,8
666,83.6875,8
667,54.886715,8
668,89.2704,8
669,124.34608,8
670,96.21692,8
671,70.080765,8
672,66.325836,8
673,112.62169,8
674,56.527744,8
675,104.6337,8
676,64.31461,8
677,68.71804,8
678,64.91468,8
679,110.866585,8
680,100.838326,8
681,99.36647,8
682,94.77242,8
683,86.61542,8
684,90.95334,8
685,53.05649,8
686,79.208534,8
687,146.09795,8
688,104.071,8
689,63.83612,8
690,35.72286,8
691,76.525925,8
692,102.51201,8
693,122.57266,8
694,65.04764,8
695,47.771427,8
696,122.89967,8
697,59.216557,8
698,44.711452,8
699,45.726322,8
700,124.44957,8
701,97.162224,8
702,68.953674,8
703,79.079575,8
704,105.085175,8
705,80.744934,8
706,64.368256,8
707,66.20776,8
708,55.110165,8
709,119.66307,8
710,47.533348,8
711,72.20718,8
712,82.34091,8
713,49.920326,8
714,41.17859,8
715,101.8329,8
716,75.88972,8
717,85.26338,8
718,88.52852,8
719,54.907593,8
720,68.74983,9
721,90.10104,9
722,37.461533,9
723,102.371086,9
724,46.648544,9
725,46.24053,9
726,67.27419,9
727,70.433,9
728,61.51141,9
729,62.4937,9
730,77.02343,9
731,41.389057,9
732,55.803154,9
733,53.922707,9
734,47.827423,9
735,66.874596,9
736,62.00759,9
737,77.3378,9
738,79.23134,9
739,83.101974,9
740,83.22716,9
741,70.552704,9
742,25.53634,9
743,60.767677,9
744,62.699825,9
745,62.570507,9
746,36.065937,9
747,53.39157,9
748,51.000324,9
749,57.563503,9
750,55.39825,9
751,54.35398,9
752,87.83391,9
753,67.19249,9
754,107.84259,9
755,34.691376,9
756,77.714096,9
757,57.246593,9
758,70.92853,9
759,36.3658,9
760,40.992966,9
761,79.71416,9
762,55.960186,9
763,19.525763,9
764,68.49425,9
765,41.59056,9
766,40.522243,9
767,65.832184,9
768,48.42346,9
769,37.60364,9
770,59.74761,9
771,56.233913,9
772,78.691895,9
773,30.403208,9
774,69.11066,9
775,65.090744,9
776,63.795124,9
777,50.639095,9
778,43.555813,9
779,47.725414,9
780,74.88052,9
781,53.23765,9
782,42.028103,9
783,46.51056,9
784,48.020905,9
785,65.6528,9
786,50.970356,9
787,51.70784,9
788,46.17313,9
789,61.11526,9
790,75.31271,9
791,40.740482,9
792,66.30706,9
793,79.46719,9
794,86.24611,9
795,58.12412,9
796,57.903637,9
797,53.294487,9
798,87.21912,9
799,45.029087,9
