Image,Value,Label
0,9.606223,0
1,-9.341498,0
2,-18.310453,0
3,21.104631,0
4,-10.350148,0
5,-31.058664,0
6,5.7102766,0
7,-4.417714,0
8,7.612094,0
9,-13.95184,0
10,-30.125954,0
11,13.542495,0
12,6.361472,0
13,-1.1573802,0
14,6.185523,0
15,-15.593083,0
16,-22.804895,0
17,17.447866,0
18,32.76116,0
19,-12.817651,0
20,20.325834,0
21,-33.327335,0
22,6.4004507,0
23,-41.22701,0
24,-3.5673685,0
25,-12.408837,0
26,11.818305,0
27,-24.602808,0
28,21.343859,0
29,7.874625,0
30,-39.883736,0
31,-9.6228895,0
32,-2.8327303,0
33,9.300483,0
34,0.50533193,0
35,-3.3173838,0
36,-35.61577,0
37,3.4534063,0
38,-53.98852,0
39,-9.291411,0
40,14.548499,0
41,-20.919249,0
42,-19.457943,0
43,-11.175185,0
44,-24.514957,0
45,8.975841,0
46,-9.645837,0
47,-3.5231142,0
48,-18.570776,0
49,-9.515624,0
50,10.997741,0
51,-42.30374,0
52,12.633344,0
53,-12.663289,0
54,19.302263,0
55,-14.486878,0
56,14.186023,0
57,-30.536303,0
58,17.307188,0
59,-49.85952,0
60,14.474982,0
61,3.0962782,0
62,-17.22341,0
63,26.742811,0
64,-47.356228,0
65,52.21903,0
66,6.877433,0
67,-10.402375,0
68,-14.719165,0
69,-23.330595,0
70,44.363884,0
71,-27.643686,0
72,-28.999643,0
73,5.5434437,0
74,-20.670938,0
75,-11.534001,0
76,1.988922,0
77,31.222563,0
78,-2.3086557,0
79,-32.025856,0
80,-48.257843,1
81,-55.05952,1
82,-73.00292,1
83,-52.678307,1
84,-71.74908,1
85,-34.556873,1
86,-53.074696,1
87,-66.18623,1
88,-66.79398,1
89,-55.38184,1
90,-62.37316,1
91,-49.055996,1
92,-52.390266,1
93,-58.653423,1
94,-78.88535,1
95,-72.61869,1
96,-84.1719,1
97,-62.472206,1
98,-34.12683,1
99,-54.830204,1
100,-56.205673,1
101,-65.99822,1
102,-71.25425,1
103,-55.948334,1
104,-57.85554,1
105,-55.442024,1
106,-75.87559,1
107,-78.35789,1
108,-54.575043,1
109,-55.650097,1
110,-69.88897,1
111,-59.529335,1
112,-57.764977,1
113,-56.333977,1
114,-70.709175,1
115,-45.467075,1
116,-77.536476,1
117,-66.34791,1
118,-62.80545,1
119,-65.0432,1
120,-51.84991,1
121,-64.31761,1
122,-59.843445,1
123,-36.766335,1
124,-35.22182,1
125,-54.691185,1
126,-86.206894,1
127,-45.51893,1
128,-61.45508,1
129,-62.199837,1
130,-84.1951,1
131,-71.71423,1
132,-79.62444,1
133,-61.03549,1
134,-32.356163,1
135,-42.40291,1
136,-33.83594,1
137,-35.072334,1
138,-65.9656,1
139,-49.684986,1
140,-48.433945,1
141,-58.77172,1
142,-65.708824,1
143,-62.261124,1
144,-67.71125,1
145,-65.17217,1
146,-36.170284,1
147,-50.182316,1
148,-53.76312,1
149,-88.993484,1
150,-69.43528,1
151,-79.224785,1
152,-133.72476,1
153,-54.49938,1
154,-67.031944,1
155,-66.65089,1
156,-61.078026,1
157,-58.263412,1
158,-47.293972,1
159,-36.78626,1
160,-41.796513,2
161,-61.220245,2
162,-52.59754,2
163,-82.335266,2
164,-74.80919,2
165,-33.793907,2
166,-2.6697397,2
167,-81.14605,2
168,-7.8534117,2
169,-52.133766,2
170,-28.14618,2
171,-64.04694,2
172,-41.56153,2
173,-51.39453,2
174,-69.91022,2
175,-43.929382,2
176,-6.301153,2
177,-18.685858,2
178,41.168312,2
179,-23.727818,2
180,-29.997805,2
181,-40.282986,2
182,-21.487583,2
183,-61.17512,2
184,-49.1335,2
185,-122.24294,2
186,-16.19285,2
187,-26.421587,2
188,-58.40092,2
189,-69.02694,2
190,-22.001005,2
191,-56.651443,2
192,-15.501508,2
193,-121.97265,2
194,-34.254303,2
195,6.5269184,2
196,-40.790596,2
197,-38.154686,2
198,-44.985626,2
199,-9.363589,2
200,-25.42089,2
201,-97.02933,2
202,12.594358,2
203,-40.162277,2
204,-57.261703,2
205,-53.771717,2
206,-43.778088,2
207,-33.005035,2
208,-58.325684,2
209,-56.732315,2
210,-9.646155,2
211,-26.93391,2
212,-98.82502,2
213,-50.159054,2
214,-22.64304,2
215,1.9794854,2
216,-69.769325,2
217,-13.177283,2
218,-55.493282,2
219,-145.22038,2
220,-51.63104,2
221,-36.53405,2
222,-84.99743,2
223,-54.248356,2
224,-23.124334,2
225,-159.76837,2
226,-115.81258,2
227,-49.620903,2
228,-61.113632,2
229,-73.489555,2
230,-35.97666,2
231,-19.513311,2
232,-15.195053,2
233,-136.41289,2
234,-15.686465,2
235,-33.040146,2
236,-97.232765,2
237,-85.654526,2
238,-40.074703,2
239,-13.632272,2
240,-47.438927,3
241,-42.623734,3
242,-55.11148,3
243,-11.643433,3
244,-59.9731,3
245,-28.18878,3
246,1.725581,3
247,-4.7490835,3
248,-42.6929,3
249,-45.302765,3
250,-32.268246,3
251,-57.880592,3
252,-38.195747,3
253,-32.91212,3
254,-7.3069286,3
255,-9.557982,3
256,-18.77034,3
257,-49.869663,3
258,-23.513924,3
259,-13.98713,3
260,-39.72632,3
261,-32.100464,3
262,-54.73943,3
263,-78.52221,3
264,-67.14633,3
265,8.490936,3
266,-24.536043,3
267,-65.935074,3
268,-33.966873,3
269,-30.252642,3
270,-44.7899,3
271,-34.84685,3
272,-47.880085,3
273,-23.511194,3
274,-55.798508,3
275,-38.53084,3
276,-1.7370445,3
277,-43.97983,3
278,-49.582428,3
279,-44.79013,3
280,-30.153492,3
281,-48.70632,3
282,-10.970004,3
283,17.675621,3
284,-6.8813295,3
285,-38.07639,3
286,28.125523,3
287,-2.5536985,3
288,-31.450724,3
289,-15.577321,3
290,-27.902834,3
291,-34.808975,3
292,-20.072481,3
293,-2.3978648,3
294,-24.679998,3
295,-11.748098,3
296,-30.907434,3
297,-40.70849,3
298,1.8486489,3
299,30.569534,3
300,-77.07133,3
301,27.225801,3
302,-24.01335,3
303,-45.047585,3
304,17.085657,3
305,-38.03353,3
306,-22.035715,3
307,-29.81953,3
308,-63.204914,3
309,-65.383385,3
310,-31.837374,3
311,-20.332537,3
312,-39.32263,3
313,-39.855743,3
314,-42.669323,3
315,-28.259266,3
316,-50.89613,3
317,-24.92808,3
318,-28.702196,3
319,-36.227818,3
320,85.15737,4
321,7.1921797,4
322,16.679472,4
323,5.2208567,4
324,33.890274,4
325,40.816734,4
326,43.290848,4
327,-12.51513,4
328,-13.081872,4
329,8.437776,4
330,28.887688,4
331,1.8348559,4
332,17.910929,4
333,-4.363888,4
334,1.1168889,4
335,-7.4423323,4
336,-10.420012,4
337,44.510147,4
338,-4.151863,4
339,24.94479,4
340,22.031557,4
341,-6.9930773,4
342,36.55399,4
343,45.680405,4
344,26.913734,4
345,-8.1905,4
346,-12.402226,4
347,4.2976255,4
348,-15.8557825,4
349,19.93965,4
350,1.616393,4
351,31.508549,4
352,34.87066,4
353,10.891019,4
354,54.47772,4
355,37.98423,4
356,73.85798,4
357,24.44967,4
358,29.450338,4
359,7.5866528,4
360,5.0585003,4
361,33.95932,4
362,18.52972,4
363,-7.9592986,4
364,10.281022,4
365,40.171238,4
366,71.6212,4
367,38.891533,4
368,5.927348,4
369,5.449361,4
370,6.1737375,4
371,17.791529,4
372,-2.5078773,4
373,-8.914828,4
374,32.145576,4
375,31.288816,4
376,36.036247,4
377,-10.265811,4
378,24.415613,4
379,31.324118,4
380,49.23255,4
381,-5.4891133,4
382,0.36230078,4
383,-9.194511,4
384,75.88712,4
385,-6.533949,4
386,14.20337,4
387,-2.7723093,4
388,41.269695,4
389,46.701714,4
390,26.781542,4
391,-2.9247303,4
392,27.69646,4
393,4.22637,4
394,1.7604655,4
395,16.666454,4
396,22.247164,4
397,-8.169547,4
398,35.151203,4
399,43.74724,4
400,-21.377222,5
401,-52.937916,5
402,-49.702427,5
403,29.938179,5
404,-49.44303,5
405,-32.2795,5
406,3.7962084,5
407,-86.00852,5
408,-7.910199,5
409,-23.042442,5
410,-28.766514,5
411,-48.258595,5
412,-23.95056,5
413,-67.883865,5
414,-67.2471,5
415,-44.512444,5
416,26.066797,5
417,-11.731423,5
418,-34.353104,5
419,-8.749388,5
420,-12.016591,5
421,-10.74852,5
422,-49.83264,5
423,-24.083632,5
424,-32.714764,5
425,-17.597143,5
426,-24.901203,5
427,-32.916985,5
428,-18.607756,5
429,-15.466224,5
430,4.9660873,5
431,-15.558646,5
432,-30.967953,5
433,-66.83663,5
434,-42.49021,5
435,4.9266844,5
436,-32.25072,5
437,-55.084564,5
438,23.451618,5
439,-36.08406,5
440,-41.210915,5
441,-45.711975,5
442,-37.655895,5
443,-35.111946,5
444,-48.534412,5
445,-16.79771,5
446,1.6020712,5
447,41.166676,5
448,-6.999914,5
449,-63.531788,5
450,-16.548788,5
451,-4.792488,5
452,0.1921033,5
453,-35.346004,5
454,-28.341639,5
455,-2.3462973,5
456,-48.22862,5
457,10.09506,5
458,-21.059977,5
459,5.691684,5
460,2.3754892,5
461,-22.174429,5
462,-26.257174,5
463,15.8976755,5
464,-29.07985,5
465,3.5489779,5
466,-25.8703,5
467,-19.481997,5
468,-15.888318,5
469,-65.6341,5
470,-24.157427,5
471,-10.369185,5
472,-40.506863,5
473,17.464037,5
474,-33.03601,5
475,-18.108686,5
476,-18.008951,5
477,-64.712715,5
478,-23.673517,5
479,-38.344635,5
480,-82.02587,6
481,1.2693824,6
482,-107.45002,6
483,-44.151608,6
484,-78.88305,6
485,-43.794662,6
486,-73.06339,6
487,-67.97013,6
488,-56.20852,6
489,-19.798594,6
490,-31.480947,6
491,-93.16322,6
492,14.611293,6
493,-59.123203,6
494,-20.369612,6
495,-9.078689,6
496,-13.870185,6
497,-29.504927,6
498,-11.024476,6
499,38.992096,6
500,-40.492794,6
501,-29.376768,6
502,-80.67064,6
503,-39.111244,6
504,-74.345406,6
505,-15.715903,6
506,-21.59278,6
507,-42.101234,6
508,0.637165,6
509,-23.213503,6
510,-40.05075,6
511,-59.664375,6
512,-14.831914,6
513,-61.171684,6
514,-15.086652,6
515,-39.86399,6
516,-70.18513,6
517,-43.220875,6
518,-81.22036,6
519,-67.48076,6
520,-39.263718,6
521,-64.73196,6
522,-12.436042,6
523,-20.713657,6
524,31.019545,6
525,-20.592339,6
526,18.565697,6
527,-38.384705,6
528,-34.049515,6
529,-84.84596,6
530,-28.06513,6
531,-35.29665,6
532,0.45523348,6
533,-68.41146,6
534,45.872536,6
535,-36.49593,6
536,-25.51573,6
537,-38.42697,6
538,-62.19703,6
539,-29.592846,6
540,-13.49356,6
541,-46.503025,6
542,-59.704025,6
543,-83.93389,6
544,3.8659148,6
545,-73.735176,6
546,-50.404503,6
547,45.928528,6
548,-35.697117,6
549,-54.52243,6
550,-17.683592,6
551,-6.0979204,6
552,-50.407417,6
553,-29.416391,6
554,-13.787811,6
555,-47.109768,6
556,-48.94699,6
557,-7.484807,6
558,18.457235,6
559,-24.97328,6
560,55.10721,7
561,25.719477,7
562,-2.1548185,7
563,64.91544,7
564,49.762714,7
565,64.94751,7
566,91.48147,7
567,40.024845,7
568,38.247093,7
569,44.07386,7
570,80.9403,7
571,38.71326,7
572,64.84113,7
573,97.37914,7
574,8.452586,7
575,64.65284,7
576,61.352203,7
577,42.744656,7
578,38.850513,7
579,71.34211,7
580,46.4494,7
581,27.414942,7
582,51.717407,7
583,49.70868,7
584,56.191673,7
585,47.228508,7
586,121.74295,7
587,53.83384,7
588,29.781876,7
589,48.231167,7
590,112.52117,7
591,44.71486,7
592,55.832443,7
593,65.069916,7
594,59.90626,7
595,34.87855,7
596,39.80223,7
597,44.827217,7
598,72.29206,7
599,73.21162,7
600,53.53871,7
601,1.7495602,7
602,99.217415,7
603,65.22736,7
604,42.46774,7
605,58.50283,7
606,34.566673,7
607,106.369835,7
608,10.116541,7
609,20.13745,7
610,80.203606,7
611,98.18769,7
612,55.425743,7
613,52.782856,7
614,46.035294,7
615,19.503359,7
616,71.71485,7
617,87.62434,7
618,2.1083345,7
619,98.348076,7
620,15.712386,7
621,54.72274,7
622,65.48397,7
623,33.159386,7
624,9.092553,7
625,124.49009,7
626,28.468597,7
627,45.944466,7
628,27.969542,7
629,72.30009,7
630,84.07108,7
631,6.513801,7
632,35.04189,7
633,31.424057,7
634,44.77426,7
635,62.03778,7
636,51.381958,7
637,69.75187,7
638,81.59,7
639,38.95436,7
640,11.665732,8
641,-26.672846,8
642,3.5982218,8
643,-48.23842,8
644,-44.767723,8
645,-19.959665,8
646,-47.35502,8
647,-49.945236,8
648,-35.858093,8
649,1.9981107,8
650,-45.94838,8
651,-19.987814,8
652,-20.520895,8
653,33.058205,8
654,-15.066152,8
655,-11.639001,8
656,-16.805195,8
657,-40.44853,8
658,-45.681446,8
659,38.266167,8
660,12.580043,8
661,-25.363562,8
662,-53.683548,8
663,-25.264872,8
664,0.24858561,8
665,-0.058441244,8
666,30.483059,8
667,-31.116571,8
668,-62.982903,8
669,-41.179047,8
670,-41.23493,8
671,-44.852703,8
672,5.805957,8
673,-4.6240416,8
674,-43.607323,8
675,-44.905205,8
676,2.8981466,8
677,-7.0779085,8
678,-24.78055,8
679,-16.832872,8
680,-40.154922,8
681,-49.864525,8
682,-10.405236,8
683,-5.747056,8
684,-33.126907,8
685,4.1816854,8
686,-26.358538,8
687,-3.170909,8
688,-16.660545,8
689,-16.108658,8
690,45.877617,8
691,-11.625958,8
692,-9.568795,8
693,-24.179522,8
694,19.124655,8
695,-32.78421,8
696,20.63248,8
697,-46.36341,8
698,-49.74385,8
699,27.600206,8
700,-37.292187,8
701,-12.994048,8
702,-5.9384174,8
703,-25.703342,8
704,-36.974796,8
705,7.0475607,8
706,3.4906912,8
707,-45.2668,8
708,-41.22797,8
709,-60.606075,8
710,-17.95564,8
711,-57.630844,8
712,-45.412914,8
713,-53.09947,8
714,-21.196806,8
715,-45.976994,8
716,18.81262,8
717,-46.741467,8
718,-29.85298,8
719,-30.258223,8
720,37.97972,9
721,14.552138,9
722,60.628666,9
723,43.83679,9
724,38.64254,9
725,44.78771,9
726,0.3808488,9
727,57.601234,9
728,28.72404,9
729,59.633087,9
730,30.14221,9
731,22.41159,9
732,63.723007,9
733,54.977898,9
734,40.756096,9
735,-6.564473,9
736,39.828537,9
737,64.846596,9
738,33.277557,9
739,18.666597,9
740,49.501987,9
741,32.96787,9
742,64.3205,9
743,57.913513,9
744,60.608837,9
745,65.57394,9
746,30.219492,9
747,29.275606,9
748,-17.463713,9
749,21.527567,9
750,35.99635,9
751,50.51117,9
752,47.8622,9
753,34.63465,9
754,69.93523,9
755,15.741708,9
756,1.933276,9
757,18.150908,9
758,73.81376,9
759,11.589137,9
760,36.250233,9
761,35.25019,9
762,69.17186,9
763,44.151997,9
764,42.994,9
765,25.531923,9
766,28.320215,9
767,60.235165,9
768,20.036459,9
769,11.034789,9
770,22.456795,9
771,15.995627,9
772,45.96123,9
773,31.94867,9
774,26.218733,9
775,15.040786,9
776,29.792782,9
777,25.09327,9
778,54.6901,9
779,26.777071,9
780,90.50912,9
781,59.182274,9
782,2.6596422,9
783,22.854586,9
784,36.944176,9
785,28.419542,9
786,28.12793,9
787,21.099333,9
788,31.185434,9
789,42.59977,9
790,31.472467,9
791,40.133526,9
792,57.146393,9
793,25.600636,9
794,52.763435,9
795,63.86647,9
796,57.88235,9
797,15.532554,9
798,46.143547,9
799,2.6055098,9
