Image,Value,Label
0,145.43901,0
1,72.455,0
2,80.7361,0
3,83.576324,0
4,68.61398,0
5,64.72716,0
6,54.13327,0
7,57.924812,0
8,76.7594,0
9,67.88668,0
10,120.16698,0
11,85.07978,0
12,84.14392,0
13,75.80875,0
14,112.98842,0
15,76.68816,0
16,81.099014,0
17,42.755642,0
18,56.1386,0
19,96.30603,0
20,87.92151,0
21,92.328415,0
22,85.48013,0
23,88.24081,0
24,168.39563,0
25,72.36502,0
26,121.78693,0
27,73.29387,0
28,67.88585,0
29,70.18228,0
30,93.573586,0
31,123.2248,0
32,116.64407,0
33,90.756676,0
34,55.905888,0
35,58.422024,0
36,92.007904,0
37,86.663666,0
38,96.296455,0
39,121.40604,0
40,98.71355,0
41,82.12269,0
42,102.28615,0
43,57.371964,0
44,74.810135,0
45,96.99169,0
46,98.79253,0
47,79.02707,0
48,55.612293,0
49,61.130978,0
50,79.494934,0
51,100.41208,0
52,43.919914,0
53,104.08212,0
54,101.98129,0
55,107.42301,0
56,34.3685,0
57,102.34542,0
58,115.72282,0
59,118.48204,0
60,64.00163,0
61,95.47987,0
62,73.6348,0
63,78.19471,0
64,110.62271,0
65,84.47331,0
66,64.783615,0
67,92.29588,0
68,65.0249,0
69,137.32567,0
70,59.76811,0
71,118.94084,0
72,96.312096,0
73,64.50116,0
74,66.29935,0
75,137.7946,0
76,69.32033,0
77,80.588776,0
78,167.63695,0
79,145.5895,0
80,126.46436,1
81,103.345245,1
82,150.91685,1
83,127.39058,1
84,152.05464,1
85,135.79887,1
86,126.27311,1
87,136.19327,1
88,143.29012,1
89,144.3946,1
90,135.11401,1
91,131.96687,1
92,138.64659,1
93,138.24739,1
94,151.57796,1
95,138.80878,1
96,144.4571,1
97,136.98723,1
98,121.19423,1
99,134.51338,1
100,125.88502,1
101,139.86876,1
102,156.88286,1
103,137.31268,1
104,138.06316,1
105,130.28398,1
106,140.02039,1
107,152.2263,1
108,136.35777,1
109,128.01636,1
110,155.01009,1
111,139.87451,1
112,137.36717,1
113,139.80766,1
114,140.3752,1
115,117.6183,1
116,141.97505,1
117,145.77008,1
118,165.89766,1
119,140.89711,1
120,124.903625,1
121,138.00145,1
122,132.33447,1
123,125.160446,1
124,127.3329,1
125,138.48827,1
126,137.16844,1
127,114.245766,1
128,129.4588,1
129,140.05872,1
130,154.49501,1
131,146.73302,1
132,130.28758,1
133,139.08394,1
134,117.24495,1
135,119.74936,1
136,122.29585,1
137,119.06148,1
138,147.0091,1
139,120.569855,1
140,126.18527,1
141,131.99377,1
142,146.95993,1
143,132.01576,1
144,134.12082,1
145,145.11928,1
146,116.377396,1
147,123.75015,1
148,119.52556,1
149,161.3832,1
150,144.8169,1
151,154.47728,1
152,162.69798,1
153,129.94917,1
154,127.426186,1
155,145.54915,1
156,137.03447,1
157,143.26862,1
158,123.41458,1
159,116.767685,1
160,120.55618,2
161,141.7025,2
162,142.57033,2
163,128.22618,2
164,158.38086,2
165,107.66293,2
166,88.40216,2
167,187.23845,2
168,95.82148,2
169,109.87961,2
170,114.26238,2
171,152.63716,2
172,146.45265,2
173,101.55362,2
174,124.2061,2
175,108.22128,2
176,83.52922,2
177,122.05129,2
178,78.602715,2
179,152.43419,2
180,79.75212,2
181,87.3286,2
182,117.86006,2
183,128.13326,2
184,134.4976,2
185,211.1955,2
186,99.296394,2
187,107.89749,2
188,111.38789,2
189,123.892395,2
190,96.71839,2
191,120.48504,2
192,119.94331,2
193,191.39803,2
194,108.176926,2
195,58.83319,2
196,135.49503,2
197,144.84949,2
198,91.88402,2
199,85.501434,2
200,101.25187,2
201,178.41158,2
202,61.70233,2
203,81.50872,2
204,106.06528,2
205,118.914215,2
206,79.88519,2
207,153.52016,2
208,149.61288,2
209,82.720634,2
210,85.8512,2
211,136.9154,2
212,150.4416,2
213,123.213974,2
214,104.56682,2
215,74.84927,2
216,159.6404,2
217,91.25118,2
218,157.45665,2
219,198.84181,2
220,134.06671,2
221,114.054825,2
222,178.63167,2
223,132.35457,2
224,88.29915,2
225,203.60913,2
226,154.7231,2
227,87.910995,2
228,158.14812,2
229,127.88245,2
230,96.443054,2
231,63.450706,2
232,103.229645,2
233,214.92636,2
234,97.752914,2
235,123.04632,2
236,153.06023,2
237,186.31041,2
238,91.64103,2
239,57.02072,2
240,101.28356,3
241,101.32643,3
242,83.90109,3
243,42.140575,3
244,87.27851,3
245,66.14104,3
246,21.76339,3
247,82.95947,3
248,114.670975,3
249,113.129974,3
250,79.364624,3
251,114.44119,3
252,68.478874,3
253,78.12261,3
254,66.321884,3
255,62.756023,3
256,65.66825,3
257,118.31189,3
258,114.2262,3
259,33.200462,3
260,72.261215,3
261,74.922966,3
262,103.76643,3
263,98.73082,3
264,107.925644,3
265,44.321774,3
266,94.12407,3
267,105.00558,3
268,99.60936,3
269,123.46456,3
270,89.2456,3
271,94.69894,3
272,98.40284,3
273,54.017075,3
274,92.81624,3
275,66.40987,3
276,81.99195,3
277,107.96873,3
278,114.967995,3
279,122.981804,3
280,81.88644,3
281,122.35675,3
282,69.354385,3
283,-17.558868,3
284,72.56764,3
285,112.69871,3
286,17.084274,3
287,24.89592,3
288,77.82221,3
289,58.64383,3
290,62.128693,3
291,82.37404,3
292,37.01373,3
293,81.96787,3
294,68.96884,3
295,93.179276,3
296,96.88222,3
297,109.858345,3
298,52.258644,3
299,76.908356,3
300,131.32335,3
301,-6.962425,3
302,62.496647,3
303,66.29799,3
304,56.21653,3
305,68.30304,3
306,62.60728,3
307,75.58267,3
308,110.543625,3
309,108.810745,3
310,101.35951,3
311,80.71957,3
312,76.61455,3
313,89.378586,3
314,97.57804,3
315,90.15382,3
316,101.71273,3
317,97.37054,3
318,82.612335,3
319,168.34584,3
320,-66.85686,4
321,7.2584,4
322,0.0048960745,4
323,20.541388,4
324,-10.174528,4
325,-23.83658,4
326,-13.299936,4
327,30.500643,4
328,44.413906,4
329,31.404373,4
330,-2.2424603,4
331,3.0392714,4
332,-0.20878801,4
333,30.118612,4
334,27.426723,4
335,19.898277,4
336,45.75025,4
337,-14.002499,4
338,15.679164,4
339,2.0037842,4
340,-12.687436,4
341,39.9208,4
342,-14.902674,4
343,19.556442,4
344,-26.268496,4
345,40.833385,4
346,38.187355,4
347,48.240814,4
348,53.30889,4
349,3.513103,4
350,-7.5662003,4
351,38.794003,4
352,-33.3783,4
353,27.49862,4
354,15.775599,4
355,-18.944077,4
356,1.6295756,4
357,12.260747,4
358,-23.783064,4
359,21.600283,4
360,6.7190742,4
361,-10.848366,4
362,20.831156,4
363,40.97251,4
364,29.594433,4
365,2.0881472,4
366,-37.691498,4
367,-7.8022575,4
368,9.619642,4
369,37.010223,4
370,15.846836,4
371,-10.7354145,4
372,30.39772,4
373,49.082623,4
374,-19.160213,4
375,-14.637562,4
376,8.189879,4
377,41.63674,4
378,5.0360146,4
379,22.0353,4
380,-12.513685,4
381,38.153904,4
382,36.057865,4
383,53.480995,4
384,-11.379078,4
385,54.312702,4
386,7.012142,4
387,19.646664,4
388,-1.9303094,4
389,2.9746895,4
390,14.492741,4
391,39.223465,4
392,1.3282794,4
393,32.097603,4
394,29.147446,4
395,20.733559,4
396,-12.954882,4
397,41.198837,4
398,-3.606264,4
399,-3.5767808,4
400,84.511345,5
401,32.94515,5
402,47.275383,5
403,-24.637508,5
404,45.005085,5
405,45.006226,5
406,-2.9434986,5
407,94.71048,5
408,4.4017277,5
409,48.42573,5
410,10.210897,5
411,26.068115,5
412,65.40112,5
413,71.540634,5
414,34.558804,5
415,75.25065,5
416,21.77038,5
417,18.167006,5
418,57.56218,5
419,22.433533,5
420,-34.127308,5
421,30.334648,5
422,76.94385,5
423,-40.257645,5
424,61.09613,5
425,58.274155,5
426,31.153086,5
427,-37.877075,5
428,-13.600983,5
429,-15.909035,5
430,-23.42202,5
431,-0.990944,5
432,2.6862907,5
433,53.981194,5
434,29.263378,5
435,-25.450752,5
436,80.41583,5
437,43.323357,5
438,-10.02289,5
439,99.24217,5
440,29.69854,5
441,5.6326694,5
442,-8.167515,5
443,39.107773,5
444,90.1602,5
445,-1.9328004,5
446,-22.095541,5
447,-26.702621,5
448,-17.990574,5
449,85.93399,5
450,1.239324,5
451,29.678055,5
452,2.5579243,5
453,21.977325,5
454,37.77657,5
455,-50.241913,5
456,44.72364,5
457,-2.10001,5
458,4.0814285,5
459,-36.81265,5
460,-28.278288,5
461,-4.281227,5
462,40.854385,5
463,5.0646,5
464,52.147896,5
465,-5.437952,5
466,-10.514494,5
467,64.54992,5
468,-12.3178425,5
469,17.512749,5
470,-10.047361,5
471,48.925705,5
472,22.340868,5
473,16.33005,5
474,9.906684,5
475,32.486855,5
476,-12.30114,5
477,67.66162,5
478,34.8765,5
479,1.890869,5
480,72.75014,6
481,42.95655,6
482,60.947433,6
483,3.0013075,6
484,72.416954,6
485,17.142036,6
486,53.49883,6
487,33.423725,6
488,-6.083762,6
489,41.490646,6
490,10.307291,6
491,79.581924,6
492,-3.1061954,6
493,14.854225,6
494,11.110966,6
495,1.989457,6
496,-12.020065,6
497,4.4990854,6
498,68.275925,6
499,67.95471,6
500,21.461292,6
501,-0.13556108,6
502,77.20009,6
503,34.33503,6
504,53.686287,6
505,41.72788,6
506,6.4857883,6
507,-2.8628645,6
508,35.077198,6
509,-15.184321,6
510,-3.153698,6
511,24.936256,6
512,71.480255,6
513,27.377682,6
514,-0.064946264,6
515,-2.372034,6
516,37.25378,6
517,19.860037,6
518,42.205605,6
519,73.95981,6
520,-9.051828,6
521,39.818253,6
522,10.690247,6
523,5.21611,6
524,47.864647,6
525,-5.727384,6
526,-10.958299,6
527,16.902954,6
528,42.82906,6
529,90.69779,6
530,26.551699,6
531,20.038052,6
532,-3.8426433,6
533,73.01694,6
534,-28.05769,6
535,2.912197,6
536,15.316365,6
537,23.127327,6
538,47.98967,6
539,6.255137,6
540,25.918522,6
541,20.714436,6
542,57.852783,6
543,50.8653,6
544,3.1746883,6
545,56.47136,6
546,5.550068,6
547,-34.43905,6
548,8.610218,6
549,13.111668,6
550,12.563515,6
551,-24.240498,6
552,63.368217,6
553,16.088623,6
554,-7.1958094,6
555,2.9841413,6
556,24.676357,6
557,102.74873,6
558,48.15071,6
559,9.79747,6
560,-32.094013,7
561,8.411751,7
562,39.038464,7
563,-50.70944,7
564,-47.73934,7
565,-36.363186,7
566,-60.417347,7
567,-27.346596,7
568,-15.714069,7
569,4.7501984,7
570,-46.95243,7
571,-20.286808,7
572,-17.19859,7
573,-68.9267,7
574,12.026581,7
575,-59.690063,7
576,-13.766951,7
577,-18.071266,7
578,-8.213646,7
579,-31.950214,7
580,3.7746658,7
581,-12.018122,7
582,-12.941921,7
583,-18.399849,7
584,-14.36459,7
585,-3.044342,7
586,-74.41466,7
587,2.3681526,7
588,-8.97739,7
589,-13.847763,7
590,-48.80474,7
591,-29.8512,7
592,-55.39862,7
593,-7.571121,7
594,-26.859268,7
595,-1.0809938,7
596,-6.1865883,7
597,-19.576462,7
598,-61.81447,7
599,-64.3357,7
600,-45.084732,7
601,39.68545,7
602,-49.221695,7
603,-13.1553955,7
604,-7.488781,7
605,-49.151604,7
606,-0.40979013,7
607,-49.696796,7
608,-11.886623,7
609,-9.030405,7
610,-19.54847,7
611,-49.27559,7
612,-12.363964,7
613,-49.187057,7
614,-13.715004,7
615,8.498885,7
616,-55.981876,7
617,-52.960445,7
618,29.226698,7
619,-15.163879,7
620,24.181622,7
621,-3.9464417,7
622,-28.075535,7
623,-34.646027,7
624,40.08739,7
625,-76.46886,7
626,6.6797676,7
627,-17.176193,7
628,12.935581,7
629,-47.263138,7
630,-50.64644,7
631,25.976858,7
632,-14.143463,7
633,-9.2514,7
634,-8.851498,7
635,-35.47169,7
636,-37.918926,7
637,-29.025772,7
638,-13.443062,7
639,-0.6924249,7
640,-33.874344,8
641,14.228178,8
642,-3.7544289,8
643,69.964165,8
644,38.0973,8
645,28.762117,8
646,46.797745,8
647,28.612726,8
648,29.196321,8
649,-8.4189415,8
650,25.059134,8
651,16.337738,8
652,-2.5564117,8
653,-38.460835,8
654,-2.6717262,8
655,-32.939583,8
656,18.988459,8
657,34.49855,8
658,58.342903,8
659,-10.330757,8
660,-7.575489,8
661,13.818211,8
662,33.039516,8
663,5.2142296,8
664,31.028385,8
665,26.62017,8
666,-30.526127,8
667,23.961044,8
668,51.081207,8
669,18.9071,8
670,15.068171,8
671,26.154226,8
672,17.945492,8
673,5.474354,8
674,66.41758,8
675,39.244095,8
676,21.390472,8
677,13.029588,8
678,9.41126,8
679,-11.833641,8
680,22.233385,8
681,36.118515,8
682,-11.0274315,8
683,9.291498,8
684,46.22162,8
685,-17.470276,8
686,33.621307,8
687,-49.83622,8
688,-12.003494,8
689,41.28373,8
690,-30.38773,8
691,-3.9430885,8
692,-14.049786,8
693,4.4719925,8
694,-27.959831,8
695,42.626186,8
696,-10.331757,8
697,58.86597,8
698,58.864674,8
699,-36.129784,8
700,22.222134,8
701,-5.308132,8
702,8.907368,8
703,30.371069,8
704,44.80708,8
705,-13.143967,8
706,-0.045452207,8
707,54.766678,8
708,47.72644,8
709,44.701893,8
710,22.814594,8
711,68.94583,8
712,57.04299,8
713,52.868877,8
714,11.243916,8
715,43.232388,8
716,6.856224,8
717,51.443047,8
718,33.130653,8
719,26.02975,8
720,-63.247158,9
721,-55.899574,9
722,-46.821312,9
723,-47.43248,9
724,-44.742798,9
725,-67.727196,9
726,-24.124031,9
727,-71.57344,9
728,-58.907394,9
729,-72.98047,9
730,-57.770325,9
731,-40.44836,9
732,-60.550205,9
733,-77.15698,9
734,-37.002884,9
735,3.2851639,9
736,-56.571236,9
737,-93.26082,9
738,-49.98374,9
739,-62.607346,9
740,-75.26517,9
741,-83.03458,9
742,-20.522797,9
743,-66.72191,9
744,-46.02015,9
745,-55.659035,9
746,-47.70161,9
747,-50.7642,9
748,8.4056015,9
749,-35.782265,9
750,-59.076977,9
751,-82.73709,9
752,-50.178802,9
753,-59.239937,9
754,-88.16796,9
755,-31.72689,9
756,-39.516964,9
757,-52.02474,9
758,-84.24424,9
759,-21.892069,9
760,-50.18542,9
761,-56.74177,9
762,-48.82246,9
763,-40.98583,9
764,-64.958954,9
765,-38.60568,9
766,-29.093056,9
767,-81.36848,9
768,-38.555893,9
769,-24.372616,9
770,-57.621216,9
771,-25.2471,9
772,-74.239136,9
773,-43.99076,9
774,-42.864075,9
775,-43.10212,9
776,-67.60597,9
777,-40.10302,9
778,-36.298748,9
779,-65.76431,9
780,-92.593475,9
781,-60.363686,9
782,13.681879,9
783,-36.858543,9
784,-66.234024,9
785,-55.954197,9
786,0.92007434,9
787,-40.070053,9
788,-54.508003,9
789,-58.294052,9
790,-50.24531,9
791,-43.388382,9
792,-67.43071,9
793,-52.31208,9
794,-76.71452,9
795,-87.12721,9
796,-73.99342,9
797,-32.714317,9
798,-65.5939,9
799,-5.517624,9
