Image,Value,Label
0,60.45366,0
1,36.39003,0
2,61.665657,0
3,41.83876,0
4,44.732162,0
5,45.020645,0
6,27.438879,0
7,32.56461,0
8,31.97454,0
9,31.32038,0
10,51.362118,0
11,40.929974,0
12,54.155537,0
13,37.75846,0
14,53.233284,0
15,43.42888,0
16,37.80917,0
17,35.13366,0
18,49.89798,0
19,44.0342,0
20,41.758846,0
21,28.520514,0
22,47.6652,0
23,41.171566,0
24,34.028126,0
25,28.014511,0
26,40.103092,0
27,32.577217,0
28,24.94869,0
29,45.98168,0
30,63.57885,0
31,31.22766,0
32,41.0151,0
33,29.687117,0
34,35.03016,0
35,46.847588,0
36,40.905518,0
37,55.132816,0
38,25.219297,0
39,42.0762,0
40,45.93677,0
41,36.21219,0
42,27.751955,0
43,35.19269,0
44,45.901478,0
45,75.58513,0
46,42.072685,0
47,24.148235,0
48,29.512993,0
49,32.0636,0
50,37.801384,0
51,43.09313,0
52,24.653252,0
53,36.081635,0
54,39.100388,0
55,52.781105,0
56,32.490673,0
57,37.512268,0
58,53.52922,0
59,28.325855,0
60,50.584213,0
61,43.361443,0
62,32.154976,0
63,49.66913,0
64,18.954351,0
65,50.56886,0
66,28.019049,0
67,33.75785,0
68,34.898468,0
69,38.15472,0
70,41.407814,0
71,37.415077,0
72,60.03758,0
73,51.62799,0
74,41.796623,0
75,70.0497,0
76,42.484814,0
77,64.32192,0
78,25.96406,0
79,69.913734,0
80,22.278708,1
81,31.545473,1
82,24.545683,1
83,35.896656,1
84,20.327543,1
85,36.34532,1
86,33.654766,1
87,34.67642,1
88,29.079475,1
89,31.58253,1
90,28.938265,1
91,22.930916,1
92,29.739904,1
93,22.12959,1
94,28.092028,1
95,33.334312,1
96,21.12682,1
97,26.208033,1
98,29.87129,1
99,32.05644,1
100,31.520128,1
101,21.86065,1
102,35.28977,1
103,25.249153,1
104,26.838184,1
105,35.121105,1
106,26.250174,1
107,19.914055,1
108,23.245066,1
109,23.240492,1
110,28.787996,1
111,31.971586,1
112,24.38234,1
113,43.824623,1
114,17.68383,1
115,25.891006,1
116,33.360214,1
117,19.68942,1
118,37.06864,1
119,19.604933,1
120,31.502657,1
121,30.341127,1
122,25.232233,1
123,23.689093,1
124,38.26964,1
125,22.749973,1
126,24.36859,1
127,33.235497,1
128,29.018179,1
129,26.878078,1
130,22.750027,1
131,30.46008,1
132,26.333534,1
133,15.531366,1
134,26.254154,1
135,30.888828,1
136,22.492332,1
137,24.139135,1
138,28.50695,1
139,30.26804,1
140,31.652102,1
141,28.870264,1
142,28.621614,1
143,31.27348,1
144,27.182804,1
145,29.916182,1
146,39.770576,1
147,35.37564,1
148,33.257725,1
149,23.702127,1
150,39.00588,1
151,22.22697,1
152,12.848927,1
153,24.356043,1
154,24.355162,1
155,19.546392,1
156,66.69743,1
157,20.393976,1
158,34.28077,1
159,25.248774,1
160,21.844032,2
161,22.325863,2
162,16.937397,2
163,40.078037,2
164,20.12539,2
165,50.60469,2
166,54.04139,2
167,30.328503,2
168,57.088104,2
169,13.45019,2
170,34.555367,2
171,17.8458,2
172,19.110132,2
173,46.734352,2
174,23.566242,2
175,46.534878,2
176,35.221603,2
177,15.849619,2
178,6.17738,2
179,43.937096,2
180,49.426132,2
181,26.390348,2
182,42.65587,2
183,49.271027,2
184,26.320814,2
185,42.09394,2
186,28.910315,2
187,38.106503,2
188,37.162064,2
189,25.543829,2
190,19.912117,2
191,12.348095,2
192,59.927742,2
193,25.723833,2
194,27.671509,2
195,16.610403,2
196,39.890064,2
197,39.597557,2
198,41.25242,2
199,65.16506,2
200,15.111248,2
201,32.73051,2
202,35.086243,2
203,78.750244,2
204,38.898464,2
205,34.783596,2
206,44.5149,2
207,43.881798,2
208,23.148546,2
209,58.980473,2
210,40.5651,2
211,49.90499,2
212,31.467417,2
213,64.07632,2
214,10.340891,2
215,24.395285,2
216,32.556107,2
217,36.038414,2
218,26.815746,2
219,31.585608,2
220,49.256363,2
221,28.46829,2
222,18.740183,2
223,28.297623,2
224,52.191124,2
225,38.043682,2
226,61.400402,2
227,30.367151,2
228,5.70756,2
229,21.2395,2
230,38.12139,2
231,36.033077,2
232,34.079582,2
233,47.2496,2
234,27.049685,2
235,15.028395,2
236,21.033804,2
237,26.097359,2
238,47.76133,2
239,49.18406,2
240,27.255255,3
241,29.632242,3
242,29.756247,3
243,38.417927,3
244,35.364395,3
245,36.361496,3
246,36.6037,3
247,48.551006,3
248,18.773417,3
249,30.816914,3
250,29.558107,3
251,27.375772,3
252,38.72549,3
253,26.501589,3
254,17.833857,3
255,15.326189,3
256,38.700043,3
257,19.652117,3
258,14.949606,3
259,40.575695,3
260,33.124542,3
261,26.409163,3
262,32.24252,3
263,24.60752,3
264,23.4785,3
265,29.298763,3
266,39.072792,3
267,14.546476,3
268,35.731228,3
269,34.43777,3
270,35.44787,3
271,26.664509,3
272,30.100174,3
273,30.407373,3
274,22.603022,3
275,50.522762,3
276,41.67493,3
277,27.408182,3
278,17.967188,3
279,28.721533,3
280,25.545897,3
281,30.663393,3
282,21.23333,3
283,34.488464,3
284,25.516111,3
285,17.489925,3
286,54.529636,3
287,39.984886,3
288,24.2171,3
289,28.455679,3
290,37.57701,3
291,41.12621,3
292,19.286852,3
293,55.347702,3
294,20.418634,3
295,1.7177032,3
296,39.005547,3
297,40.200535,3
298,27.82829,3
299,33.298035,3
300,51.372646,3
301,40.838745,3
302,33.73086,3
303,16.776237,3
304,3.7364526,3
305,28.93484,3
306,25.852455,3
307,28.679613,3
308,19.237757,3
309,34.95183,3
310,37.18112,3
311,21.78864,3
312,32.508656,3
313,24.010199,3
314,26.713312,3
315,32.25575,3
316,27.949226,3
317,20.499315,3
318,39.313705,3
319,59.404884,3
320,98.10347,4
321,46.174324,4
322,46.936996,4
323,44.63519,4
324,70.67696,4
325,76.846596,4
326,45.052193,4
327,42.559433,4
328,45.24816,4
329,32.408363,4
330,52.09929,4
331,55.754898,4
332,69.30742,4
333,52.876312,4
334,35.87819,4
335,35.448685,4
336,32.60761,4
337,67.63068,4
338,60.2943,4
339,33.522858,4
340,64.482605,4
341,41.272385,4
342,72.54706,4
343,55.177345,4
344,51.504368,4
345,51.5559,4
346,43.21925,4
347,43.916092,4
348,48.51909,4
349,43.645554,4
350,53.79203,4
351,37.49849,4
352,72.711334,4
353,31.21809,4
354,79.10458,4
355,56.512943,4
356,80.64009,4
357,54.70952,4
358,57.128452,4
359,40.553425,4
360,53.679214,4
361,50.36544,4
362,46.92104,4
363,48.014496,4
364,47.066425,4
365,78.49508,4
366,92.29175,4
367,73.462585,4
368,67.14349,4
369,60.977276,4
370,63.714653,4
371,67.27606,4
372,49.34893,4
373,43.42946,4
374,75.709145,4
375,57.527473,4
376,40.470974,4
377,46.985043,4
378,69.682045,4
379,72.505135,4
380,66.23563,4
381,64.699486,4
382,43.86683,4
383,24.248123,4
384,79.44296,4
385,57.91603,4
386,33.404972,4
387,47.035942,4
388,65.9309,4
389,84.04641,4
390,60.51234,4
391,37.113102,4
392,53.511246,4
393,75.79146,4
394,50.297264,4
395,70.42458,4
396,42.6691,4
397,41.10012,4
398,64.488846,4
399,67.9517,4
400,26.758718,5
401,25.359219,5
402,16.401226,5
403,28.947174,5
404,39.182648,5
405,22.13445,5
406,33.037178,5
407,21.841862,5
408,48.024593,5
409,24.652002,5
410,43.586292,5
411,27.866926,5
412,27.89783,5
413,17.514017,5
414,28.350586,5
415,4.589745,5
416,44.27806,5
417,40.04062,5
418,11.819006,5
419,-4.698711,5
420,34.050194,5
421,69.81462,5
422,17.634968,5
423,25.39899,5
424,21.96077,5
425,32.12503,5
426,37.05318,5
427,35.415623,5
428,24.147625,5
429,25.4463,5
430,39.291626,5
431,23.009575,5
432,51.39111,5
433,19.812164,5
434,23.129696,5
435,42.124424,5
436,3.50071,5
437,-2.5072837,5
438,12.165019,5
439,24.24736,5
440,4.541592,5
441,39.17053,5
442,32.121376,5
443,23.339815,5
444,18.90739,5
445,34.617264,5
446,29.846235,5
447,36.56535,5
448,36.74348,5
449,3.2431111,5
450,16.707497,5
451,28.036268,5
452,38.93155,5
453,20.82529,5
454,23.263807,5
455,18.73722,5
456,40.13814,5
457,23.090515,5
458,11.575346,5
459,32.708717,5
460,26.05837,5
461,10.941456,5
462,32.737297,5
463,55.4121,5
464,11.486855,5
465,18.891134,5
466,27.215517,5
467,10.20925,5
468,36.54036,5
469,36.195835,5
470,41.692986,5
471,42.08165,5
472,39.626232,5
473,51.154087,5
474,29.427076,5
475,21.975574,5
476,46.25503,5
477,11.872269,5
478,7.5781407,5
479,20.316866,5
480,5.1821427,6
481,63.002857,6
482,14.908257,6
483,52.944195,6
484,13.508032,6
485,45.86247,6
486,11.755293,6
487,25.907244,6
488,61.11731,6
489,54.829834,6
490,30.089407,6
491,6.335469,6
492,25.27626,6
493,23.623777,6
494,29.457565,6
495,22.266212,6
496,31.758888,6
497,39.653313,6
498,38.122242,6
499,103.64162,6
500,19.458069,6
501,41.753624,6
502,14.480354,6
503,57.127632,6
504,31.39713,6
505,21.133625,6
506,52.076313,6
507,22.762068,6
508,65.18594,6
509,57.444714,6
510,24.511486,6
511,41.608128,6
512,58.336998,6
513,24.764746,6
514,31.25605,6
515,18.759165,6
516,22.329077,6
517,27.199907,6
518,17.301815,6
519,10.969555,6
520,54.69105,6
521,19.217234,6
522,61.223915,6
523,18.826267,6
524,60.969833,6
525,18.700752,6
526,68.0018,6
527,19.36489,6
528,50.860355,6
529,8.594614,6
530,27.667753,6
531,31.100924,6
532,59.03839,6
533,17.904684,6
534,51.138596,6
535,29.769403,6
536,29.77758,6
537,23.018377,6
538,16.793531,6
539,20.8768,6
540,55.65183,6
541,20.973913,6
542,11.178843,6
543,17.079077,6
544,45.511612,6
545,22.212837,6
546,35.409218,6
547,50.890068,6
548,33.59024,6
549,22.60609,6
550,33.47226,6
551,34.364075,6
552,33.914604,6
553,33.614594,6
554,19.612604,6
555,25.887003,6
556,30.617498,6
557,53.95163,6
558,39.879547,6
559,16.140404,6
560,-2.88421,7
561,8.101376,7
562,-0.3043381,7
563,25.479422,7
564,15.147079,7
565,15.526586,7
566,21.367912,7
567,13.153694,7
568,12.454687,7
569,5.9911523,7
570,17.434992,7
571,17.154043,7
572,15.978763,7
573,10.149042,7
574,4.4550195,7
575,8.488985,7
576,21.373966,7
577,-3.8414817,7
578,18.354208,7
579,1.253488,7
580,13.068575,7
581,4.0922666,7
582,4.4196553,7
583,20.424044,7
584,4.1333375,7
585,18.318909,7
586,12.913462,7
587,9.762106,7
588,1.1735328,7
589,14.100429,7
590,9.806158,7
591,11.189514,7
592,29.272654,7
593,24.290815,7
594,11.27773,7
595,14.117891,7
596,32.289932,7
597,21.021662,7
598,34.78393,7
599,6.3139215,7
600,30.66784,7
601,-9.061514,7
602,20.398876,7
603,15.707876,7
604,21.75785,7
605,7.639541,7
606,17.893284,7
607,5.5941234,7
608,8.988583,7
609,0.5437902,7
610,16.659906,7
611,6.1761107,7
612,18.373493,7
613,17.336588,7
614,9.332407,7
615,8.036697,7
616,14.086982,7
617,11.519734,7
618,-1.6089817,7
619,37.33718,7
620,27.308228,7
621,5.2234674,7
622,29.80952,7
623,10.838719,7
624,21.659552,7
625,-15.697859,7
626,-2.8805766,7
627,10.305401,7
628,10.927501,7
629,3.5625482,7
630,11.804245,7
631,8.185183,7
632,23.00785,7
633,11.820442,7
634,22.428701,7
635,4.09236,7
636,19.55595,7
637,5.474995,7
638,-7.2750335,7
639,18.251732,7
640,15.351892,8
641,19.117285,8
642,14.784464,8
643,1.1437706,8
644,-0.50270236,8
645,1.2471431,8
646,13.764475,8
647,2.1103272,8
648,20.29533,8
649,9.8967285,8
650,5.2635903,8
651,-1.804361,8
652,12.735334,8
653,43.258404,8
654,18.184599,8
655,13.570592,8
656,21.54362,8
657,1.0119499,8
658,3.2519326,8
659,44.328297,8
660,29.910812,8
661,-8.309475,8
662,6.087107,8
663,12.311924,8
664,46.190907,8
665,20.086477,8
666,31.426292,8
667,15.919382,8
668,-11.749844,8
669,25.300283,8
670,8.803602,8
671,6.9952703,8
672,0.38504255,8
673,-4.8281417,8
674,2.173306,8
675,3.8627038,8
676,8.945425,8
677,29.568705,8
678,4.7422442,8
679,14.060694,8
680,23.334768,8
681,-3.366098,8
682,12.44589,8
683,34.778183,8
684,5.1568913,8
685,24.635862,8
686,45.44276,8
687,15.429054,8
688,-10.363707,8
689,13.839979,8
690,31.445644,8
691,24.019953,8
692,30.870369,8
693,11.48575,8
694,18.253033,8
695,2.1806016,8
696,13.800896,8
697,0.6169094,8
698,8.427994,8
699,40.681667,8
700,-1.3635803,8
701,-2.401855,8
702,7.189383,8
703,4.3697724,8
704,-8.093559,8
705,24.53664,8
706,26.27578,8
707,-0.0025926754,8
708,3.1960206,8
709,14.410475,8
710,-5.5880275,8
711,-3.3131003,8
712,1.4890083,8
713,-0.60161555,8
714,18.727602,8
715,-0.6554524,8
716,8.319923,8
717,14.32387,8
718,-0.53908503,8
719,4.048491,8
720,13.948652,9
721,15.57185,9
722,17.270903,9
723,55.630657,9
724,21.383997,9
725,12.403054,9
726,13.6924305,9
727,27.321201,9
728,17.366087,9
729,22.30017,9
730,-0.116590135,9
731,20.094973,9
732,20.95634,9
733,28.797365,9
734,30.434576,9
735,4.4894814,9
736,18.519882,9
737,37.124832,9
738,33.825195,9
739,25.672306,9
740,37.320198,9
741,20.20195,9
742,4.6038995,9
743,29.197409,9
744,-8.972836,9
745,27.337624,9
746,10.682465,9
747,18.103708,9
748,13.154716,9
749,4.7215724,9
750,23.185055,9
751,25.938639,9
752,50.733112,9
753,11.749483,9
754,30.292667,9
755,20.439312,9
756,17.548035,9
757,12.056574,9
758,20.58101,9
759,13.858028,9
760,30.822296,9
761,10.760166,9
762,34.3639,9
763,4.7444196,9
764,22.394844,9
765,31.98641,9
766,42.675568,9
767,23.511019,9
768,14.493666,9
769,25.46424,9
770,10.99481,9
771,13.437189,9
772,21.931614,9
773,19.8557,9
774,-3.4997764,9
775,22.594343,9
776,23.219002,9
777,19.520836,9
778,30.911575,9
779,21.204237,9
780,46.008186,9
781,12.248343,9
782,9.332534,9
783,24.012484,9
784,20.225967,9
785,35.045063,9
786,-2.4361224,9
787,11.799759,9
788,14.525612,9
789,17.915146,9
790,25.176497,9
791,2.68158,9
792,19.706015,9
793,31.305508,9
794,43.04182,9
795,21.538671,9
796,30.878479,9
797,13.425599,9
798,22.210236,9
799,0.5096992,9
