Image,Value,Label
0,-62.88048,0
1,-37.927193,0
2,-68.485115,0
3,-151.95203,0
4,-76.42388,0
5,-84.12311,0
6,-45.267883,0
7,-85.35511,0
8,-55.209923,0
9,-69.46966,0
10,5.2668395,0
11,-91.624725,0
12,-137.22806,0
13,-78.76168,0
14,-38.38261,0
15,-58.613735,0
16,-39.334293,0
17,-102.05129,0
18,-113.45765,0
19,-112.71199,0
20,-140.39615,0
21,-68.195015,0
22,-161.08583,0
23,-66.5088,0
24,-72.92896,0
25,-45.198265,0
26,-59.68123,0
27,-63.950672,0
28,-129.74535,0
29,-25.049707,0
30,-35.55904,0
31,-81.778015,0
32,-49.24887,0
33,-101.33548,0
34,-99.677605,0
35,-123.617134,0
36,-59.77162,0
37,-76.015366,0
38,-81.3785,0
39,-31.56803,0
40,-73.20173,0
41,-122.757774,0
42,-95.00254,0
43,-38.101734,0
44,-77.80488,0
45,-109.16913,0
46,-66.94578,0
47,-89.601494,0
48,-23.748354,0
49,-38.823776,0
50,-105.22776,0
51,-70.850555,0
52,-41.194126,0
53,-86.79565,0
54,-57.703445,0
55,-100.79062,0
56,-95.46148,0
57,-28.534916,0
58,-180.33151,0
59,-9.825945,0
60,-73.672874,0
61,-91.52015,0
62,-74.18488,0
63,-139.64815,0
64,-41.430294,0
65,-152.20018,0
66,-56.54235,0
67,-85.19841,0
68,-36.948555,0
69,-112.944,0
70,-145.08958,0
71,-115.244675,0
72,-121.39143,0
73,-103.99504,0
74,-111.41439,0
75,-73.111336,0
76,-52.006794,0
77,-122.00805,0
78,15.074724,0
79,-56.920258,0
80,21.568178,1
81,21.829992,1
82,26.949944,1
83,47.992393,1
84,18.755266,1
85,23.094305,1
86,33.16504,1
87,40.7584,1
88,31.14625,1
89,7.8841567,1
90,18.608646,1
91,28.702545,1
92,37.475533,1
93,17.52246,1
94,2.973787,1
95,15.769989,1
96,22.332434,1
97,14.584291,1
98,24.206915,1
99,36.790802,1
100,39.44196,1
101,17.619429,1
102,11.412962,1
103,23.223114,1
104,23.957186,1
105,40.137733,1
106,14.29648,1
107,27.281183,1
108,23.51328,1
109,13.423447,1
110,16.48223,1
111,36.299408,1
112,21.397154,1
113,16.386572,1
114,25.072363,1
115,16.238634,1
116,26.38368,1
117,15.831499,1
118,14.485224,1
119,16.266409,1
120,19.102638,1
121,30.775797,1
122,16.772264,1
123,33.22101,1
124,14.801022,1
125,20.028067,1
126,19.993708,1
127,19.13906,1
128,20.236277,1
129,32.031574,1
130,12.986208,1
131,21.478659,1
132,8.800846,1
133,12.853657,1
134,27.258722,1
135,16.954695,1
136,26.452837,1
137,22.895418,1
138,20.119783,1
139,37.999763,1
140,37.81086,1
141,25.390566,1
142,27.582733,1
143,20.47117,1
144,12.043999,1
145,18.520855,1
146,26.969519,1
147,21.1541,1
148,40.15407,1
149,17.835417,1
150,27.345818,1
151,17.707466,1
152,12.895269,1
153,27.214432,1
154,24.672503,1
155,13.215197,1
156,9.66894,1
157,20.472397,1
158,37.127087,1
159,29.11318,1
160,16.234623,2
161,8.224516,2
162,-28.312893,2
163,-1.2797282,2
164,-17.94729,2
165,-66.53692,2
166,6.2398925,2
167,26.3296,2
168,20.226305,2
169,-44.225628,2
170,-8.795713,2
171,-6.1722436,2
172,25.798403,2
173,-22.262777,2
174,-39.663418,2
175,-17.860752,2
176,-15.456345,2
177,-13.716681,2
178,7.305574,2
179,21.341047,2
180,0.33800095,2
181,-57.07499,2
182,-52.29364,2
183,-8.250843,2
184,33.737907,2
185,21.53285,2
186,-90.09281,2
187,-38.139633,2
188,-14.364883,2
189,13.961248,2
190,19.80506,2
191,-37.73228,2
192,-42.26792,2
193,3.5389555,2
194,-20.873972,2
195,13.292915,2
196,1.2751863,2
197,-8.255468,2
198,33.93628,2
199,-50.055424,2
200,-6.2592053,2
201,27.104017,2
202,-50.777306,2
203,8.4847765,2
204,13.751617,2
205,1.8876693,2
206,-19.562527,2
207,-31.505358,2
208,-6.417666,2
209,-59.160423,2
210,-43.94885,2
211,-27.85134,2
212,-90.98295,2
213,-36.41478,2
214,-35.67151,2
215,-73.855644,2
216,16.81383,2
217,37.75502,2
218,10.528555,2
219,-51.21616,2
220,-15.477608,2
221,-19.63458,2
222,-7.4278054,2
223,3.181177,2
224,19.264395,2
225,-8.287615,2
226,20.607153,2
227,7.6146255,2
228,18.212788,2
229,-33.15638,2
230,-22.005419,2
231,-73.577934,2
232,-2.3240397,2
233,45.72718,2
234,-21.154026,2
235,-29.838785,2
236,14.882671,2
237,14.21608,2
238,-47.8581,2
239,-36.192833,2
240,37.64698,3
241,41.559235,3
242,39.169117,3
243,25.085766,3
244,6.4509444,3
245,33.664288,3
246,-1.8853743,3
247,41.63575,3
248,70.29568,3
249,53.095512,3
250,49.164623,3
251,43.03332,3
252,20.963871,3
253,42.92157,3
254,40.434097,3
255,13.143639,3
256,39.859333,3
257,51.44257,3
258,66.322655,3
259,-0.12522155,3
260,18.929073,3
261,47.713646,3
262,61.343178,3
263,11.688265,3
264,43.03596,3
265,24.351019,3
266,62.784225,3
267,51.32167,3
268,-6.7058854,3
269,78.51831,3
270,56.69121,3
271,9.066639,3
272,42.848103,3
273,17.289667,3
274,3.1216104,3
275,4.205336,3
276,77.72273,3
277,46.235973,3
278,35.676186,3
279,18.860725,3
280,42.443474,3
281,40.230644,3
282,45.73909,3
283,-8.725985,3
284,24.167711,3
285,63.654823,3
286,26.855883,3
287,-39.146156,3
288,52.69254,3
289,-75.37798,3
290,45.4125,3
291,32.96627,3
292,30.96449,3
293,40.386475,3
294,41.251823,3
295,-3.0707915,3
296,39.766457,3
297,81.271065,3
298,48.944496,3
299,2.7834032,3
300,60.17282,3
301,3.5524843,3
302,17.884012,3
303,19.802887,3
304,28.174374,3
305,34.184963,3
306,45.121964,3
307,23.923412,3
308,45.32345,3
309,25.92753,3
310,12.179045,3
311,59.508972,3
312,45.679802,3
313,24.65048,3
314,62.1243,3
315,22.49043,3
316,31.766253,3
317,63.871746,3
318,60.23588,3
319,52.635284,3
320,-109.79511,4
321,-20.88921,4
322,-16.896677,4
323,-34.089798,4
324,-81.06133,4
325,-59.145332,4
326,-20.34574,4
327,-14.860386,4
328,-30.492899,4
329,-50.135593,4
330,-30.308279,4
331,-54.567493,4
332,-41.202644,4
333,-52.747223,4
334,-17.734657,4
335,-35.45922,4
336,-24.982939,4
337,-47.767105,4
338,-0.7403644,4
339,-32.015244,4
340,-111.25486,4
341,-1.4184039,4
342,-54.501648,4
343,-44.47476,4
344,-28.870031,4
345,-28.96499,4
346,-39.320175,4
347,-95.29873,4
348,-5.8725343,4
349,-55.565712,4
350,-25.783606,4
351,-54.48037,4
352,-46.020798,4
353,-67.570786,4
354,-52.4437,4
355,-51.498123,4
356,-22.5515,4
357,-54.908142,4
358,-75.86238,4
359,-21.217203,4
360,-17.969824,4
361,-73.78532,4
362,3.908323,4
363,-38.970497,4
364,-56.43377,4
365,-33.515564,4
366,-61.351784,4
367,-29.57715,4
368,-29.820692,4
369,-33.872887,4
370,-55.784023,4
371,-53.699524,4
372,-22.036974,4
373,13.253958,4
374,-36.623543,4
375,6.0167785,4
376,-43.910675,4
377,-17.279663,4
378,-50.921944,4
379,-84.84141,4
380,-56.743748,4
381,-40.23937,4
382,-33.045162,4
383,19.496752,4
384,-71.63018,4
385,-42.935333,4
386,-6.965689,4
387,-45.694054,4
388,-80.17156,4
389,-111.548805,4
390,-49.592594,4
391,10.39908,4
392,-22.010351,4
393,-51.43989,4
394,0.95342416,4
395,-45.961426,4
396,-54.848614,4
397,-41.965137,4
398,-76.242485,4
399,-61.11843,4
400,42.45401,5
401,-21.632542,5
402,-35.515438,5
403,-81.152306,5
404,-34.521904,5
405,13.880178,5
406,-61.872826,5
407,-17.603323,5
408,-86.837456,5
409,-39.484657,5
410,-35.635788,5
411,-7.827109,5
412,-25.2212,5
413,-1.0022223,5
414,-58.59763,5
415,-23.850786,5
416,-39.2759,5
417,-65.745964,5
418,-26.610151,5
419,6.7606025,5
420,-113.73791,5
421,-10.24571,5
422,-69.669914,5
423,-65.05441,5
424,-3.7112963,5
425,-18.407795,5
426,-25.837797,5
427,-51.89083,5
428,16.810617,5
429,1.0721872,5
430,-40.150017,5
431,-9.990412,5
432,-116.111404,5
433,-2.1864722,5
434,15.850834,5
435,-58.694584,5
436,21.47593,5
437,-26.144033,5
438,-79.739044,5
439,-39.847843,5
440,-62.379295,5
441,-62.990433,5
442,-48.29251,5
443,11.774942,5
444,-1.0643065,5
445,-57.094887,5
446,-81.97633,5
447,3.9558733,5
448,-79.40982,5
449,-34.439484,5
450,-71.11751,5
451,5.870355,5
452,-24.190916,5
453,6.4484973,5
454,-60.107452,5
455,-85.692375,5
456,-33.15285,5
457,4.708364,5
458,-45.506027,5
459,-43.65292,5
460,-64.58993,5
461,12.021551,5
462,13.076323,5
463,-43.29095,5
464,-27.565058,5
465,-35.742065,5
466,-64.04203,5
467,-18.120108,5
468,-17.105804,5
469,-47.591835,5
470,-69.90397,5
471,14.9302635,5
472,-3.765486,5
473,-132.50876,5
474,-23.407644,5
475,-37.1715,5
476,-12.619585,5
477,-7.9100976,5
478,-91.93266,5
479,-43.994164,5
480,-25.995804,6
481,-32.2503,6
482,-76.6441,6
483,-44.13965,6
484,-24.03937,6
485,-64.04038,6
486,-119.62882,6
487,-102.36948,6
488,-64.56314,6
489,-35.047943,6
490,-47.583046,6
491,-37.70393,6
492,-30.990965,6
493,-72.294395,6
494,-50.480408,6
495,-58.39693,6
496,-45.609093,6
497,-95.54101,6
498,-49.498238,6
499,-50.526924,6
500,-75.195145,6
501,-40.69517,6
502,-37.27529,6
503,-52.727074,6
504,-34.864933,6
505,-71.55195,6
506,-72.64838,6
507,-60.958885,6
508,-33.117367,6
509,-82.05515,6
510,-96.381065,6
511,-106.80088,6
512,-66.30294,6
513,-80.930176,6
514,-36.548187,6
515,-62.006977,6
516,-32.43102,6
517,-13.219728,6
518,-12.89176,6
519,0.63988465,6
520,-63.443253,6
521,-51.7131,6
522,-67.324,6
523,-42.93045,6
524,-59.787262,6
525,-53.213154,6
526,-59.476414,6
527,-74.46696,6
528,-51.128593,6
529,-36.583565,6
530,-33.741806,6
531,-59.995136,6
532,-111.68856,6
533,11.946894,6
534,-61.339874,6
535,-59.526306,6
536,-60.34705,6
537,-59.068344,6
538,-38.865406,6
539,-37.955925,6
540,-68.67487,6
541,-21.500563,6
542,-22.86442,6
543,-29.553194,6
544,-69.684364,6
545,-8.198839,6
546,-76.43294,6
547,-62.701965,6
548,-67.226295,6
549,-46.56395,6
550,-87.94127,6
551,-48.890602,6
552,-41.250423,6
553,-44.02459,6
554,-91.72321,6
555,-54.125854,6
556,-12.901037,6
557,-33.031067,6
558,-78.14373,6
559,-44.44384,6
560,41.46044,7
561,11.458189,7
562,-1.3655264,7
563,-15.817823,7
564,-21.63326,7
565,-22.762583,7
566,-81.20556,7
567,12.27828,7
568,-9.380838,7
569,15.34705,7
570,-37.42648,7
571,-8.3094845,7
572,-0.06058341,7
573,-11.720444,7
574,-32.1361,7
575,-28.96446,7
576,-35.050293,7
577,26.32418,7
578,-20.129871,7
579,1.4841421,7
580,12.297104,7
581,22.637367,7
582,10.516327,7
583,47.40709,7
584,42.340466,7
585,27.588833,7
586,20.92165,7
587,23.419703,7
588,-4.185187,7
589,32.2515,7
590,8.958567,7
591,-18.527578,7
592,-21.60771,7
593,-17.051254,7
594,-10.178036,7
595,-19.59258,7
596,3.2997606,7
597,-31.223589,7
598,-34.337246,7
599,-17.478094,7
600,-75.0272,7
601,3.2040803,7
602,-38.44351,7
603,-7.6508126,7
604,-19.679712,7
605,-24.186134,7
606,30.637934,7
607,38.326817,7
608,-0.7264655,7
609,0.5631692,7
610,12.361555,7
611,12.50284,7
612,26.798517,7
613,-21.23863,7
614,24.299854,7
615,19.190178,7
616,-22.953417,7
617,-19.450436,7
618,3.8671262,7
619,18.279242,7
620,29.875042,7
621,5.0435386,7
622,-9.066414,7
623,-30.963547,7
624,23.911808,7
625,25.971441,7
626,22.198242,7
627,-1.6931584,7
628,11.618517,7
629,8.970465,7
630,-12.342672,7
631,2.5890234,7
632,-17.413517,7
633,13.137556,7
634,53.078026,7
635,-3.715319,7
636,-18.302769,7
637,0.9358918,7
638,18.940985,7
639,19.239153,7
640,-83.2264,8
641,1.1987894,8
642,1.1820505,8
643,16.42791,8
644,-29.41133,8
645,7.758821,8
646,-29.633055,8
647,-7.491263,8
648,-14.016211,8
649,-13.503576,8
650,-27.948126,8
651,4.382379,8
652,-45.012962,8
653,-80.58639,8
654,-48.06913,8
655,-18.194017,8
656,8.706593,8
657,-4.7600503,8
658,3.9131734,8
659,-148.81044,8
660,-5.590281,8
661,-48.74482,8
662,-36.93991,8
663,-40.619263,8
664,-39.228874,8
665,-18.805124,8
666,-69.62174,8
667,-3.2018645,8
668,-21.56278,8
669,-55.304302,8
670,-34.562378,8
671,7.7339377,8
672,9.577229,8
673,-62.447094,8
674,25.923449,8
675,-27.956556,8
676,-67.79041,8
677,-58.219833,8
678,-28.890028,8
679,-27.96427,8
680,-23.11041,8
681,0.42268533,8
682,-5.9256043,8
683,-24.46647,8
684,12.745497,8
685,-38.325653,8
686,-3.0640967,8
687,-86.65696,8
688,-45.796886,8
689,-38.989166,8
690,-49.434555,8
691,-23.140821,8
692,-15.776037,8
693,-58.335617,8
694,-17.148508,8
695,9.796999,8
696,10.664833,8
697,-1.8045065,8
698,-3.4449065,8
699,-78.06671,8
700,-22.903902,8
701,-25.80689,8
702,-1.813843,8
703,-26.162039,8
704,5.5957313,8
705,-18.553762,8
706,-86.44634,8
707,-19.53102,8
708,19.76041,8
709,-40.106335,8
710,4.1397033,8
711,-12.557627,8
712,-27.591948,8
713,-3.392111,8
714,-0.96645194,8
715,-1.2785628,8
716,-57.8647,8
717,-8.24748,8
718,-34.284042,8
719,-19.344105,8
720,-20.816502,9
721,15.023943,9
722,-86.05783,9
723,-45.741238,9
724,-68.22542,9
725,19.988213,9
726,15.123634,9
727,-56.03814,9
728,-48.290733,9
729,-112.47387,9
730,-83.71325,9
731,-39.52906,9
732,-26.98588,9
733,-37.579163,9
734,7.0169826,9
735,7.2524505,9
736,-40.598877,9
737,-80.307045,9
738,-100.19735,9
739,-15.585308,9
740,-55.233356,9
741,-124.81185,9
742,3.2443626,9
743,-56.265533,9
744,-96.567375,9
745,-78.790215,9
746,-3.9491904,9
747,-7.568291,9
748,7.919645,9
749,8.221041,9
750,-51.580727,9
751,-11.177061,9
752,-42.77225,9
753,-7.3161416,9
754,-51.916435,9
755,-21.449926,9
756,-49.71132,9
757,-18.784899,9
758,-139.6603,9
759,-30.722225,9
760,39.84765,9
761,-72.34913,9
762,-82.20525,9
763,6.2701926,9
764,-51.588646,9
765,-82.99895,9
766,-25.40796,9
767,-63.4933,9
768,1.4600141,9
769,23.804983,9
770,13.117231,9
771,14.112694,9
772,-62.0887,9
773,-7.937054,9
774,-0.41960746,9
775,-8.67923,9
776,-8.272543,9
777,-13.075918,9
778,-72.82245,9
779,-24.50031,9
780,-28.5824,9
781,-79.5142,9
782,-13.197489,9
783,46.988533,9
784,-53.9934,9
785,-42.76257,9
786,-52.829124,9
787,-6.987511,9
788,-26.52979,9
789,-10.533224,9
790,-88.33248,9
791,-58.364456,9
792,-2.572714,9
793,-68.337685,9
794,-95.4031,9
795,-57.48686,9
796,-43.961174,9
797,12.942228,9
798,-31.793531,9
799,15.9110565,9
