Image,Value,Label
0,-29.139399,0
1,4.6411605,0
2,-11.370867,0
3,-50.584614,0
4,-48.40887,0
5,-44.85184,0
6,-78.549034,0
7,-52.875256,0
8,-14.232462,0
9,-69.04178,0
10,-86.00343,0
11,-36.74966,0
12,-65.458694,0
13,-14.632143,0
14,16.763182,0
15,-32.36107,0
16,-39.774242,0
17,-64.12374,0
18,-31.08526,0
19,-35.52934,0
20,-88.04054,0
21,-45.341305,0
22,-40.644413,0
23,-40.524952,0
24,-14.435694,0
25,11.856276,0
26,7.80039,0
27,-49.646465,0
28,-90.40203,0
29,23.46932,0
30,-85.689476,0
31,-50.837803,0
32,38.802055,0
33,-14.095217,0
34,-84.99487,0
35,-16.676134,0
36,0.41589898,0
37,21.860914,0
38,-94.26011,0
39,-28.116537,0
40,24.200964,0
41,-65.20705,0
42,-153.39668,0
43,-37.817326,0
44,-67.00664,0
45,-45.777637,0
46,-118.79082,0
47,-46.83714,0
48,-1.610083,0
49,10.045164,0
50,-25.665613,0
51,-68.626915,0
52,-20.98517,0
53,-59.278362,0
54,-46.17905,0
55,-3.9111502,0
56,-60.100773,0
57,43.221424,0
58,-68.56622,0
59,-81.17866,0
60,-61.075954,0
61,10.266157,0
62,-14.712427,0
63,-79.27788,0
64,-98.29266,0
65,-66.84962,0
66,-42.464603,0
67,1.7150856,0
68,-20.709219,0
69,-15.880831,0
70,-40.078945,0
71,-78.28095,0
72,-26.279284,0
73,-156.24359,0
74,-70.4744,0
75,51.19443,0
76,-72.56589,0
77,-83.85833,0
78,2.2645013,0
79,-6.5634866,0
80,-47.767586,1
81,36.031834,1
82,-57.2944,1
83,-35.33142,1
84,-44.815258,1
85,-19.580875,1
86,-17.692177,1
87,-28.069708,1
88,-48.884987,1
89,-52.55613,1
90,-21.716309,1
91,-23.974134,1
92,-26.111908,1
93,-73.83057,1
94,-54.83129,1
95,-5.0702653,1
96,-78.614944,1
97,-22.099422,1
98,-12.163477,1
99,-56.45427,1
100,-24.072908,1
101,-26.16577,1
102,-90.50914,1
103,-16.2848,1
104,-17.529863,1
105,-31.163946,1
106,-74.16174,1
107,-84.36834,1
108,-31.242823,1
109,-30.863174,1
110,-83.4972,1
111,-34.28322,1
112,-64.54599,1
113,-49.562653,1
114,-74.836205,1
115,-20.872608,1
116,-57.528934,1
117,-25.602144,1
118,-48.539234,1
119,-30.919144,1
120,-17.044233,1
121,-24.4103,1
122,-31.027197,1
123,-27.658958,1
124,7.131433,1
125,-10.728889,1
126,-54.748394,1
127,-12.255991,1
128,-60.068012,1
129,-36.324696,1
130,-59.94041,1
131,-28.075813,1
132,-30.680262,1
133,-38.853493,1
134,-5.34994,1
135,-29.676598,1
136,-18.320223,1
137,2.563585,1
138,-74.94527,1
139,-47.46346,1
140,-33.49455,1
141,-22.665886,1
142,-64.86551,1
143,-41.265903,1
144,-30.326078,1
145,-62.754562,1
146,-19.938057,1
147,-37.060863,1
148,-66.269356,1
149,-89.63118,1
150,-57.007423,1
151,-106.08679,1
152,-113.143715,1
153,-59.58291,1
154,-74.616875,1
155,-71.87818,1
156,-90.26439,1
157,-26.573986,1
158,-12.43191,1
159,-69.467255,1
160,-49.736725,2
161,-81.93326,2
162,-90.28819,2
163,-51.227177,2
164,-98.05808,2
165,-131.98563,2
166,-74.78186,2
167,-90.440834,2
168,-42.087658,2
169,-137.32434,2
170,-94.484924,2
171,-94.285614,2
172,-19.631739,2
173,-81.40374,2
174,-89.8902,2
175,-95.102264,2
176,-17.78131,2
177,-62.554005,2
178,-69.09382,2
179,-152.218,2
180,46.478855,2
181,-167.64734,2
182,-81.23309,2
183,-71.348526,2
184,-24.774744,2
185,-133.37973,2
186,-74.72531,2
187,-49.328884,2
188,-15.936716,2
189,-31.841627,2
190,-51.22633,2
191,-96.87611,2
192,-115.78484,2
193,-141.65465,2
194,-78.85036,2
195,-57.995552,2
196,-85.32391,2
197,-97.02403,2
198,-67.19527,2
199,-83.815544,2
200,-29.465002,2
201,-115.95448,2
202,-6.955973,2
203,-29.773981,2
204,-72.35818,2
205,-28.642965,2
206,-52.517273,2
207,-118.523,2
208,-101.055145,2
209,-104.2901,2
210,-102.60202,2
211,-38.820675,2
212,-197.23062,2
213,-77.7065,2
214,-104.887085,2
215,-124.31953,2
216,-73.690735,2
217,-15.48303,2
218,-96.973885,2
219,-168.5304,2
220,-128.7987,2
221,-155.02997,2
222,-144.17775,2
223,-52.32163,2
224,-67.445206,2
225,-139.36324,2
226,-174.02728,2
227,-102.64845,2
228,-96.84854,2
229,-72.07132,2
230,-63.976063,2
231,-67.74133,2
232,-37.444603,2
233,-175.03983,2
234,-155.55867,2
235,-80.37684,2
236,-52.086323,2
237,-87.10498,2
238,-44.13065,2
239,-72.84127,2
240,-91.12077,3
241,-101.02877,3
242,-14.17318,3
243,-0.36159736,3
244,-89.62439,3
245,-49.974716,3
246,-114.01191,3
247,-6.66886,3
248,-114.3629,3
249,-3.6221678,3
250,-60.786446,3
251,-83.425575,3
252,-99.77064,3
253,-78.30264,3
254,-64.51402,3
255,-143.54312,3
256,10.163599,3
257,-76.36084,3
258,-81.49608,3
259,-118.25446,3
260,-74.8865,3
261,-60.8003,3
262,-98.20201,3
263,-82.56,3
264,-106.341156,3
265,-53.54401,3
266,-68.17153,3
267,-103.45486,3
268,-101.98915,3
269,-2.4870894,3
270,-54.751347,3
271,-71.00941,3
272,-87.498314,3
273,-71.03994,3
274,-77.41612,3
275,-23.709139,3
276,-36.72775,3
277,-28.15304,3
278,-46.20722,3
279,-95.070526,3
280,-83.32914,3
281,-78.80356,3
282,-100.279594,3
283,-45.97725,3
284,-91.971664,3
285,-76.620056,3
286,-39.20726,3
287,-115.26202,3
288,-73.92227,3
289,-126.03287,3
290,-57.057465,3
291,-53.401485,3
292,-89.779724,3
293,-14.821169,3
294,-110.15793,3
295,-100.27884,3
296,-56.681004,3
297,-29.682985,3
298,-113.27031,3
299,-84.72029,3
300,-90.691765,3
301,-116.288635,3
302,-34.121887,3
303,-43.029648,3
304,-94.12725,3
305,-56.02566,3
306,-74.39234,3
307,-12.394014,3
308,-39.998344,3
309,-100.984985,3
310,-128.90504,3
311,-78.83385,3
312,-70.84456,3
313,-43.063053,3
314,-100.620674,3
315,-84.634476,3
316,-40.419376,3
317,-32.0004,3
318,-63.269306,3
319,-87.413345,3
320,-17.14126,4
321,-36.418625,4
322,-38.512215,4
323,-53.63937,4
324,-14.694468,4
325,-11.879587,4
326,-60.672676,4
327,-27.822493,4
328,-113.84525,4
329,-26.9912,4
330,-21.431196,4
331,6.743009,4
332,-11.473234,4
333,-22.753653,4
334,-40.411213,4
335,-26.894472,4
336,-32.800358,4
337,-35.066776,4
338,-10.282763,4
339,-65.69173,4
340,-92.17497,4
341,-15.342585,4
342,-51.110584,4
343,-11.806807,4
344,-24.400526,4
345,-35.237587,4
346,-50.95023,4
347,-31.458635,4
348,-4.57532,4
349,-50.982117,4
350,-30.79574,4
351,-9.801943,4
352,-24.372908,4
353,-66.45012,4
354,-12.948832,4
355,-65.54318,4
356,-0.01785499,4
357,-1.3587898,4
358,-35.147923,4
359,-3.4944937,4
360,-36.463688,4
361,-41.474384,4
362,3.9378946,4
363,-15.218224,4
364,-46.93584,4
365,-1.604174,4
366,-66.89438,4
367,-6.7282205,4
368,-34.544865,4
369,-8.431982,4
370,18.536192,4
371,-17.989687,4
372,2.747049,4
373,-24.484772,4
374,3.250673,4
375,-44.800053,4
376,-23.890879,4
377,-25.10473,4
378,-34.83852,4
379,-26.129877,4
380,-41.498615,4
381,-13.653055,4
382,-38.58052,4
383,-44.156563,4
384,1.9165856,4
385,-7.6560273,4
386,-47.656414,4
387,-67.08707,4
388,-17.63019,4
389,-37.743958,4
390,27.740896,4
391,-39.54365,4
392,-34.876503,4
393,2.7508676,4
394,10.715662,4
395,14.76597,4
396,-71.524925,4
397,-41.168415,4
398,8.757818,4
399,-14.120859,4
400,9.187933,5
401,-53.472633,5
402,-68.39543,5
403,-33.825237,5
404,-78.19592,5
405,-57.04713,5
406,-44.59379,5
407,-121.00392,5
408,-41.48152,5
409,-82.81157,5
410,-80.93921,5
411,-59.66897,5
412,0.6213605,5
413,-54.495388,5
414,-121.28803,5
415,-79.80027,5
416,-64.46246,5
417,-75.365776,5
418,-59.116516,5
419,-97.450455,5
420,-84.49791,5
421,-32.978657,5
422,-142.0215,5
423,-58.074074,5
424,-22.508757,5
425,-28.712366,5
426,-98.33525,5
427,-117.35923,5
428,-79.084236,5
429,-50.409946,5
430,-52.10615,5
431,-75.49892,5
432,-64.413895,5
433,-81.64275,5
434,-62.23259,5
435,-36.045654,5
436,-72.166115,5
437,-98.21695,5
438,-107.38269,5
439,-77.92352,5
440,-58.37233,5
441,-156.0268,5
442,-76.61909,5
443,-84.483734,5
444,-50.063934,5
445,-50.74619,5
446,-58.56505,5
447,-47.227394,5
448,-81.370636,5
449,-105.29445,5
450,-21.64583,5
451,28.507559,5
452,-17.45838,5
453,-64.27474,5
454,-52.58293,5
455,-44.28594,5
456,-49.780197,5
457,-64.65427,5
458,-33.020115,5
459,-65.520004,5
460,-57.61766,5
461,-117.34589,5
462,-66.35813,5
463,-9.379972,5
464,-87.18635,5
465,-44.062954,5
466,-68.580444,5
467,-51.329685,5
468,-38.85995,5
469,-92.09857,5
470,-74.15701,5
471,-21.971834,5
472,-83.77312,5
473,-34.40897,5
474,-31.925943,5
475,-93.747574,5
476,-81.32045,5
477,-43.600147,5
478,-90.13109,5
479,-87.35783,5
480,-104.015526,6
481,-76.42399,6
482,-123.37293,6
483,-47.93156,6
484,-68.84588,6
485,-92.77641,6
486,-137.00739,6
487,-175.34918,6
488,-141.37766,6
489,-4.636103,6
490,-53.800327,6
491,-96.73178,6
492,-28.262644,6
493,-89.625824,6
494,-65.56551,6
495,-143.15384,6
496,-122.98791,6
497,-79.698425,6
498,-61.73656,6
499,-104.42117,6
500,-115.56853,6
501,-56.12911,6
502,-119.13194,6
503,-47.436123,6
504,-114.75233,6
505,-143.58609,6
506,-62.50561,6
507,-76.77967,6
508,-72.26622,6
509,-85.66711,6
510,-76.432556,6
511,-115.564384,6
512,-88.04556,6
513,-107.93134,6
514,-32.500122,6
515,-78.62532,6
516,-139.04398,6
517,-41.661423,6
518,-70.849,6
519,-89.00421,6
520,-112.27016,6
521,-84.45445,6
522,-50.240986,6
523,-99.38509,6
524,-32.030926,6
525,-66.95667,6
526,-47.13207,6
527,-74.73008,6
528,-77.14571,6
529,-148.08328,6
530,-60.13298,6
531,-90.52927,6
532,-87.69103,6
533,-70.09129,6
534,-80.78034,6
535,-108.592316,6
536,-47.002987,6
537,-130.90918,6
538,-80.356224,6
539,-73.81977,6
540,-25.179102,6
541,-49.921406,6
542,-53.972263,6
543,-115.40192,6
544,-40.955624,6
545,-53.161633,6
546,-110.57999,6
547,-21.019667,6
548,-118.17826,6
549,-90.12927,6
550,-102.41166,6
551,-61.373203,6
552,-89.59126,6
553,-96.362686,6
554,-108.41594,6
555,-93.9512,6
556,-118.38197,6
557,-81.70671,6
558,-66.225075,6
559,-65.50062,6
560,-98.584,7
561,-92.196815,7
562,-79.83261,7
563,-86.05494,7
564,-82.09726,7
565,-86.40633,7
566,-60.820984,7
567,-77.353935,7
568,-59.631985,7
569,-124.07366,7
570,-60.188343,7
571,-80.44108,7
572,-82.138626,7
573,-51.70802,7
574,-115.66312,7
575,-57.38998,7
576,-42.019848,7
577,-72.69943,7
578,-99.01747,7
579,-84.627945,7
580,-110.344864,7
581,-65.85454,7
582,-82.12035,7
583,-70.80385,7
584,-64.62665,7
585,-33.36967,7
586,-86.42369,7
587,-90.87688,7
588,-74.34598,7
589,-20.904245,7
590,-50.199703,7
591,-26.743513,7
592,-24.572256,7
593,-137.07571,7
594,-62.487797,7
595,-127.45494,7
596,-21.961836,7
597,-134.70248,7
598,-40.552597,7
599,-88.560005,7
600,-69.10614,7
601,-127.334526,7
602,-72.994576,7
603,-101.75365,7
604,-91.46409,7
605,-40.62708,7
606,-41.31338,7
607,-35.1021,7
608,-65.04966,7
609,-64.34798,7
610,-128.47769,7
611,-16.860102,7
612,-23.728682,7
613,-72.82753,7
614,-51.867607,7
615,-42.390602,7
616,-64.09322,7
617,-87.22873,7
618,-87.867386,7
619,-79.93181,7
620,-84.619156,7
621,-90.241875,7
622,-54.48421,7
623,-41.58389,7
624,-39.270653,7
625,-75.88138,7
626,-89.25171,7
627,-64.76821,7
628,-59.445316,7
629,-103.93599,7
630,-99.23988,7
631,-63.959515,7
632,-71.46611,7
633,-60.052437,7
634,-24.87651,7
635,-101.7552,7
636,-48.08255,7
637,-96.70885,7
638,-91.3414,7
639,-74.29215,7
640,-184.51376,8
641,-85.981544,8
642,-82.693756,8
643,-140.94093,8
644,-208.48495,8
645,-61.25164,8
646,-169.85385,8
647,-93.554054,8
648,-66.43484,8
649,-88.27966,8
650,-173.28253,8
651,-92.217186,8
652,-189.04373,8
653,-110.73813,8
654,-98.60423,8
655,-95.88188,8
656,-72.896225,8
657,-113.322754,8
658,-77.76268,8
659,-199.89928,8
660,-151.69907,8
661,-112.62589,8
662,-174.27722,8
663,-134.76846,8
664,-172.32706,8
665,-45.687016,8
666,-154.79636,8
667,-59.928246,8
668,-132.39853,8
669,-201.8528,8
670,-123.84233,8
671,-96.20206,8
672,-103.75569,8
673,-180.37975,8
674,-155.06767,8
675,-167.60703,8
676,-85.82378,8
677,-99.832016,8
678,-89.561264,8
679,-117.512054,8
680,-120.007095,8
681,-88.1829,8
682,-144.44408,8
683,-94.866684,8
684,-180.33914,8
685,-97.27695,8
686,-84.59421,8
687,-185.13458,8
688,-137.2344,8
689,-104.12211,8
690,-163.04498,8
691,-136.02016,8
692,-113.22948,8
693,-192.59218,8
694,-125.98812,8
695,-132.06694,8
696,-148.76456,8
697,-117.543015,8
698,-117.49945,8
699,-97.24647,8
700,-196.06047,8
701,-117.79539,8
702,-97.48553,8
703,-79.07158,8
704,-191.15825,8
705,-119.745865,8
706,-126.42479,8
707,-137.42868,8
708,-103.34987,8
709,-219.38211,8
710,-76.74707,8
711,-103.82155,8
712,-133.11295,8
713,-120.57028,8
714,-69.43051,8
715,-165.24937,8
716,-100.757706,8
717,-112.51184,8
718,-73.46719,8
719,-88.685425,8
720,-97.671936,9
721,-139.60692,9
722,-84.89444,9
723,-90.15262,9
724,-91.31558,9
725,-91.07514,9
726,-103.92677,9
727,-60.07587,9
728,-95.08411,9
729,-72.494705,9
730,-138.93488,9
731,-79.546814,9
732,-89.339325,9
733,-85.551956,9
734,-93.93593,9
735,-96.646805,9
736,-83.20524,9
737,-90.21386,9
738,-111.21716,9
739,-132.13391,9
740,-75.41775,9
741,-68.36644,9
742,-34.559444,9
743,-107.15937,9
744,-70.456116,9
745,-79.339066,9
746,-61.208553,9
747,-97.56554,9
748,-67.4362,9
749,-96.92617,9
750,-101.26312,9
751,-75.04581,9
752,-65.00697,9
753,-111.033714,9
754,-110.63217,9
755,-68.92032,9
756,-106.61725,9
757,-74.24403,9
758,-112.067085,9
759,-48.714474,9
760,-71.73816,9
761,-136.27058,9
762,-68.20774,9
763,-63.28873,9
764,-120.54638,9
765,-98.73079,9
766,-76.204605,9
767,-77.26839,9
768,-70.601974,9
769,-44.94356,9
770,-110.17518,9
771,-81.737015,9
772,-124.75317,9
773,-86.9763,9
774,-85.22049,9
775,-87.047516,9
776,-107.57936,9
777,-91.41445,9
778,-20.05472,9
779,-68.066956,9
780,-88.34351,9
781,-92.62737,9
782,-74.31143,9
783,-84.1667,9
784,-106.465126,9
785,-113.430435,9
786,-54.556076,9
787,-52.958218,9
788,-82.07233,9
789,-118.2296,9
790,-97.61042,9
791,-95.77987,9
792,-121.317566,9
793,-73.77582,9
794,-87.17706,9
795,-99.81917,9
796,-70.79692,9
797,-79.15514,9
798,-143.46658,9
799,-75.134186,9
