Image,Value,Label
0,157.78976,0
1,117.11296,0
2,127.60553,0
3,199.36974,0
4,152.8055,0
5,187.24643,0
6,163.58606,0
7,239.14455,0
8,146.56363,0
9,207.50247,0
10,167.72511,0
11,111.121544,0
12,247.40918,0
13,189.97534,0
14,92.01428,0
15,166.03423,0
16,139.98038,0
17,209.07648,0
18,193.90598,0
19,183.70428,0
20,219.80031,0
21,194.1362,0
22,228.38432,0
23,185.01958,0
24,138.76889,0
25,116.73466,0
26,115.75121,0
27,195.17117,0
28,237.72713,0
29,84.88914,0
30,186.6597,0
31,138.98318,0
32,98.02093,0
33,151.06029,0
34,283.18158,0
35,118.84493,0
36,169.41536,0
37,69.774956,0
38,267.1031,0
39,68.63351,0
40,139.30592,0
41,249.7354,0
42,250.2319,0
43,152.97903,0
44,219.36635,0
45,273.39978,0
46,256.2534,0
47,176.09941,0
48,126.076256,0
49,134.80164,0
50,83.86784,0
51,242.86276,0
52,172.81879,0
53,105.83994,0
54,64.51975,0
55,120.08523,0
56,191.57153,0
57,102.90042,0
58,249.57285,0
59,100.02658,0
60,156.01828,0
61,188.95918,0
62,194.89091,0
63,233.85803,0
64,240.54666,0
65,304.2367,0
66,194.1448,0
67,155.12968,0
68,164.0525,0
69,109.072586,0
70,192.91339,0
71,166.10593,0
72,211.6066,0
73,294.627,0
74,248.3573,0
75,161.9605,0
76,179.56245,0
77,181.83707,0
78,82.76508,0
79,123.98756,0
80,86.20377,1
81,47.865963,1
82,85.18125,1
83,50.77651,1
84,92.54131,1
85,57.931286,1
86,54.539665,1
87,65.75256,1
88,85.75042,1
89,81.61359,1
90,48.536144,1
91,59.763058,1
92,56.373077,1
93,128.10785,1
94,131.23787,1
95,55.336864,1
96,132.68863,1
97,79.66496,1
98,53.683422,1
99,85.929665,1
100,51.155926,1
101,70.859566,1
102,131.42427,1
103,58.80325,1
104,70.961136,1
105,65.0791,1
106,97.45884,1
107,112.45285,1
108,84.07141,1
109,78.73741,1
110,102.4657,1
111,99.32305,1
112,96.2976,1
113,112.63405,1
114,94.496155,1
115,38.12994,1
116,132.71356,1
117,59.19881,1
118,90.63388,1
119,79.53161,1
120,59.124447,1
121,78.0754,1
122,48.740307,1
123,61.601162,1
124,47.350677,1
125,57.22093,1
126,107.56416,1
127,42.351006,1
128,75.822945,1
129,62.04472,1
130,113.19952,1
131,88.80007,1
132,92.054695,1
133,68.24827,1
134,37.177868,1
135,57.319157,1
136,80.800026,1
137,52.40537,1
138,80.6788,1
139,75.123665,1
140,59.810528,1
141,51.263844,1
142,84.90521,1
143,71.30471,1
144,71.40323,1
145,105.695,1
146,60.448334,1
147,65.858376,1
148,88.91036,1
149,101.60523,1
150,108.04734,1
151,101.246864,1
152,184.05383,1
153,94.832664,1
154,103.2763,1
155,109.44284,1
156,102.84356,1
157,77.22341,1
158,41.33278,1
159,82.79757,1
160,60.67078,2
161,114.595695,2
162,126.12022,2
163,75.95254,2
164,184.6326,2
165,154.43716,2
166,186.31427,2
167,165.38225,2
168,153.79807,2
169,155.90666,2
170,146.46223,2
171,139.8465,2
172,134.66458,2
173,154.07315,2
174,221.24089,2
175,173.57253,2
176,152.73502,2
177,159.98074,2
178,206.26022,2
179,200.2468,2
180,90.489815,2
181,220.78871,2
182,171.66832,2
183,137.68427,2
184,118.83603,2
185,95.675026,2
186,168.10687,2
187,144.62842,2
188,107.44632,2
189,90.8975,2
190,133.44154,2
191,177.35315,2
192,140.24197,2
193,174.18518,2
194,153.60919,2
195,133.8877,2
196,208.31973,2
197,174.52109,2
198,131.73764,2
199,201.01608,2
200,71.11329,2
201,126.74312,2
202,123.80796,2
203,89.57032,2
204,170.57272,2
205,89.990875,2
206,153.8282,2
207,282.43054,2
208,192.05528,2
209,203.56245,2
210,219.85397,2
211,174.13126,2
212,299.04266,2
213,139.43716,2
214,171.27545,2
215,190.85544,2
216,112.364586,2
217,77.56919,2
218,202.9281,2
219,190.85446,2
220,214.24374,2
221,166.81021,2
222,142.12747,2
223,101.46061,2
224,114.64304,2
225,179.89194,2
226,215.16144,2
227,176.95891,2
228,123.23272,2
229,150.23375,2
230,140.8483,2
231,159.25616,2
232,102.04303,2
233,174.4349,2
234,239.34364,2
235,228.90532,2
236,101.628,2
237,149.19862,2
238,132.77467,2
239,182.75203,2
240,100.82236,3
241,94.50146,3
242,48.975964,3
243,120.14445,3
244,167.57234,3
245,114.0313,3
246,146.44266,3
247,106.615974,3
248,60.11143,3
249,67.1973,3
250,110.125984,3
251,99.59237,3
252,149.91415,3
253,110.36918,3
254,119.084755,3
255,172.50516,3
256,91.26471,3
257,86.82493,3
258,82.63232,3
259,173.5811,3
260,160.64355,3
261,56.972233,3
262,112.18308,3
263,129.56223,3
264,110.65983,3
265,161.61435,3
266,25.803083,3
267,106.79995,3
268,283.9448,3
269,112.509544,3
270,107.99818,3
271,117.18718,3
272,81.47603,3
273,103.77521,3
274,144.64044,3
275,64.37213,3
276,134.3787,3
277,72.61303,3
278,137.62735,3
279,80.326324,3
280,112.75794,3
281,126.99272,3
282,167.83232,3
283,179.25829,3
284,131.14032,3
285,109.12262,3
286,136.41261,3
287,166.30421,3
288,148.46484,3
289,207.80835,3
290,95.34058,3
291,90.98701,3
292,166.49092,3
293,70.11323,3
294,173.70914,3
295,208.90373,3
296,139.0439,3
297,104.24649,3
298,157.11205,3
299,198.98882,3
300,125.25411,3
301,194.81625,3
302,71.19746,3
303,85.69388,3
304,122.22631,3
305,101.61669,3
306,86.96253,3
307,47.991047,3
308,91.16904,3
309,173.65689,3
310,206.54025,3
311,83.95296,3
312,110.70027,3
313,110.174675,3
314,116.73894,3
315,92.67695,3
316,40.878677,3
317,151.99263,3
318,18.778288,3
319,160.13223,3
320,273.9007,4
321,160.75595,4
322,147.61432,4
323,187.45963,4
324,200.39969,4
325,156.57686,4
326,250.83963,4
327,133.76828,4
328,200.53613,4
329,136.56476,4
330,141.86029,4
331,186.10526,4
332,144.92892,4
333,119.46811,4
334,156.86298,4
335,143.45187,4
336,106.02606,4
337,197.98413,4
338,108.52088,4
339,217.59358,4
340,219.53775,4
341,103.814766,4
342,221.64008,4
343,201.33209,4
344,162.21219,4
345,161.40558,4
346,159.47792,4
347,144.72574,4
348,95.026024,4
349,193.4906,4
350,213.01414,4
351,203.0979,4
352,208.54578,4
353,164.64807,4
354,156.86981,4
355,204.0734,4
356,206.64195,4
357,199.80333,4
358,225.05722,4
359,96.96741,4
360,154.87325,4
361,211.31778,4
362,145.0733,4
363,123.67043,4
364,222.4323,4
365,165.26869,4
366,262.26324,4
367,154.59221,4
368,145.93991,4
369,125.406715,4
370,140.2551,4
371,201.85594,4
372,120.88912,4
373,92.234024,4
374,162.0659,4
375,179.43813,4
376,186.46417,4
377,154.75755,4
378,193.92651,4
379,195.94,4
380,227.76248,4
381,136.61575,4
382,157.0917,4
383,121.50659,4
384,222.61243,4
385,156.36876,4
386,182.75339,4
387,205.87988,4
388,212.32053,4
389,239.4341,4
390,123.458694,4
391,146.4602,4
392,180.0445,4
393,177.1122,4
394,104.665794,4
395,127.59704,4
396,244.94464,4
397,126.92118,4
398,147.76779,4
399,209.08084,4
400,157.4894,5
401,151.10487,5
402,127.6646,5
403,137.54889,5
404,136.20709,5
405,181.47145,5
406,142.58939,5
407,236.71436,5
408,156.64163,5
409,157.46255,5
410,218.28798,5
411,130.50842,5
412,34.125847,5
413,153.53532,5
414,253.865,5
415,128.04916,5
416,189.30292,5
417,218.66096,5
418,121.191734,5
419,154.69666,5
420,255.56166,5
421,178.79367,5
422,141.71829,5
423,185.97534,5
424,110.05929,5
425,51.27264,5
426,143.97401,5
427,207.02487,5
428,156.2142,5
429,114.04431,5
430,171.1791,5
431,152.07443,5
432,214.68848,5
433,209.54634,5
434,120.70782,5
435,197.44896,5
436,65.6571,5
437,148.48747,5
438,119.5492,5
439,104.05039,5
440,127.87946,5
441,254.76791,5
442,183.11295,5
443,142.81985,5
444,63.366676,5
445,154.15804,5
446,170.76364,5
447,236.52472,5
448,255.03226,5
449,123.861916,5
450,120.10021,5
451,82.50726,5
452,100.64581,5
453,137.38324,5
454,217.39215,5
455,164.04971,5
456,228.07129,5
457,185.18864,5
458,176.57214,5
459,103.40191,5
460,170.76926,5
461,208.01212,5
462,199.90137,5
463,146.87758,5
464,109.40481,5
465,91.03932,5
466,163.41156,5
467,68.74016,5
468,100.99314,5
469,208.29364,5
470,153.1316,5
471,148.34682,5
472,169.49951,5
473,153.013,5
474,148.56808,5
475,163.12584,5
476,192.68651,5
477,148.44969,5
478,145.28723,5
479,208.1012,5
480,178.83841,6
481,180.7051,6
482,259.72665,6
483,233.13211,6
484,128.90735,6
485,246.06966,6
486,272.31274,6
487,330.26038,6
488,388.91476,6
489,199.64316,6
490,227.32034,6
491,180.85919,6
492,187.51297,6
493,219.59076,6
494,218.49722,6
495,291.51807,6
496,289.57236,6
497,221.42177,6
498,128.33371,6
499,322.9944,6
500,232.73846,6
501,216.27228,6
502,176.06857,6
503,235.56879,6
504,231.60072,6
505,220.34105,6
506,310.90253,6
507,285.9597,6
508,229.46516,6
509,301.00626,6
510,273.33893,6
511,289.25266,6
512,137.25333,6
513,248.97575,6
514,183.94244,6
515,227.17181,6
516,293.17972,6
517,174.673,6
518,196.05927,6
519,127.931755,6
520,339.16394,6
521,220.41556,6
522,192.14998,6
523,209.83621,6
524,226.10706,6
525,164.82732,6
526,191.17776,6
527,214.65762,6
528,227.49506,6
529,185.18094,6
530,212.88774,6
531,283.42682,6
532,351.2287,6
533,128.11159,6
534,284.7645,6
535,290.65417,6
536,211.46191,6
537,255.31856,6
538,167.73007,6
539,235.16531,6
540,193.5228,6
541,154.53268,6
542,132.53108,6
543,241.36325,6
544,228.16365,6
545,156.80817,6
546,283.60205,6
547,235.03268,6
548,310.6398,6
549,220.03342,6
550,268.33887,6
551,283.34393,6
552,142.69305,6
553,269.09256,6
554,314.9513,6
555,238.49551,6
556,248.64352,6
557,176.20534,6
558,183.02582,6
559,234.98935,6
560,114.627914,7
561,79.74672,7
562,96.453514,7
563,141.62732,7
564,184.18785,7
565,178.40248,7
566,131.27075,7
567,145.92854,7
568,148.32318,7
569,190.53607,7
570,128.31952,7
571,140.26526,7
572,115.75321,7
573,150.86876,7
574,171.22818,7
575,125.39446,7
576,159.4073,7
577,99.93066,7
578,163.108,7
579,117.485275,7
580,106.065575,7
581,71.970856,7
582,91.28344,7
583,128.23973,7
584,96.94184,7
585,160.07202,7
586,125.9727,7
587,150.15495,7
588,96.17959,7
589,168.24245,7
590,201.72519,7
591,78.34146,7
592,145.29129,7
593,227.61638,7
594,131.18825,7
595,180.70404,7
596,139.64095,7
597,264.86487,7
598,135.3837,7
599,197.30466,7
600,163.9017,7
601,97.22079,7
602,137.05281,7
603,122.73491,7
604,130.1702,7
605,126.4147,7
606,108.49262,7
607,171.64986,7
608,130.48277,7
609,123.92324,7
610,182.77136,7
611,127.3171,7
612,135.64438,7
613,120.26103,7
614,116.95649,7
615,75.1429,7
616,158.77545,7
617,160.27,7
618,85.307045,7
619,300.3026,7
620,162.34085,7
621,119.18783,7
622,164.44435,7
623,143.05017,7
624,46.059765,7
625,156.94582,7
626,117.01797,7
627,82.296684,7
628,104.447136,7
629,153.00089,7
630,193.12698,7
631,75.703,7
632,126.868065,7
633,88.03443,7
634,146.99698,7
635,145.60596,7
636,111.09145,7
637,139.62636,7
638,133.60837,7
639,138.574,7
640,254.41995,8
641,141.50264,8
642,147.5132,8
643,105.52581,8
644,233.73987,8
645,91.33456,8
646,186.6075,8
647,114.268745,8
648,153.7175,8
649,143.758,8
650,199.47638,8
651,101.94066,8
652,241.76865,8
653,292.88272,8
654,243.09079,8
655,119.13831,8
656,121.314445,8
657,147.15234,8
658,125.07196,8
659,337.48535,8
660,186.75671,8
661,207.66586,8
662,203.28139,8
663,185.14587,8
664,329.6514,8
665,120.82211,8
666,220.27621,8
667,108.84489,8
668,137.51994,8
669,315.99237,8
670,188.87964,8
671,114.148476,8
672,174.48685,8
673,225.4401,8
674,125.131454,8
675,217.55261,8
676,173.77701,8
677,226.40025,8
678,162.11264,8
679,173.98741,8
680,204.41199,8
681,179.87859,8
682,193.989,8
683,168.12479,8
684,105.56421,8
685,178.09082,8
686,156.27435,8
687,201.68196,8
688,156.14505,8
689,167.28748,8
690,170.59483,8
691,224.03738,8
692,136.41522,8
693,264.14926,8
694,144.6163,8
695,107.54684,8
696,182.89468,8
697,107.62619,8
698,89.30511,8
699,212.89941,8
700,212.9581,8
701,143.5922,8
702,119.38268,8
703,158.94226,8
704,174.49004,8
705,209.3652,8
706,205.4241,8
707,120.80278,8
708,79.24351,8
709,222.78491,8
710,112.924,8
711,120.70962,8
712,132.86673,8
713,151.58833,8
714,142.76105,8
715,192.56807,8
716,163.31216,8
717,146.90724,8
718,157.16972,8
719,146.91783,8
720,159.54767,9
721,170.31895,9
722,158.33911,9
723,303.11816,9
724,189.54318,9
725,82.49826,9
726,114.140396,9
727,165.89586,9
728,159.21799,9
729,197.13145,9
730,224.78583,9
731,107.00135,9
732,165.53656,9
733,128.13663,9
734,89.15984,9
735,107.87975,9
736,160.88564,9
737,198.53122,9
738,229.07164,9
739,135.5054,9
740,205.4989,9
741,217.30908,9
742,148.98868,9
743,153.86612,9
744,182.27141,9
745,198.12216,9
746,112.264046,9
747,125.99854,9
748,99.77926,9
749,169.3443,9
750,162.54659,9
751,123.91783,9
752,280.20172,9
753,155.60071,9
754,191.8063,9
755,119.16288,9
756,156.78484,9
757,125.020515,9
758,249.21582,9
759,77.48017,9
760,87.384636,9
761,212.77762,9
762,200.32278,9
763,110.95905,9
764,193.82428,9
765,167.32034,9
766,145.7323,9
767,176.71568,9
768,84.876656,9
769,59.18688,9
770,106.69625,9
771,111.58837,9
772,162.69412,9
773,122.67023,9
774,127.46788,9
775,123.78922,9
776,194.86115,9
777,104.57939,9
778,148.75845,9
779,120.03355,9
780,173.8518,9
781,155.0921,9
782,124.778,9
783,92.74665,9
784,172.98122,9
785,155.13524,9
786,127.69414,9
787,115.1531,9
788,132.31865,9
789,140.9722,9
790,220.04457,9
791,162.28725,9
792,171.75714,9
793,169.42606,9
794,210.37251,9
795,190.68501,9
796,141.45953,9
797,118.38267,9
798,194.96228,9
799,75.864586,9
