Image,Value,Label
0,-197.51839,0
1,-116.443184,0
2,-117.468216,0
3,-176.67747,0
4,-120.31171,0
5,-100.92045,0
6,-84.991745,0
7,-137.79488,0
8,-108.03686,0
9,-100.906235,0
10,-161.16342,0
11,-121.50568,0
12,-179.27238,0
13,-131.99327,0
14,-140.70573,0
15,-147.26202,0
16,-127.0805,0
17,-157.38658,0
18,-133.72606,0
19,-182.16183,0
20,-186.25243,0
21,-130.739,0
22,-196.70053,0
23,-132.28932,0
24,-264.07376,0
25,-114.999146,0
26,-145.15755,0
27,-112.21898,0
28,-177.44914,0
29,-135.86415,0
30,-131.84575,0
31,-197.5901,0
32,-180.07909,0
33,-205.93858,0
34,-121.781975,0
35,-137.66974,0
36,-126.36627,0
37,-152.46262,0
38,-118.77724,0
39,-152.32544,0
40,-163.89743,0
41,-135.34111,0
42,-148.84737,0
43,-99.63756,0
44,-142.8181,0
45,-146.19173,0
46,-146.47313,0
47,-113.3654,0
48,-93.49628,0
49,-115.443054,0
50,-132.97037,0
51,-132.27312,0
52,-94.6027,0
53,-134.46733,0
54,-193.27225,0
55,-192.72531,0
56,-104.78384,0
57,-136.77243,0
58,-212.0742,0
59,-107.991646,0
60,-152.76527,0
61,-147.62793,0
62,-142.38562,0
63,-195.6462,0
64,-121.77608,0
65,-202.63438,0
66,-95.189514,0
67,-153.00662,0
68,-128.64284,0
69,-227.96541,0
70,-224.86281,0
71,-209.0306,0
72,-191.06483,0
73,-155.53716,0
74,-134.9634,0
75,-194.88419,0
76,-110.63135,0
77,-181.19258,0
78,-192.57355,0
79,-232.4378,0
80,-99.232056,1
81,-114.95631,1
82,-109.84509,1
83,-101.84082,1
84,-110.646164,1
85,-88.76019,1
86,-115.57197,1
87,-125.381805,1
88,-121.17477,1
89,-92.05476,1
90,-114.56221,1
91,-111.817314,1
92,-117.209335,1
93,-106.54271,1
94,-98.45177,1
95,-112.79945,1
96,-111.68475,1
97,-111.737946,1
98,-110.13012,1
99,-119.63273,1
100,-114.86847,1
101,-102.45192,1
102,-104.69252,1
103,-115.156494,1
104,-105.06274,1
105,-114.77775,1
106,-98.013,1
107,-103.31454,1
108,-101.66895,1
109,-110.97208,1
110,-105.63494,1
111,-122.618164,1
112,-108.254684,1
113,-101.39943,1
114,-100.86386,1
115,-96.64674,1
116,-118.4482,1
117,-114.875946,1
118,-105.68233,1
119,-110.44687,1
120,-99.13594,1
121,-122.67404,1
122,-102.82008,1
123,-90.18782,1
124,-99.09895,1
125,-107.382996,1
126,-118.45403,1
127,-93.039505,1
128,-91.79031,1
129,-108.810974,1
130,-120.67224,1
131,-121.78104,1
132,-123.530785,1
133,-111.56975,1
134,-93.18073,1
135,-93.2838,1
136,-115.2072,1
137,-104.68198,1
138,-84.43187,1
139,-118.93154,1
140,-112.800735,1
141,-108.98122,1
142,-101.71602,1
143,-80.96084,1
144,-100.854126,1
145,-104.333984,1
146,-103.46259,1
147,-83.28108,1
148,-108.14352,1
149,-89.04183,1
150,-90.91676,1
151,-107.644226,1
152,-134.3705,1
153,-80.24691,1
154,-117.96285,1
155,-94.77336,1
156,-138.08974,1
157,-110.669136,1
158,-114.916534,1
159,-105.447365,1
160,-99.01021,2
161,-207.9504,2
162,-124.07953,2
163,-102.498764,2
164,-137.7147,2
165,-156.39961,2
166,-178.11357,2
167,-160.84209,2
168,-165.32872,2
169,-171.17136,2
170,-129.10318,2
171,-203.87132,2
172,-133.02278,2
173,-93.828094,2
174,-134.46907,2
175,-126.85298,2
176,-161.0937,2
177,-189.92409,2
178,-129.66316,2
179,-142.44328,2
180,-89.42137,2
181,-161.71016,2
182,-198.37776,2
183,-166.1111,2
184,-113.08977,2
185,-114.61464,2
186,-178.51479,2
187,-116.8688,2
188,-150.73053,2
189,-156.18239,2
190,-119.80055,2
191,-159.45366,2
192,-162.04514,2
193,-113.71567,2
194,-154.90141,2
195,-69.26544,2
196,-148.11243,2
197,-159.15007,2
198,-141.04146,2
199,-136.84642,2
200,-113.44065,2
201,-111.11416,2
202,-171.41354,2
203,-64.46117,2
204,-142.87154,2
205,-157.28436,2
206,-159.36525,2
207,-186.03459,2
208,-187.6791,2
209,-161.01146,2
210,-139.38599,2
211,-175.25832,2
212,-154.51753,2
213,-133.66771,2
214,-167.51897,2
215,-185.97314,2
216,-113.099594,2
217,-93.98489,2
218,-136.34941,2
219,-154.81956,2
220,-161.19087,2
221,-158.81374,2
222,-137.31772,2
223,-102.78077,2
224,-117.79397,2
225,-120.024994,2
226,-167.39352,2
227,-89.37825,2
228,-126.666595,2
229,-113.29672,2
230,-98.808365,2
231,-155.57736,2
232,-137.03716,2
233,-141.93938,2
234,-148.3354,2
235,-148.36913,2
236,-130.12657,2
237,-129.5897,2
238,-123.863785,2
239,-133.71577,2
240,3.894677,3
241,-22.237179,3
242,-17.54046,3
243,-31.238995,3
244,-11.339438,3
245,6.850323,3
246,18.870079,3
247,-100.74392,3
248,-34.07158,3
249,-29.901844,3
250,14.574819,3
251,-58.536015,3
252,-17.50998,3
253,2.2525928,3
254,-29.496687,3
255,-20.942963,3
256,-20.299168,3
257,-53.823116,3
258,-15.550649,3
259,27.59903,3
260,-6.380136,3
261,6.5894856,3
262,-50.46212,3
263,-34.047703,3
264,-65.92436,3
265,0.47916192,3
266,7.656445,3
267,-40.381466,3
268,-58.61452,3
269,-79.505226,3
270,-34.731026,3
271,-44.045185,3
272,-37.296864,3
273,-15.6977,3
274,-59.37888,3
275,0.7345893,3
276,6.32348,3
277,-21.97534,3
278,-36.770714,3
279,-99.367584,3
280,-58.56997,3
281,-22.353565,3
282,-25.259523,3
283,37.81161,3
284,-100.86934,3
285,-41.34238,3
286,-31.97462,3
287,-13.732913,3
288,9.458695,3
289,-112.41896,3
290,25.8336,3
291,9.073213,3
292,20.354624,3
293,-2.486438,3
294,6.996943,3
295,-104.65634,3
296,-33.74062,3
297,-24.555618,3
298,17.112492,3
299,-51.186405,3
300,-7.10644,3
301,78.742676,3
302,-52.694622,3
303,-27.910421,3
304,-64.02188,3
305,-12.707317,3
306,-4.804519,3
307,-35.044006,3
308,-46.765553,3
309,6.0358624,3
310,-14.495833,3
311,-31.050987,3
312,-13.795657,3
313,-49.22596,3
314,-35.893223,3
315,0.44367665,3
316,-40.21787,3
317,-24.679539,3
318,3.7032669,3
319,-148.01778,3
320,-79.89166,4
321,-58.740627,4
322,-20.057243,4
323,-66.88738,4
324,-29.072025,4
325,-66.8282,4
326,-25.001232,4
327,-29.847692,4
328,-67.91173,4
329,-84.14798,4
330,-15.544942,4
331,-57.72184,4
332,-38.292027,4
333,-70.32697,4
334,-33.841183,4
335,-36.813282,4
336,-101.7805,4
337,-36.528896,4
338,14.957227,4
339,-52.860992,4
340,-72.45011,4
341,-52.98487,4
342,-20.214132,4
343,-69.392044,4
344,5.4973264,4
345,-31.826214,4
346,-83.54218,4
347,-142.15079,4
348,-83.51039,4
349,-79.970825,4
350,6.7954373,4
351,-129.72491,4
352,-74.19347,4
353,-91.95874,4
354,-133.27682,4
355,-73.482254,4
356,-16.025412,4
357,-58.6689,4
358,-91.23808,4
359,-39.80504,4
360,-25.241503,4
361,-41.34095,4
362,-57.041603,4
363,-95.29082,4
364,-85.04329,4
365,-28.825214,4
366,-58.36489,4
367,-15.313058,4
368,-9.954331,4
369,-62.72392,4
370,-37.08707,4
371,-88.17445,4
372,-42.78521,4
373,-27.28309,4
374,9.589648,4
375,-5.439176,4
376,-95.266266,4
377,-34.050182,4
378,-49.47483,4
379,-127.64682,4
380,-47.83411,4
381,-43.686527,4
382,-49.175465,4
383,-14.701961,4
384,-69.11276,4
385,-69.72763,4
386,-17.845295,4
387,-62.975742,4
388,-94.68712,4
389,-110.21623,4
390,-51.560715,4
391,-33.868168,4
392,-32.07877,4
393,-37.260727,4
394,-51.602966,4
395,-29.519238,4
396,-57.347786,4
397,-92.55203,4
398,-44.390163,4
399,-63.41571,4
400,-57.462486,5
401,-21.956617,5
402,-18.51071,5
403,-2.3812382,5
404,-17.67449,5
405,-31.25204,5
406,-5.4000506,5
407,-164.94661,5
408,-1.2868493,5
409,-67.51501,5
410,-32.446743,5
411,-12.6162195,5
412,-80.35025,5
413,-50.620266,5
414,-24.772047,5
415,-49.14837,5
416,-52.38523,5
417,33.505352,5
418,-50.580257,5
419,18.335773,5
420,-2.9748986,5
421,7.5657115,5
422,-102.56583,5
423,44.933723,5
424,-12.700078,5
425,-54.130306,5
426,-5.248943,5
427,47.31727,5
428,50.346317,5
429,40.876545,5
430,42.649998,5
431,-10.2750025,5
432,-74.51082,5
433,-36.8013,5
434,7.213673,5
435,36.630665,5
436,-67.54323,5
437,-32.042767,5
438,-57.584213,5
439,-153.28618,5
440,-43.251274,5
441,-5.986625,5
442,51.569576,5
443,-16.846655,5
444,-92.31613,5
445,-22.102606,5
446,-28.033504,5
447,30.207302,5
448,54.48028,5
449,-105.90721,5
450,-36.082676,5
451,0.51223344,5
452,-7.463509,5
453,18.723007,5
454,-114.16531,5
455,-7.1590877,5
456,-65.616844,5
457,55.98428,5
458,-1.3358233,5
459,16.636238,5
460,-3.8457386,5
461,64.054634,5
462,8.873788,5
463,9.31766,5
464,-33.828617,5
465,-52.920284,5
466,28.684761,5
467,-92.28702,5
468,-13.588324,5
469,16.674639,5
470,-0.6767953,5
471,11.006319,5
472,0.025135696,5
473,-93.28076,5
474,16.180876,5
475,-15.980542,5
476,53.687054,5
477,-68.809,5
478,-104.33962,5
479,6.433558,5
480,-70.11531,6
481,-39.343876,6
482,-67.83638,6
483,-40.81513,6
484,-42.99197,6
485,-30.89229,6
486,-93.8826,6
487,-78.15412,6
488,-28.246151,6
489,-97.83644,6
490,-83.50044,6
491,-58.171688,6
492,-95.50375,6
493,-37.634525,6
494,-59.69068,6
495,-55.708797,6
496,-56.61301,6
497,-71.638985,6
498,-58.3637,6
499,-163.48195,6
500,-67.89302,6
501,-95.85162,6
502,-43.729687,6
503,-85.84103,6
504,-48.279987,6
505,-47.583122,6
506,-101.39134,6
507,-71.876724,6
508,-6.9296107,6
509,-95.0515,6
510,-80.59272,6
511,-105.65112,6
512,-121.27654,6
513,-76.88756,6
514,-54.442936,6
515,-73.54172,6
516,-42.874912,6
517,-70.035706,6
518,-47.67188,6
519,-23.595604,6
520,-26.16809,6
521,-46.23968,6
522,-83.21202,6
523,-9.898032,6
524,-129.36807,6
525,-37.10572,6
526,-30.946804,6
527,-65.165985,6
528,-78.18567,6
529,-58.143726,6
530,-75.6408,6
531,-130.45174,6
532,-78.41684,6
533,-53.95216,6
534,-52.63267,6
535,-90.70153,6
536,-47.864613,6
537,-27.050873,6
538,-16.951035,6
539,-37.102264,6
540,-45.020252,6
541,-37.710503,6
542,-33.705708,6
543,-70.26941,6
544,-99.34644,6
545,-57.389088,6
546,-71.05412,6
547,-43.198444,6
548,-77.50546,6
549,-15.705842,6
550,-123.8672,6
551,-89.97003,6
552,-94.41258,6
553,-47.459568,6
554,-66.38665,6
555,-29.76132,6
556,-9.787374,6
557,-154.47154,6
558,-99.70645,6
559,-85.87311,6
560,21.138798,7
561,-0.71091586,7
562,-21.652088,7
563,17.78776,7
564,39.779133,7
565,-7.70268,7
566,23.86816,7
567,20.791037,7
568,19.414635,7
569,-36.107845,7
570,22.789179,7
571,-9.171357,7
572,-17.179367,7
573,37.271946,7
574,-41.891792,7
575,6.375194,7
576,-29.353088,7
577,-11.593031,7
578,-10.881573,7
579,-20.72675,7
580,8.393875,7
581,13.75597,7
582,-14.289835,7
583,28.447083,7
584,-6.2800345,7
585,-11.030633,7
586,16.02968,7
587,-11.480016,7
588,5.7923055,7
589,0.1819331,7
590,44.548626,7
591,-15.761835,7
592,5.3313394,7
593,-53.087124,7
594,0.63843983,7
595,-58.202236,7
596,32.83546,7
597,-21.69294,7
598,23.416317,7
599,31.601757,7
600,54.321587,7
601,-3.6771405,7
602,-25.12883,7
603,-11.343063,7
604,15.567028,7
605,37.532345,7
606,-4.6230035,7
607,38.970154,7
608,25.279854,7
609,-3.0860875,7
610,-13.276841,7
611,31.707872,7
612,20.159754,7
613,36.777702,7
614,2.5099857,7
615,-31.951534,7
616,5.3693814,7
617,-16.633417,7
618,-11.457679,7
619,-59.843845,7
620,-4.4436765,7
621,-16.331272,7
622,6.769213,7
623,-25.94024,7
624,-34.167667,7
625,33.256702,7
626,-16.412022,7
627,-3.9679801,7
628,-16.42363,7
629,1.1844985,7
630,1.6471412,7
631,-3.674062,7
632,3.842035,7
633,2.110459,7
634,25.544102,7
635,4.7376733,7
636,28.833698,7
637,-3.5486042,7
638,-16.367552,7
639,-24.262644,7
640,-25.380264,8
641,34.068424,8
642,26.713741,8
643,-35.742634,8
644,-4.2655005,8
645,-6.1932826,8
646,-48.33791,8
647,-18.406694,8
648,6.951796,8
649,23.429314,8
650,14.528525,8
651,32.101166,8
652,72.053665,8
653,-0.636432,8
654,18.89264,8
655,1.243386,8
656,32.260674,8
657,24.178497,8
658,23.947392,8
659,-64.757744,8
660,23.141262,8
661,-32.21013,8
662,-31.864017,8
663,30.725582,8
664,-12.4113455,8
665,-6.923737,8
666,-14.836276,8
667,18.301052,8
668,20.7487,8
669,29.8359,8
670,5.526509,8
671,11.45221,8
672,10.104232,8
673,-12.401511,8
674,-38.07844,8
675,-8.736136,8
676,-59.914234,8
677,-37.359825,8
678,-25.252075,8
679,37.003536,8
680,-37.97104,8
681,4.4617505,8
682,72.4383,8
683,50.836815,8
684,-10.676875,8
685,26.422087,8
686,-21.545277,8
687,-11.202981,8
688,23.278477,8
689,-19.14532,8
690,15.315642,8
691,-2.1513627,8
692,43.25214,8
693,36.209633,8
694,26.63977,8
695,0.33891076,8
696,58.710922,8
697,1.3221824,8
698,-63.24124,8
699,1.5568511,8
700,10.266633,8
701,7.705052,8
702,26.285553,8
703,11.00043,8
704,7.2633386,8
705,-5.3393626,8
706,0.07395619,8
707,-45.87572,8
708,-4.250014,8
709,20.901617,8
710,11.020534,8
711,-3.09113,8
712,-50.26531,8
713,16.177736,8
714,-1.9266255,8
715,4.945317,8
716,-29.655321,8
717,27.455841,8
718,20.741726,8
719,-10.597167,8
720,52.507687,9
721,118.70191,9
722,-20.667028,9
723,36.416946,9
724,-7.45145,9
725,92.475784,9
726,47.998085,9
727,6.8943486,9
728,23.096798,9
729,-23.320963,9
730,-9.94173,9
731,33.301685,9
732,31.139263,9
733,68.576935,9
734,70.882454,9
735,53.435165,9
736,12.078074,9
737,68.85557,9
738,8.822999,9
739,72.56999,9
740,46.704926,9
741,30.113644,9
742,5.839663,9
743,64.33923,9
744,-50.335705,9
745,-13.365603,9
746,28.952637,9
747,72.86795,9
748,34.50646,9
749,39.024677,9
750,17.139668,9
751,76.11603,9
752,40.06807,9
753,72.08371,9
754,142.34312,9
755,45.61106,9
756,37.74474,9
757,38.021008,9
758,-20.561466,9
759,15.696401,9
760,61.907753,9
761,20.243008,9
762,-27.198006,9
763,65.5699,9
764,27.147423,9
765,0.20637769,9
766,35.06823,9
767,95.31763,9
768,56.382244,9
769,39.475826,9
770,100.258606,9
771,51.9958,9
772,76.24751,9
773,33.205784,9
774,47.532845,9
775,54.038563,9
776,81.56422,9
777,69.66238,9
778,19.794214,9
779,46.449543,9
780,84.90849,9
781,-23.514677,9
782,-15.263324,9
783,50.181423,9
784,14.545629,9
785,83.36618,9
786,-37.755585,9
787,25.657713,9
788,21.400137,9
789,73.394585,9
790,-24.798866,9
791,-41.01895,9
792,78.36719,9
793,10.395749,9
794,20.804039,9
795,38.211792,9
796,59.871555,9
797,56.70004,9
798,86.2561,9
799,41.351677,9
