Image,Value,Label
0,-190.22124,0
1,-34.390644,0
2,-6.8686285,0
3,-115.52175,0
4,-54.046608,0
5,-41.586533,0
6,-108.08766,0
7,-105.84121,0
8,-107.96916,0
9,-63.1456,0
10,-96.74449,0
11,-50.899498,0
12,-157.38504,0
13,-109.15825,0
14,-100.017494,0
15,-29.841454,0
16,-43.439175,0
17,-95.432236,0
18,-129.49423,0
19,-72.16115,0
20,-124.48705,0
21,-40.756138,0
22,-130.717,0
23,-22.413223,0
24,-190.29337,0
25,-16.001589,0
26,-112.31202,0
27,-36.59929,0
28,-102.504486,0
29,-74.77967,0
30,-66.25688,0
31,-76.27481,0
32,-77.66462,0
33,-68.23056,0
34,-134.26678,0
35,-17.0097,0
36,-48.951206,0
37,-21.669056,0
38,-85.63237,0
39,-29.87237,0
40,-110.398705,0
41,-73.7991,0
42,-138.18544,0
43,-64.227295,0
44,-48.71192,0
45,-147.61472,0
46,-125.43262,0
47,-92.4994,0
48,-30.55205,0
49,-38.19205,0
50,-6.3079424,0
51,-68.65504,0
52,-86.1599,0
53,-14.020723,0
54,-92.541046,0
55,-65.31827,0
56,-72.71524,0
57,-20.972393,0
58,-134.60596,0
59,-57.67296,0
60,-62.967213,0
61,-115.98668,0
62,-58.567284,0
63,-155.09271,0
64,-104.64561,0
65,-197.58646,0
66,-106.42721,0
67,-74.294266,0
68,-51.467964,0
69,-71.88049,0
70,-158.34785,0
71,-87.47817,0
72,-98.60525,0
73,-154.75151,0
74,-88.239395,0
75,-97.59749,0
76,-74.19179,0
77,-148.31451,0
78,-137.39012,0
79,-106.5567,0
80,-49.81964,1
81,16.260105,1
82,-42.332527,1
83,-18.55317,1
84,-43.085884,1
85,-38.987774,1
86,-12.828895,1
87,-23.096048,1
88,-37.661118,1
89,-66.52771,1
90,-15.392329,1
91,-33.88117,1
92,-44.667843,1
93,-79.32652,1
94,-49.78213,1
95,3.5215063,1
96,-61.7113,1
97,-32.245113,1
98,-35.2295,1
99,-59.873905,1
100,-22.988918,1
101,-19.129446,1
102,-96.12991,1
103,-20.302738,1
104,-33.553886,1
105,-31.639338,1
106,-56.82024,1
107,-68.366196,1
108,-44.810192,1
109,-36.75221,1
110,-78.82883,1
111,-39.868446,1
112,-61.04991,1
113,-68.38896,1
114,-55.364857,1
115,-25.092197,1
116,-54.571007,1
117,-22.767248,1
118,-67.558815,1
119,-36.682682,1
120,-26.097866,1
121,-15.994219,1
122,-31.278988,1
123,-46.485676,1
124,-27.380661,1
125,-17.564724,1
126,-36.73794,1
127,-19.501678,1
128,-40.653725,1
129,-18.180355,1
130,-51.722332,1
131,-26.948793,1
132,-11.344415,1
133,-41.020245,1
134,-13.233029,1
135,-33.47606,1
136,-50.08298,1
137,-29.533792,1
138,-55.13699,1
139,-45.837055,1
140,-32.37799,1
141,-19.70166,1
142,-66.83298,1
143,-42.48141,1
144,-16.897154,1
145,-80.79107,1
146,-46.442226,1
147,-46.134495,1
148,-52.23521,1
149,-69.39842,1
150,-70.34805,1
151,-83.044014,1
152,-78.044,1
153,-75.43743,1
154,-56.02259,1
155,-60.455685,1
156,-114.57626,1
157,-29.619194,1
158,-12.970561,1
159,-60.59235,1
160,-77.94126,2
161,-154.71558,2
162,-110.79704,2
163,-38.411995,2
164,-139.16986,2
165,-149.14282,2
166,-161.57622,2
167,-197.96565,2
168,-168.08936,2
169,-151.02075,2
170,-106.62698,2
171,-184.91786,2
172,-105.27666,2
173,-109.26593,2
174,-120.47607,2
175,-177.27448,2
176,-128.84277,2
177,-171.45026,2
178,-164.79324,2
179,-212.18793,2
180,-16.044968,2
181,-222.92734,2
182,-160.05725,2
183,-144.8126,2
184,-143.02966,2
185,-143.4448,2
186,-103.17486,2
187,-98.91609,2
188,-69.67515,2
189,-60.544304,2
190,-102.93095,2
191,-96.811005,2
192,-191.81908,2
193,-160.62297,2
194,-129.45888,2
195,-108.93349,2
196,-214.3302,2
197,-144.43123,2
198,-155.20578,2
199,-177.17256,2
200,-82.12362,2
201,-134.99359,2
202,-107.35489,2
203,-104.40291,2
204,-155.3646,2
205,-87.08673,2
206,-98.92257,2
207,-277.50192,2
208,-157.62595,2
209,-147.58388,2
210,-170.76309,2
211,-186.69023,2
212,-186.36389,2
213,-171.89055,2
214,-168.73676,2
215,-151.54129,2
216,-129.0116,2
217,-63.68452,2
218,-181.90154,2
219,-165.29707,2
220,-228.08298,2
221,-230.60034,2
222,-165.00217,2
223,-70.40008,2
224,-80.80434,2
225,-124.09709,2
226,-285.22864,2
227,-126.017426,2
228,-133.11183,2
229,-68.549515,2
230,-126.389,2
231,-113.420906,2
232,-110.28188,2
233,-226.26984,2
234,-210.60593,2
235,-166.26483,2
236,-73.422554,2
237,-162.93513,2
238,-50.22591,2
239,-100.3907,2
240,-107.55761,3
241,-101.99924,3
242,-23.0872,3
243,-38.309902,3
244,-96.0041,3
245,-86.913574,3
246,-138.0094,3
247,-81.80848,3
248,-99.49068,3
249,-51.845936,3
250,-97.043304,3
251,-72.88768,3
252,-99.03359,3
253,-58.606888,3
254,-129.91402,3
255,-133.1882,3
256,-48.872208,3
257,-84.009415,3
258,-149.1176,3
259,-146.37782,3
260,-117.08722,3
261,-62.51241,3
262,-105.6721,3
263,-55.131157,3
264,-103.67659,3
265,-129.77202,3
266,-63.847515,3
267,-74.10988,3
268,-200.93515,3
269,-104.44306,3
270,-75.1222,3
271,-117.60561,3
272,-66.36673,3
273,-46.234825,3
274,-79.65285,3
275,-44.22077,3
276,-146.61116,3
277,-76.64244,3
278,-105.29773,3
279,-77.66594,3
280,-84.00248,3
281,-126.69922,3
282,-181.83086,3
283,-66.46784,3
284,-127.814766,3
285,-99.9495,3
286,-133.44551,3
287,-88.62967,3
288,-114.37561,3
289,-201.62082,3
290,-88.53391,3
291,-59.314785,3
292,-64.52664,3
293,-97.240326,3
294,-88.93747,3
295,-150.66153,3
296,-98.42897,3
297,-123.78616,3
298,-92.21072,3
299,-191.72833,3
300,-131.88995,3
301,-132.89,3
302,-39.126324,3
303,-22.40528,3
304,-77.31235,3
305,-44.331936,3
306,-92.538895,3
307,-31.634672,3
308,-49.579838,3
309,-106.24698,3
310,-172.4032,3
311,-77.34761,3
312,-61.12191,3
313,-32.5663,3
314,-98.16788,3
315,-79.38728,3
316,-24.222675,3
317,-138.07239,3
318,-45.984722,3
319,-196.63446,3
320,-123.47201,4
321,-89.5692,4
322,-84.410255,4
323,-112.45004,4
324,-94.063,4
325,-64.06143,4
326,-131.2807,4
327,-44.740105,4
328,-131.85403,4
329,-64.455574,4
330,-87.3596,4
331,-79.28432,4
332,-61.28392,4
333,-54.60548,4
334,-64.78616,4
335,-65.03636,4
336,-68.55854,4
337,-161.96875,4
338,-56.170498,4
339,-113.871864,4
340,-141.48297,4
341,-48.717094,4
342,-139.15811,4
343,-121.90949,4
344,-82.27163,4
345,-62.579594,4
346,-73.5531,4
347,-130.78589,4
348,-63.910385,4
349,-98.25864,4
350,-89.528305,4
351,-194.43733,4
352,-118.340225,4
353,-104.761154,4
354,-147.32373,4
355,-124.00964,4
356,-207.42883,4
357,-82.76187,4
358,-99.719215,4
359,-33.91695,4
360,-106.04195,4
361,-104.42377,4
362,-116.70441,4
363,-44.27245,4
364,-107.16727,4
365,-102.38173,4
366,-180.27826,4
367,-104.586205,4
368,-56.59494,4
369,-37.61069,4
370,-65.733894,4
371,-86.68776,4
372,-35.09383,4
373,-49.786495,4
374,-121.93766,4
375,-89.773254,4
376,-102.99008,4
377,-69.60745,4
378,-119.482635,4
379,-129.32196,4
380,-118.90256,4
381,-83.1483,4
382,-61.523983,4
383,-59.04566,4
384,-120.73896,4
385,-64.75972,4
386,-65.39461,4
387,-88.14407,4
388,-102.00054,4
389,-117.94223,4
390,-105.926834,4
391,-80.504425,4
392,-77.45277,4
393,-125.533005,4
394,-61.96244,4
395,-130.09624,4
396,-107.77414,4
397,-64.55692,4
398,-85.571365,4
399,-125.78613,4
400,-107.384094,5
401,-34.00768,5
402,-6.338441,5
403,-49.697243,5
404,-12.625941,5
405,-102.066666,5
406,-23.503883,5
407,-127.190445,5
408,-19.869892,5
409,-69.03621,5
410,-97.96257,5
411,-0.39682677,5
412,-0.043627296,5
413,-10.397735,5
414,-65.80477,5
415,-32.814068,5
416,-200.28334,5
417,-89.316086,5
418,-5.831997,5
419,-82.75767,5
420,-58.046223,5
421,-138.90042,5
422,-45.529263,5
423,-8.793864,5
424,-33.243908,5
425,-4.104037,5
426,-22.058311,5
427,-71.83398,5
428,-55.759563,5
429,-43.57333,5
430,-84.31486,5
431,-39.090565,5
432,-94.22371,5
433,-95.33858,5
434,-50.264378,5
435,-116.62012,5
436,-46.84755,5
437,-15.697261,5
438,-39.95427,5
439,-72.87137,5
440,-7.789008,5
441,-92.58667,5
442,-58.595882,5
443,-52.52013,5
444,-7.759601,5
445,-45.577053,5
446,-9.669311,5
447,-124.98911,5
448,-80.140144,5
449,-43.407837,5
450,-0.39619163,5
451,-47.116096,5
452,-0.51472193,5
453,-58.518307,5
454,-57.689423,5
455,-7.320796,5
456,-123.75484,5
457,-98.44388,5
458,-14.441623,5
459,-24.019169,5
460,-29.060555,5
461,-84.68274,5
462,-78.07816,5
463,-112.66402,5
464,-34.729454,5
465,-0.92165285,5
466,-40.49786,5
467,-13.930837,5
468,-27.433361,5
469,-38.61292,5
470,-23.461086,5
471,-88.46539,5
472,-90.5877,5
473,-72.69833,5
474,-51.85004,5
475,-35.496437,5
476,-77.318474,5
477,-36.478203,5
478,-57.309242,5
479,-88.11068,5
480,-73.38052,6
481,-135.18486,6
482,-83.50995,6
483,-103.31973,6
484,-29.369904,6
485,-113.830025,6
486,-89.82189,6
487,-170.70457,6
488,-210.39392,6
489,-134.7844,6
490,-77.38124,6
491,-50.70251,6
492,-101.66763,6
493,-68.02922,6
494,-111.70647,6
495,-198.63062,6
496,-159.99553,6
497,-79.922066,6
498,-102.45999,6
499,-362.05286,6
500,-99.51458,6
501,-124.745926,6
502,-69.06233,6
503,-112.22676,6
504,-96.60521,6
505,-138.7988,6
506,-176.2897,6
507,-141.85898,6
508,-164.91129,6
509,-179.79086,6
510,-120.93202,6
511,-101.77104,6
512,-141.53548,6
513,-105.8392,6
514,-81.32316,6
515,-85.55875,6
516,-140.3311,6
517,-69.667786,6
518,-66.47457,6
519,-49.2076,6
520,-177.1533,6
521,-84.21019,6
522,-144.17941,6
523,-90.63458,6
524,-262.3272,6
525,-62.20553,6
526,-146.55298,6
527,-76.108154,6
528,-154.1564,6
529,-100.826294,6
530,-99.73452,6
531,-169.4651,6
532,-219.17905,6
533,-58.858135,6
534,-199.84158,6
535,-140.42728,6
536,-118.134544,6
537,-94.45398,6
538,-46.19005,6
539,-109.079544,6
540,-103.664154,6
541,-48.496986,6
542,-54.107975,6
543,-99.77719,6
544,-138.05309,6
545,-59.482628,6
546,-107.61809,6
547,-132.00117,6
548,-128.15839,6
549,-82.95918,6
550,-135.81772,6
551,-147.87343,6
552,-53.3336,6
553,-120.86984,6
554,-126.58211,6
555,-108.979546,6
556,-123.05771,6
557,-226.92761,6
558,-163.22057,6
559,-93.24012,6
560,-120.537094,7
561,-76.55829,7
562,-75.37084,7
563,-82.23648,7
564,-88.86074,7
565,-119.47134,7
566,-102.91766,7
567,-74.77227,7
568,-87.474846,7
569,-204.52304,7
570,-129.12764,7
571,-103.79062,7
572,-104.02988,7
573,-138.8014,7
574,-130.03606,7
575,-80.276505,7
576,-115.86672,7
577,-114.441666,7
578,-129.3273,7
579,-98.16229,7
580,-129.97017,7
581,-76.57033,7
582,-84.92216,7
583,-117.2492,7
584,-99.543976,7
585,-107.55908,7
586,-111.63986,7
587,-130.53561,7
588,-47.95823,7
589,-109.75471,7
590,-189.9963,7
591,-43.1758,7
592,-76.11825,7
593,-215.6626,7
594,-88.41652,7
595,-167.38556,7
596,-93.94701,7
597,-196.33194,7
598,-81.533875,7
599,-116.22664,7
600,-69.47331,7
601,-77.12096,7
602,-117.96748,7
603,-134.84207,7
604,-107.989555,7
605,-57.061836,7
606,-87.0603,7
607,-139.60667,7
608,-45.670933,7
609,-69.45919,7
610,-160.54884,7
611,-143.78181,7
612,-125.380486,7
613,-72.02309,7
614,-76.758026,7
615,-53.504093,7
616,-83.73807,7
617,-127.64495,7
618,-92.71472,7
619,-222.63727,7
620,-136.93439,7
621,-100.57406,7
622,-96.22953,7
623,-73.43045,7
624,-61.969437,7
625,-171.04845,7
626,-113.87677,7
627,-67.619385,7
628,-68.75302,7
629,-116.91995,7
630,-125.185776,7
631,-61.836624,7
632,-109.38893,7
633,-60.451702,7
634,-103.94851,7
635,-105.30337,7
636,-60.4098,7
637,-109.02061,7
638,-157.59808,7
639,-90.04048,7
640,-213.17267,8
641,-92.9113,8
642,-134.79573,8
643,-111.44606,8
644,-149.16519,8
645,-75.064804,8
646,-152.0786,8
647,-85.612976,8
648,-66.01869,8
649,-110.674866,8
650,-130.1662,8
651,-88.91339,8
652,-152.45435,8
653,-274.4787,8
654,-140.7313,8
655,-76.925,8
656,-93.9128,8
657,-112.28275,8
658,-92.17064,8
659,-290.0614,8
660,-182.80692,8
661,-124.7433,8
662,-129.87206,8
663,-149.86911,8
664,-264.22437,8
665,-117.37726,8
666,-157.16592,8
667,-67.0318,8
668,-92.318535,8
669,-173.1126,8
670,-117.97992,8
671,-69.717964,8
672,-182.64165,8
673,-170.34161,8
674,-132.04836,8
675,-116.15357,8
676,-135.01959,8
677,-120.59032,8
678,-100.843765,8
679,-116.667175,8
680,-134.73662,8
681,-135.1177,8
682,-165.1293,8
683,-134.23856,8
684,-130.74762,8
685,-119.04462,8
686,-154.77155,8
687,-127.501175,8
688,-67.61174,8
689,-91.70053,8
690,-137.04425,8
691,-181.65778,8
692,-122.3855,8
693,-173.55382,8
694,-115.39821,8
695,-98.610016,8
696,-233.76999,8
697,-89.18313,8
698,-91.04973,8
699,-85.35643,8
700,-151.62344,8
701,-68.02516,8
702,-110.51875,8
703,-82.81308,8
704,-173.48547,8
705,-141.7032,8
706,-144.33813,8
707,-75.223885,8
708,-69.44415,8
709,-122.0683,8
710,-77.858765,8
711,-76.65526,8
712,-73.57331,8
713,-107.36672,8
714,-47.040916,8
715,-138.9701,8
716,-144.99716,8
717,-104.9332,8
718,-91.78339,8
719,-82.5877,8
720,-96.1464,9
721,-103.42377,9
722,-110.331154,9
723,-234.83919,9
724,-138.20886,9
725,-78.751335,9
726,-86.35675,9
727,-138.08975,9
728,-110.31694,9
729,-101.82961,9
730,-135.2272,9
731,-69.808815,9
732,-178.7656,9
733,-127.76253,9
734,-70.393814,9
735,-75.99731,9
736,-100.60109,9
737,-162.4516,9
738,-150.23863,9
739,-100.81764,9
740,-137.93472,9
741,-97.16907,9
742,-188.13803,9
743,-103.3065,9
744,-178.47693,9
745,-209.42065,9
746,-77.50572,9
747,-88.09224,9
748,-74.079025,9
749,-112.85261,9
750,-125.42713,9
751,-108.15637,9
752,-218.227,9
753,-102.97635,9
754,-172.40254,9
755,-90.4226,9
756,-84.52626,9
757,-84.14732,9
758,-191.03833,9
759,-66.43529,9
760,-75.800705,9
761,-148.45558,9
762,-218.42528,9
763,-83.47391,9
764,-165.87592,9
765,-148.38446,9
766,-88.09407,9
767,-119.62521,9
768,-43.048386,9
769,-53.655872,9
770,-68.555695,9
771,-62.729218,9
772,-134.65503,9
773,-90.882965,9
774,-78.12315,9
775,-79.57592,9
776,-90.193085,9
777,-70.402405,9
778,-149.81831,9
779,-95.97566,9
780,-160.13799,9
781,-154.19351,9
782,-81.96121,9
783,-86.76601,9
784,-141.34244,9
785,-133.34703,9
786,-150.54298,9
787,-62.991604,9
788,-81.12387,9
789,-101.15444,9
790,-129.15726,9
791,-136.71855,9
792,-135.32768,9
793,-140.30934,9
794,-134.76486,9
795,-146.55493,9
796,-114.647575,9
797,-66.24033,9
798,-113.19819,9
799,-68.56812,9
