Image,Value,Label
0,202.53937,0
1,97.88925,0
2,92.74502,0
3,215.19972,0
4,128.00563,0
5,126.823975,0
6,129.70326,0
7,193.61055,0
8,187.23979,0
9,121.88257,0
10,-1.9696233,0
11,163.13692,0
12,240.0737,0
13,204.95457,0
14,192.14282,0
15,86.802605,0
16,62.793415,0
17,158.77676,0
18,211.98251,0
19,166.00742,0
20,226.15092,0
21,107.01811,0
22,229.532,0
23,82.92442,0
24,228.62712,0
25,128.06627,0
26,198.61104,0
27,115.49306,0
28,157.06023,0
29,129.15717,0
30,40.730946,0
31,90.36386,0
32,173.99977,0
33,135.20964,0
34,143.58252,0
35,120.74342,0
36,139.72919,0
37,103.146614,0
38,105.389984,0
39,63.920704,0
40,213.5547,0
41,170.74028,0
42,128.86581,0
43,106.83847,0
44,105.92609,0
45,216.42421,0
46,52.326862,0
47,191.37015,0
48,101.59973,0
49,134.96242,0
50,106.09912,0
51,96.678925,0
52,124.059395,0
53,103.656784,0
54,118.351036,0
55,160.75938,0
56,150.80237,0
57,116.886856,0
58,219.40387,0
59,14.480591,0
60,111.02486,0
61,199.679,0
62,143.82196,0
63,192.03792,0
64,86.71066,0
65,246.66994,0
66,152.01552,0
67,186.06407,0
68,104.96298,0
69,135.33394,0
70,189.71886,0
71,110.71344,0
72,187.62769,0
73,55.7937,0
74,168.26021,0
75,204.48259,0
76,84.36268,0
77,170.77933,0
78,144.06139,0
79,158.23119,0
80,-40.234104,1
81,1.7694132,1
82,-82.51071,1
83,-61.803547,1
84,-68.82657,1
85,-35.513203,1
86,-50.021915,1
87,-51.330482,1
88,-82.22482,1
89,-41.932957,1
90,-41.431458,1
91,-43.52019,1
92,-24.000807,1
93,-55.98023,1
94,-6.1281314,1
95,-24.344894,1
96,-80.39442,1
97,-32.665077,1
98,-22.610336,1
99,-87.07083,1
100,-44.10963,1
101,-43.250233,1
102,-61.511127,1
103,-44.43337,1
104,-31.761284,1
105,-51.67402,1
106,-31.114147,1
107,-78.82678,1
108,-44.670933,1
109,-24.464306,1
110,-37.922626,1
111,-62.994102,1
112,-67.12354,1
113,-40.24473,1
114,-61.390423,1
115,-23.128319,1
116,-101.29455,1
117,-49.5309,1
118,-39.766468,1
119,-37.561802,1
120,-23.389004,1
121,-54.95766,1
122,-10.294453,1
123,-43.143867,1
124,-1.4133718,1
125,-42.977707,1
126,-82.81129,1
127,-9.172302,1
128,-32.218594,1
129,-64.35765,1
130,-69.37623,1
131,-47.92001,1
132,-40.44246,1
133,-50.78367,1
134,-30.365131,1
135,-9.802452,1
136,-37.459484,1
137,-14.759363,1
138,-59.91719,1
139,-72.122894,1
140,-69.924,1
141,-47.472603,1
142,-30.312267,1
143,-40.797634,1
144,-3.8467786,1
145,-38.852154,1
146,-21.586788,1
147,-34.98689,1
148,-102.55536,1
149,-53.70514,1
150,-45.433445,1
151,-47.87736,1
152,-82.641624,1
153,-54.52917,1
154,-102.647064,1
155,-50.903637,1
156,-50.68875,1
157,-44.561184,1
158,-48.81084,1
159,-72.66899,1
160,-35.483734,2
161,43.74542,2
162,-15.28023,2
163,28.00167,2
164,-44.067554,2
165,-14.469349,2
166,-67.60802,2
167,-26.188934,2
168,12.128174,2
169,0.108272806,2
170,14.453186,2
171,-17.855164,2
172,10.592972,2
173,-21.815874,2
174,-5.0028033,2
175,-4.6333575,2
176,35.850548,2
177,36.766945,2
178,65.44701,2
179,-50.001934,2
180,13.491482,2
181,-27.214783,2
182,66.549194,2
183,-2.2645948,2
184,-15.022593,2
185,-85.78095,2
186,-8.050388,2
187,2.5422003,2
188,15.41864,2
189,-12.832886,2
190,-19.868439,2
191,-40.66394,2
192,-47.23452,2
193,-57.92425,2
194,-17.005741,2
195,-25.788544,2
196,18.836857,2
197,-97.22168,2
198,18.658531,2
199,80.322296,2
200,75.30406,2
201,-28.969452,2
202,32.68503,2
203,124.947235,2
204,5.87233,2
205,13.693424,2
206,-31.079666,2
207,31.59438,2
208,-16.267838,2
209,17.979305,2
210,-23.239273,2
211,57.807743,2
212,-91.79521,2
213,-49.719833,2
214,-17.893456,2
215,-8.040947,2
216,-75.784775,2
217,-4.0887218,2
218,-17.77333,2
219,1.091286,2
220,1.830992,2
221,99.526215,2
222,-75.81136,2
223,9.101967,2
224,-27.005814,2
225,-11.422363,2
226,-59.82323,2
227,-49.27302,2
228,-38.689823,2
229,60.104763,2
230,49.11755,2
231,1.2271616,2
232,5.373711,2
233,17.525698,2
234,-77.90105,2
235,40.47038,2
236,5.4803777,2
237,-50.823566,2
238,3.227955,2
239,3.8033793,2
240,-43.832314,3
241,-74.1542,3
242,34.05168,3
243,36.59123,3
244,-17.776583,3
245,0.6994841,3
246,-1.7710187,3
247,15.936708,3
248,-37.54719,3
249,39.559994,3
250,29.771852,3
251,-65.18027,3
252,-55.030495,3
253,27.91123,3
254,-31.733149,3
255,-30.000044,3
256,62.718254,3
257,23.175613,3
258,18.515469,3
259,-7.0670238,3
260,8.987022,3
261,27.833368,3
262,-7.051973,3
263,-75.50663,3
264,2.4376614,3
265,10.647623,3
266,25.340025,3
267,-57.616642,3
268,115.13341,3
269,53.77782,3
270,12.092966,3
271,-32.864674,3
272,-24.39937,3
273,-51.112164,3
274,-61.40269,3
275,22.862068,3
276,73.15368,3
277,15.320761,3
278,51.062275,3
279,-71.899796,3
280,-34.192097,3
281,-4.932283,3
282,-59.556736,3
283,21.5969,3
284,-22.995033,3
285,6.028301,3
286,64.807465,3
287,-32.842587,3
288,-21.997055,3
289,-27.312296,3
290,0.8287051,3
291,61.510303,3
292,24.309902,3
293,61.889915,3
294,-21.461382,3
295,-13.966902,3
296,-24.152554,3
297,44.158646,3
298,-53.19906,3
299,61.61408,3
300,18.288893,3
301,19.808372,3
302,-25.928364,3
303,-47.099174,3
304,-9.624348,3
305,-23.203594,3
306,-16.440773,3
307,-7.542215,3
308,0.84679246,3
309,-28.178272,3
310,-30.216457,3
311,-57.280922,3
312,1.3845465,3
313,0.15927531,3
314,2.5357382,3
315,48.16042,3
316,-35.270054,3
317,84.83463,3
318,25.928604,3
319,114.1534,3
320,98.789375,4
321,-33.67531,4
322,-1.6041772,4
323,-8.310011,4
324,79.36105,4
325,28.007208,4
326,-23.844677,4
327,-28.18077,4
328,-42.3811,4
329,-3.8080366,4
330,34.24732,4
331,57.200207,4
332,17.948465,4
333,55.08388,4
334,-45.93699,4
335,-15.878347,4
336,-30.534538,4
337,58.426365,4
338,-23.5967,4
339,-29.488022,4
340,34.094135,4
341,-9.785662,4
342,26.096056,4
343,4.5248494,4
344,-7.77074,4
345,-19.442766,4
346,-49.868507,4
347,75.20419,4
348,-9.427643,4
349,-21.631784,4
350,1.2160265,4
351,80.755585,4
352,1.6504061,4
353,-9.100056,4
354,89.00484,4
355,-1.6711004,4
356,117.41518,4
357,34.65405,4
358,18.27353,4
359,34.954765,4
360,-19.805687,4
361,22.581717,4
362,51.121555,4
363,-14.294949,4
364,0.6701815,4
365,56.734848,4
366,59.387207,4
367,27.384705,4
368,-53.80171,4
369,-11.680315,4
370,75.85083,4
371,8.387783,4
372,-14.291348,4
373,-41.540096,4
374,74.20022,4
375,-12.741232,4
376,11.405327,4
377,-22.26456,4
378,-4.5953746,4
379,21.816378,4
380,20.086792,4
381,4.1255536,4
382,-11.216475,4
383,-53.587902,4
384,95.08794,4
385,-4.6435275,4
386,-50.9402,4
387,-46.235718,4
388,33.00496,4
389,53.216343,4
390,124.98287,4
391,-59.522564,4
392,-34.67602,4
393,53.75887,4
394,44.26356,4
395,54.430077,4
396,-20.636238,4
397,-3.9704626,4
398,100.59395,4
399,62.655323,4
400,111.072525,5
401,20.966599,5
402,-27.238995,5
403,34.513554,5
404,-43.503407,5
405,51.37021,5
406,32.446156,5
407,-99.86467,5
408,8.134113,5
409,1.5039294,5
410,-13.779648,5
411,-50.670624,5
412,-1.1074464,5
413,-43.19546,5
414,-64.16104,5
415,-40.046608,5
416,122.11751,5
417,118.94911,5
418,-43.42642,5
419,-13.19165,5
420,-2.2041585,5
421,52.132393,5
422,-77.080124,5
423,-20.263283,5
424,-16.678055,5
425,30.837624,5
426,-61.00677,5
427,-35.732002,5
428,-6.762172,5
429,19.085938,5
430,83.08702,5
431,-60.297283,5
432,-2.3586767,5
433,-15.377544,5
434,9.439902,5
435,1.9850733,5
436,-54.974567,5
437,-92.21437,5
438,-36.6564,5
439,-44.97892,5
440,-19.064072,5
441,-51.79899,5
442,4.305432,5
443,-77.55267,5
444,-46.640366,5
445,-5.134067,5
446,-32.5532,5
447,74.38284,5
448,-26.363815,5
449,-83.1718,5
450,5.0107503,5
451,32.981518,5
452,-38.477955,5
453,25.037094,5
454,-73.1569,5
455,-4.237289,5
456,90.22193,5
457,72.04027,5
458,2.214945,5
459,-37.123444,5
460,-24.736004,5
461,10.512739,5
462,65.991455,5
463,69.18326,5
464,-41.946583,5
465,-29.987068,5
466,18.962126,5
467,17.355623,5
468,-8.91526,5
469,-31.708588,5
470,-51.265587,5
471,93.47648,5
472,31.889402,5
473,14.329559,5
474,46.04571,5
475,-56.38988,5
476,26.954178,5
477,-22.998785,5
478,-57.61354,5
479,-11.700884,5
480,-73.920815,6
481,26.983292,6
482,-47.121555,6
483,-18.397226,6
484,-51.55264,6
485,-39.37636,6
486,17.897324,6
487,-31.05636,6
488,20.45818,6
489,110.55028,6
490,24.425066,6
491,-67.099365,6
492,49.53324,6
493,-34.278355,6
494,46.132618,6
495,-2.4306753,6
496,-20.683935,6
497,-6.8616214,6
498,43.272873,6
499,102.67282,6
500,-36.195675,6
501,17.897282,6
502,-60.62167,6
503,31.40047,6
504,-78.04584,6
505,54.924114,6
506,73.08437,6
507,43.100056,6
508,38.1338,6
509,82.18162,6
510,49.96689,6
511,-43.14548,6
512,68.408035,6
513,-14.415916,6
514,-27.328564,6
515,-17.216713,6
516,-106.8589,6
517,-38.56017,6
518,-67.743866,6
519,-59.809956,6
520,-9.161491,6
521,-36.514908,6
522,57.33467,6
523,73.29915,6
524,133.9366,6
525,15.402166,6
526,25.355595,6
527,-14.682238,6
528,59.48351,6
529,-85.28325,6
530,-24.544146,6
531,-24.54932,6
532,85.54442,6
533,-81.57894,6
534,50.82266,6
535,-69.598724,6
536,106.86087,6
537,20.60692,6
538,-16.133865,6
539,26.887783,6
540,66.438644,6
541,-0.84818244,6
542,-21.341753,6
543,-99.37627,6
544,42.04182,6
545,-58.683853,6
546,-114.52458,6
547,59.343422,6
548,-35.528324,6
549,-39.72086,6
550,-33.890697,6
551,58.74643,6
552,-41.50191,6
553,-61.858807,6
554,34.501118,6
555,9.605917,6
556,-58.432148,6
557,78.52434,6
558,98.71929,6
559,-8.782774,6
560,-31.725761,7
561,-76.33519,7
562,-70.43388,7
563,-0.3470447,7
564,0.5001242,7
565,-37.67635,7
566,134.45134,7
567,-55.97011,7
568,6.3041005,7
569,-71.7874,7
570,82.29379,7
571,-77.15291,7
572,-43.95342,7
573,97.89303,7
574,-87.99438,7
575,2.9128764,7
576,13.324007,7
577,-10.639093,7
578,-60.966854,7
579,-27.798805,7
580,-60.28284,7
581,-49.7803,7
582,-25.887203,7
583,-14.893829,7
584,5.112393,7
585,20.493376,7
586,1.2074454,7
587,-15.5021,7
588,-50.074158,7
589,55.762257,7
590,136.56067,7
591,5.322244,7
592,38.768627,7
593,-48.069836,7
594,-12.993903,7
595,-67.38754,7
596,124.34935,7
597,-72.53256,7
598,51.78069,7
599,6.014443,7
600,82.925934,7
601,-93.829765,7
602,1.0744383,7
603,-58.663906,7
604,-46.529533,7
605,38.30973,7
606,-15.470377,7
607,98.21588,7
608,-48.80454,7
609,-34.09056,7
610,-81.977844,7
611,130.69154,7
612,62.94267,7
613,1.1313088,7
614,-27.950888,7
615,-26.49263,7
616,-18.138178,7
617,-26.116465,7
618,-61.02625,7
619,-0.84930015,7
620,-75.714005,7
621,-71.04039,7
622,7.1127295,7
623,-27.132137,7
624,-22.868263,7
625,85.45111,7
626,-50.895473,7
627,-53.54159,7
628,-63.109364,7
629,-48.91753,7
630,-51.72121,7
631,-38.7302,7
632,-18.696575,7
633,-30.056484,7
634,19.658043,7
635,-50.803852,7
636,18.505209,7
637,-25.414171,7
638,50.889618,7
639,-50.264957,7
640,-40.980637,8
641,-5.4675975,8
642,-48.252995,8
643,-93.343895,8
644,-97.99557,8
645,-58.047153,8
646,-75.25546,8
647,-48.696854,8
648,-53.078182,8
649,-49.059223,8
650,-86.99208,8
651,-58.30447,8
652,-53.848724,8
653,52.1559,8
654,-26.856285,8
655,-66.49222,8
656,-29.612246,8
657,-44.847515,8
658,-23.097326,8
659,13.8729725,8
660,5.277613,8
661,-50.165134,8
662,-81.76803,8
663,-28.02745,8
664,-94.209175,8
665,1.3502486,8
666,-75.60242,8
667,-49.632404,8
668,-66.49806,8
669,-87.93251,8
670,-43.272945,8
671,-69.29042,8
672,-37.484207,8
673,-62.234707,8
674,-94.84807,8
675,-130.88765,8
676,-7.1546016,8
677,-40.857655,8
678,-53.203,8
679,-32.050224,8
680,-52.845062,8
681,-44.684734,8
682,-31.767616,8
683,27.107424,8
684,-76.847946,8
685,-46.09747,8
686,9.401076,8
687,-62.336643,8
688,-33.987988,8
689,-58.845127,8
690,-65.74116,8
691,-38.74374,8
692,-41.80565,8
693,-76.94751,8
694,-57.50934,8
695,-89.38061,8
696,-28.31854,8
697,-100.03963,8
698,-73.3673,8
699,-17.364609,8
700,-88.35155,8
701,-82.93722,8
702,-57.44437,8
703,-44.52168,8
704,-100.675125,8
705,-67.880585,8
706,-61.083122,8
707,-66.547356,8
708,-55.557964,8
709,-108.246315,8
710,-47.959145,8
711,-78.09013,8
712,-74.03028,8
713,-71.854385,8
714,-50.224987,8
715,-116.78612,8
716,24.321304,8
717,-39.744656,8
718,-27.721022,8
719,-62.949036,8
720,-49.947544,9
721,-94.26,9
722,17.963615,9
723,-31.364784,9
724,-18.386484,9
725,-35.077343,9
726,-92.59082,9
727,7.7754035,9
728,-30.496119,9
729,-3.3990772,9
730,-17.57704,9
731,-54.06004,9
732,35.69518,9
733,2.247162,9
734,-55.532055,9
735,-89.51456,9
736,-43.83375,9
737,45.968468,9
738,-0.92997146,9
739,-58.211857,9
740,-11.002887,9
741,31.452835,9
742,51.846222,9
743,-42.834187,9
744,74.0524,9
745,37.98167,9
746,-26.49719,9
747,-22.87798,9
748,-68.99024,9
749,-64.461586,9
750,-45.961193,9
751,-3.7848756,9
752,2.3447201,9
753,-68.08116,9
754,49.25047,9
755,-11.26133,9
756,-51.614365,9
757,-45.337555,9
758,57.38574,9
759,-30.254473,9
760,-43.28819,9
761,-79.59111,9
762,38.448822,9
763,37.95531,9
764,-25.249645,9
765,-32.364902,9
766,-54.51369,9
767,33.997105,9
768,-59.012306,9
769,-36.33071,9
770,-32.434788,9
771,-66.53091,9
772,43.44754,9
773,-53.867405,9
774,-43.66086,9
775,-75.6062,9
776,-51.315186,9
777,-47.85278,9
778,68.44957,9
779,-35.608036,9
780,123.51245,9
781,28.857555,9
782,-82.81918,9
783,-57.64738,9
784,-17.541441,9
785,-29.813423,9
786,49.74631,9
787,-54.496387,9
788,-50.59631,9
789,-95.79423,9
790,3.945618,9
791,11.870199,9
792,-65.519966,9
793,-2.7358415,9
794,10.295952,9
795,-26.934835,9
796,14.749941,9
797,-82.135,9
798,-98.39697,9
799,-77.745155,9
