Image,Value,Label
0,239.90065,0
1,59.67799,0
2,73.16252,0
3,128.60216,0
4,77.32901,0
5,48.941414,0
6,107.40564,0
7,179.41559,0
8,137.74278,0
9,115.32771,0
10,113.75404,0
11,121.45781,0
12,176.34543,0
13,135.99666,0
14,149.97096,0
15,77.951294,0
16,90.64798,0
17,167.35765,0
18,123.92148,0
19,106.9879,0
20,209.92484,0
21,87.757095,0
22,158.42606,0
23,53.770313,0
24,254.88123,0
25,39.983418,0
26,154.80943,0
27,67.06943,0
28,168.1541,0
29,106.643845,0
30,80.822464,0
31,145.46065,0
32,128.16492,0
33,148.22583,0
34,164.77483,0
35,103.196594,0
36,71.3681,0
37,71.17558,0
38,105.760254,0
39,144.30388,0
40,130.66591,0
41,90.32176,0
42,176.00967,0
43,70.98338,0
44,76.70596,0
45,150.55943,0
46,136.83197,0
47,92.76079,0
48,58.346737,0
49,61.386272,0
50,103.18916,0
51,95.90625,0
52,53.482117,0
53,109.603134,0
54,137.09442,0
55,138.45778,0
56,109.185745,0
57,62.701603,0
58,152.47758,0
59,84.39259,0
60,108.277145,0
61,83.436844,0
62,92.030685,0
63,200.42197,0
64,104.20984,0
65,152.27502,0
66,99.08743,0
67,97.26764,0
68,90.56795,0
69,128.73875,0
70,184.35138,0
71,160.24284,0
72,112.92819,0
73,170.09116,0
74,109.22081,0
75,142.63237,0
76,134.29594,0
77,164.99657,0
78,208.14072,0
79,185.78185,0
80,17.495272,1
81,56.92649,1
82,32.70989,1
83,50.014286,1
84,11.736731,1
85,9.25732,1
86,43.195465,1
87,59.009598,1
88,42.425133,1
89,23.491234,1
90,26.209091,1
91,32.68201,1
92,44.655914,1
93,22.436003,1
94,36.432163,1
95,17.999832,1
96,27.085485,1
97,10.521885,1
98,28.278646,1
99,66.12854,1
100,67.0983,1
101,15.550505,1
102,22.738186,1
103,28.821756,1
104,14.052639,1
105,65.00189,1
106,30.430693,1
107,29.325655,1
108,12.008533,1
109,29.234486,1
110,25.395912,1
111,42.240788,1
112,35.448963,1
113,6.3323364,1
114,32.970127,1
115,19.831577,1
116,38.29475,1
117,32.014286,1
118,22.827938,1
119,14.780073,1
120,13.908369,1
121,45.94815,1
122,24.16418,1
123,22.204462,1
124,24.995308,1
125,18.545029,1
126,52.8607,1
127,17.291788,1
128,17.926962,1
129,22.622389,1
130,16.181347,1
131,22.649944,1
132,65.653946,1
133,25.253193,1
134,22.156069,1
135,11.504508,1
136,33.290768,1
137,22.858274,1
138,10.257751,1
139,51.087635,1
140,38.111412,1
141,23.169174,1
142,31.658676,1
143,3.6274014,1
144,25.318512,1
145,32.823086,1
146,21.932648,1
147,7.9120626,1
148,53.059586,1
149,14.0635,1
150,13.785952,1
151,28.476868,1
152,109.90999,1
153,8.502239,1
154,58.1604,1
155,12.129569,1
156,43.2935,1
157,10.628509,1
158,54.3741,1
159,37.441025,1
160,36.48412,2
161,214.59572,2
162,61.031513,2
163,113.29709,2
164,80.488205,2
165,173.90823,2
166,74.42885,2
167,128.85565,2
168,126.637436,2
169,134.44412,2
170,108.232864,2
171,195.299,2
172,135.65898,2
173,84.78734,2
174,52.120853,2
175,211.14946,2
176,118.97934,2
177,180.14638,2
178,147.14616,2
179,145.68474,2
180,23.57605,2
181,170.94139,2
182,196.41267,2
183,178.78578,2
184,63.193516,2
185,142.41762,2
186,109.01904,2
187,32.851658,2
188,72.14534,2
189,83.17879,2
190,70.27077,2
191,61.29096,2
192,160.54237,2
193,116.53313,2
194,59.449444,2
195,1.9670167,2
196,186.92035,2
197,51.398815,2
198,184.20517,2
199,212.58676,2
200,119.77414,2
201,105.90616,2
202,105.11748,2
203,205.3473,2
204,134.70775,2
205,99.48039,2
206,57.270947,2
207,212.75783,2
208,152.45226,2
209,142.61383,2
210,122.1407,2
211,230.5371,2
212,118.722824,2
213,123.40578,2
214,141.41087,2
215,136.44221,2
216,96.479904,2
217,43.639156,2
218,113.9225,2
219,212.39201,2
220,200.10022,2
221,258.95346,2
222,105.59674,2
223,40.670925,2
224,106.65694,2
225,156.874,2
226,287.38504,2
227,91.022995,2
228,102.24281,2
229,79.759445,2
230,130.15321,2
231,47.618935,2
232,115.36769,2
233,266.47357,2
234,86.30061,2
235,119.44972,2
236,108.63132,2
237,84.73813,2
238,71.87544,2
239,75.91051,2
240,50.251514,3
241,59.68547,3
242,32.101444,3
243,23.467087,3
244,42.40007,3
245,27.032993,3
246,38.74657,3
247,78.97299,3
248,123.69949,3
249,80.108795,3
250,60.85571,3
251,52.607327,3
252,21.990116,3
253,63.27107,3
254,49.19763,3
255,67.77966,3
256,60.519238,3
257,84.32399,3
258,80.13425,3
259,47.08257,3
260,45.621323,3
261,82.26683,3
262,111.277405,3
263,29.162247,3
264,109.46068,3
265,16.467949,3
266,91.53162,3
267,93.07124,3
268,123.31113,3
269,117.117325,3
270,71.33884,3
271,49.69717,3
272,79.202286,3
273,31.737488,3
274,28.448463,3
275,44.725224,3
276,88.404724,3
277,32.887012,3
278,73.81854,3
279,103.772705,3
280,110.875626,3
281,93.95654,3
282,87.50868,3
283,-37.736607,3
284,94.568054,3
285,72.29111,3
286,40.474262,3
287,23.837688,3
288,46.87741,3
289,115.552216,3
290,26.765368,3
291,83.97005,3
292,42.74791,3
293,89.87143,3
294,68.02341,3
295,123.24246,3
296,52.438118,3
297,87.61749,3
298,35.5695,3
299,75.12634,3
300,117.528275,3
301,4.4330807,3
302,26.924114,3
303,31.082281,3
304,50.010036,3
305,22.770525,3
306,36.34313,3
307,27.23099,3
308,43.13086,3
309,60.2429,3
310,95.94849,3
311,55.139576,3
312,69.58006,3
313,28.730106,3
314,88.55432,3
315,53.642437,3
316,49.625633,3
317,86.965256,3
318,79.480286,3
319,232.38939,3
320,64.606674,4
321,54.441036,4
322,20.060781,4
323,57.750866,4
324,60.814713,4
325,43.794132,4
326,15.651293,4
327,26.660875,4
328,55.23627,4
329,20.132671,4
330,44.205814,4
331,103.24577,4
332,53.942493,4
333,103.68933,4
334,22.296165,4
335,33.470974,4
336,34.469555,4
337,105.56113,4
338,15.915237,4
339,39.29163,4
340,116.86891,4
341,-3.6064148,4
342,58.324406,4
343,26.516537,4
344,38.4417,4
345,21.633968,4
346,19.50149,4
347,144.21376,4
348,33.318707,4
349,23.478617,4
350,22.542152,4
351,113.539215,4
352,25.129578,4
353,42.685917,4
354,173.35313,4
355,76.8799,4
356,115.56944,4
357,85.0065,4
358,48.068455,4
359,55.361084,4
360,23.757713,4
361,65.65134,4
362,80.43222,4
363,19.235641,4
364,65.30275,4
365,54.03293,4
366,129.32278,4
367,60.885777,4
368,-3.8427582,4
369,13.889376,4
370,72.728806,4
371,59.265305,4
372,27.717226,4
373,-3.2216053,4
374,90.537506,4
375,53.45539,4
376,69.99379,4
377,39.675465,4
378,37.44086,4
379,60.950047,4
380,52.60785,4
381,21.44442,4
382,22.264317,4
383,-15.107126,4
384,103.8139,4
385,20.727089,4
386,6.3203087,4
387,37.259403,4
388,46.90492,4
389,118.35863,4
390,111.01634,4
391,-0.8868408,4
392,42.166084,4
393,90.89374,4
394,46.9556,4
395,93.60315,4
396,56.664963,4
397,32.994343,4
398,52.45453,4
399,57.061047,4
400,105.30765,5
401,-20.87714,5
402,22.193111,5
403,25.574219,5
404,4.1613884,5
405,59.57571,5
406,31.082184,5
407,28.445694,5
408,-31.623325,5
409,105.93164,5
410,61.515503,5
411,-18.445702,5
412,30.669207,5
413,3.5449257,5
414,-6.984085,5
415,38.2292,5
416,168.60411,5
417,35.585094,5
418,68.74037,5
419,-6.5582886,5
420,-2.1610222,5
421,67.69035,5
422,78.99533,5
423,-26.567165,5
424,29.18853,5
425,61.34434,5
426,-15.843422,5
427,-19.261414,5
428,20.420502,5
429,14.107709,5
430,3.80472,5
431,13.007862,5
432,13.010567,5
433,94.412796,5
434,45.964863,5
435,15.225752,5
436,78.71718,5
437,11.718956,5
438,20.748417,5
439,116.10303,5
440,26.083601,5
441,27.343529,5
442,-1.0152111,5
443,17.140505,5
444,54.004185,5
445,3.4940586,5
446,3.7016792,5
447,67.81091,5
448,-30.985096,5
449,49.028828,5
450,11.331964,5
451,26.100742,5
452,-18.147106,5
453,57.242138,5
454,12.25655,5
455,5.306734,5
456,88.662796,5
457,-7.798665,5
458,-36.48085,5
459,4.1239815,5
460,-43.24241,5
461,16.467709,5
462,39.606922,5
463,52.817047,5
464,18.559109,5
465,-9.598262,5
466,17.629105,5
467,79.906586,5
468,4.7738476,5
469,-19.344036,5
470,-18.756239,5
471,52.782906,5
472,46.543186,5
473,43.61476,5
474,6.2874746,5
475,29.031076,5
476,16.176281,5
477,53.941414,5
478,71.480194,5
479,19.85607,5
480,36.442806,6
481,54.929398,6
482,6.0970173,6
483,73.17581,6
484,14.198938,6
485,57.01994,6
486,44.682674,6
487,90.73715,6
488,129.79965,6
489,176.84955,6
490,94.66989,6
491,26.622753,6
492,86.39563,6
493,-4.373169,6
494,83.725174,6
495,106.45941,6
496,102.47511,6
497,21.532478,6
498,84.465515,6
499,260.11026,6
500,22.678448,6
501,91.00775,6
502,11.383318,6
503,90.37132,6
504,37.834324,6
505,77.755554,6
506,130.12556,6
507,95.48053,6
508,49.1622,6
509,178.16508,6
510,89.52042,6
511,-0.70350075,6
512,134.01103,6
513,54.74116,6
514,62.64434,6
515,37.65904,6
516,57.38684,6
517,60.904305,6
518,59.717976,6
519,6.0782604,6
520,96.030075,6
521,21.839476,6
522,124.45633,6
523,62.463024,6
524,189.32054,6
525,37.94849,6
526,64.42607,6
527,34.425648,6
528,131.38264,6
529,32.572796,6
530,45.91202,6
531,108.27455,6
532,146.09903,6
533,20.981066,6
534,128.96402,6
535,81.731155,6
536,115.577194,6
537,13.325993,6
538,12.796471,6
539,78.02681,6
540,44.973827,6
541,47.636253,6
542,30.328129,6
543,76.04375,6
544,91.4763,6
545,45.619194,6
546,9.539482,6
547,92.418274,6
548,34.87466,6
549,39.46722,6
550,79.3739,6
551,114.68814,6
552,54.60008,6
553,62.12093,6
554,61.17967,6
555,51.741524,6
556,68.099625,6
557,220.55634,6
558,121.59848,6
559,75.53189,6
560,10.839869,7
561,-10.0439205,7
562,-13.251082,7
563,14.664955,7
564,1.1911201,7
565,-3.891489,7
566,31.212296,7
567,-37.931736,7
568,-21.84406,7
569,17.04893,7
570,81.54703,7
571,-21.658327,7
572,10.69396,7
573,46.22298,7
574,9.71583,7
575,1.7313943,7
576,9.390815,7
577,72.90953,7
578,-31.787176,7
579,35.784595,7
580,-8.8728695,7
581,-14.314468,7
582,-2.417634,7
583,22.533463,7
584,44.021523,7
585,9.800715,7
586,-21.388803,7
587,28.296452,7
588,-36.826187,7
589,27.180332,7
590,37.32103,7
591,3.4573116,7
592,-0.64048576,7
593,83.72316,7
594,-1.9038944,7
595,20.711632,7
596,20.965721,7
597,1.3107147,7
598,2.7108116,7
599,-29.882816,7
600,40.446117,7
601,-5.6887436,7
602,29.936092,7
603,-24.357862,7
604,-30.326141,7
605,-0.11766052,7
606,24.19973,7
607,40.516766,7
608,-25.853455,7
609,-23.347967,7
610,7.8517447,7
611,15.078854,7
612,17.127121,7
613,-11.416069,7
614,-13.528885,7
615,8.782099,7
616,-6.017289,7
617,12.84952,7
618,45.110477,7
619,17.853146,7
620,44.258705,7
621,-17.298258,7
622,-26.083824,7
623,17.066723,7
624,-12.118974,7
625,37.78268,7
626,26.223145,7
627,-30.393795,7
628,-16.901972,7
629,-18.268724,7
630,-34.11922,7
631,-4.9933558,7
632,-9.688286,7
633,4.8632507,7
634,13.977875,7
635,-25.79847,7
636,8.904785,7
637,-15.820163,7
638,99.41199,7
639,7.3001304,7
640,121.3797,8
641,30.346027,8
642,13.016228,8
643,48.926098,8
644,43.93111,8
645,10.555941,8
646,80.24513,8
647,19.270683,8
648,12.604374,8
649,-6.832613,8
650,6.8805847,8
651,31.52008,8
652,-9.913273,8
653,101.37166,8
654,19.237514,8
655,9.8740635,8
656,14.675001,8
657,7.6449604,8
658,10.485563,8
659,115.474365,8
660,58.688717,8
661,53.191593,8
662,16.229927,8
663,34.884926,8
664,94.26657,8
665,34.19119,8
666,44.26218,8
667,-11.369099,8
668,25.638128,8
669,-16.533329,8
670,27.607811,8
671,3.4514084,8
672,71.4357,8
673,31.483133,8
674,52.70525,8
675,5.9858475,8
676,4.612053,8
677,-26.76267,8
678,10.150455,8
679,14.456205,8
680,68.1317,8
681,21.541208,8
682,18.895847,8
683,37.426273,8
684,62.213314,8
685,-2.0816154,8
686,97.02518,8
687,50.657604,8
688,-10.471188,8
689,-21.74805,8
690,-33.265198,8
691,7.5929394,8
692,14.306349,8
693,18.180073,8
694,0.5886078,8
695,24.351734,8
696,74.657425,8
697,-16.249985,8
698,55.431316,8
699,-43.87558,8
700,32.677593,8
701,14.090839,8
702,20.658974,8
703,-25.561338,8
704,41.17309,8
705,35.13386,8
706,28.885153,8
707,54.039257,8
708,24.158466,8
709,-28.714859,8
710,34.450928,8
711,3.3686295,8
712,72.204636,8
713,23.341524,8
714,8.556175,8
715,16.265572,8
716,44.442364,8
717,33.600685,8
718,-1.8012962,8
719,8.4903965,8
720,-12.4824505,9
721,4.8013,9
722,62.140602,9
723,62.362484,9
724,9.106716,9
725,-17.405418,9
726,-3.5625858,9
727,38.26386,9
728,4.9698486,9
729,50.694576,9
730,36.236553,9
731,-51.894283,9
732,68.368744,9
733,22.483004,9
734,-32.376415,9
735,4.166275,9
736,-1.8473063,9
737,21.939812,9
738,32.640247,9
739,28.983997,9
740,12.608645,9
741,10.092063,9
742,94.87166,9
743,-5.5858803,9
744,101.89319,9
745,96.96312,9
746,-0.9350319,9
747,-1.2564964,9
748,-30.189037,9
749,-8.031221,9
750,19.648756,9
751,14.197182,9
752,58.57034,9
753,-10.906639,9
754,6.78434,9
755,14.52402,9
756,2.6288738,9
757,2.1003008,9
758,87.24153,9
759,-2.0231323,9
760,24.972534,9
761,-22.594046,9
762,62.923252,9
763,-1.3103313,9
764,56.437603,9
765,43.589516,9
766,-8.26441,9
767,7.809822,9
768,-43.295086,9
769,37.244835,9
770,-4.2401657,9
771,-42.948616,9
772,68.114746,9
773,-28.723444,9
774,-7.29377,9
775,-37.77148,9
776,-14.313641,9
777,-37.70547,9
778,75.568756,9
779,-6.3095856,9
780,79.777176,9
781,78.76631,9
782,5.4615536,9
783,14.870874,9
784,31.171722,9
785,27.680775,9
786,126.578384,9
787,-22.790617,9
788,-20.170298,9
789,-46.4519,9
790,48.3218,9
791,76.11459,9
792,-10.700344,9
793,50.056355,9
794,15.826281,9
795,-16.184135,9
796,13.2756195,9
797,-21.85174,9
798,-35.21971,9
799,-2.5344677,9
