Image,Value,Label
0,-98.7726,0
1,-10.563719,0
2,-29.97936,0
3,-128.55782,0
4,-22.48516,0
5,-43.452507,0
6,-34.29604,0
7,-91.42421,0
8,-50.772446,0
9,-31.239231,0
10,14.753109,0
11,-53.175835,0
12,-137.04288,0
13,-83.025314,0
14,-43.154602,0
15,-18.964485,0
16,-20.342506,0
17,-112.40695,0
18,-89.71274,0
19,-68.43285,0
20,-108.95784,0
21,-44.42125,0
22,-141.55893,0
23,-39.921806,0
24,-117.6508,0
25,-3.799568,0
26,-56.732605,0
27,-24.728645,0
28,-107.53531,0
29,-16.768112,0
30,-17.123802,0
31,-84.304985,0
32,-44.94355,0
33,-101.03736,0
34,-113.69377,0
35,-55.88914,0
36,-35.839714,0
37,-33.35865,0
38,-61.322014,0
39,-15.890808,0
40,-62.261,0
41,-80.276985,0
42,-64.5253,0
43,-16.511112,0
44,-46.342064,0
45,-115.46105,0
46,-57.250668,0
47,-52.33444,0
48,7.7795944,0
49,-8.953991,0
50,-54.658024,0
51,-51.678978,0
52,-35.86952,0
53,-35.93838,0
54,-48.767384,0
55,-84.76256,0
56,-63.19348,0
57,-6.9960995,0
58,-158.64632,0
59,27.865822,0
60,-45.10033,0
61,-65.05916,0
62,-61.73382,0
63,-150.26772,0
64,-45.0072,0
65,-164.91092,0
66,-65.46258,0
67,-66.78935,0
68,-34.75342,0
69,-80.558205,0
70,-161.29886,0
71,-92.05756,0
72,-96.43539,0
73,-88.29527,0
74,-81.75346,0
75,-78.99521,0
76,-45.897137,0
77,-95.86818,0
78,-32.669678,0
79,-83.20986,0
80,71.39203,1
81,42.9791,1
82,71.49308,1
83,83.41724,1
84,68.40754,1
85,75.72879,1
86,72.82742,1
87,74.54547,1
88,71.79043,1
89,57.50981,1
90,60.80687,1
91,65.038734,1
92,64.31836,1
93,61.463425,1
94,45.65262,1
95,61.95826,1
96,69.00807,1
97,57.587074,1
98,59.003548,1
99,67.3259,1
100,66.22743,1
101,71.4593,1
102,57.21139,1
103,62.824905,1
104,68.09289,1
105,66.70737,1
106,67.17549,1
107,67.72659,1
108,68.99931,1
109,50.43788,1
110,61.46553,1
111,70.976265,1
112,62.391884,1
113,65.05818,1
114,65.80516,1
115,59.15968,1
116,65.73628,1
117,63.377716,1
118,63.95752,1
119,61.669605,1
120,63.48439,1
121,70.57087,1
122,57.167908,1
123,73.565285,1
124,54.447983,1
125,66.860245,1
126,59.856907,1
127,62.464493,1
128,66.38828,1
129,74.31833,1
130,57.559967,1
131,68.17247,1
132,43.091385,1
133,62.528778,1
134,60.633858,1
135,63.371758,1
136,59.84349,1
137,61.738914,1
138,76.991585,1
139,72.535324,1
140,69.61282,1
141,67.91039,1
142,67.02925,1
143,74.50251,1
144,57.272667,1
145,54.537834,1
146,62.86161,1
147,72.12906,1
148,71.46458,1
149,68.84288,1
150,74.676186,1
151,69.65413,1
152,36.47896,1
153,74.69548,1
154,65.068726,1
155,68.87523,1
156,41.649742,1
157,70.7023,1
158,71.25954,1
159,69.809875,1
160,33.633507,2
161,-35.515434,2
162,-2.774536,2
163,11.682352,2
164,-0.21044901,2
165,-54.69567,2
166,9.63504,2
167,0.7552301,2
168,10.087883,2
169,-25.961948,2
170,-39.42575,2
171,-22.724125,2
172,13.267357,2
173,13.048214,2
174,-19.830862,2
175,-31.427208,2
176,-14.453079,2
177,-53.283096,2
178,-32.992508,2
179,0.0012972038,2
180,15.96736,2
181,-60.88669,2
182,-79.757484,2
183,-22.378433,2
184,32.97028,2
185,20.733856,2
186,-93.745926,2
187,-4.376053,2
188,-12.69997,2
189,7.7579536,2
190,12.170849,2
191,1.7645113,2
192,-74.29564,2
193,5.9783783,2
194,13.120689,2
195,28.83527,2
196,-47.021393,2
197,6.521721,2
198,-5.9443054,2
199,-81.09682,2
200,2.7226412,2
201,37.187393,2
202,-42.520805,2
203,-23.386658,2
204,-29.25615,2
205,-13.435043,2
206,-2.9281938,2
207,-100.99048,2
208,-6.4473305,2
209,-55.834915,2
210,-50.76523,2
211,-76.73286,2
212,-74.97281,2
213,-47.201164,2
214,-78.559875,2
215,-72.37516,2
216,31.96914,2
217,30.862225,2
218,7.1938972,2
219,-79.68924,2
220,-92.7588,2
221,-94.32143,2
222,14.430656,2
223,38.775322,2
224,21.059582,2
225,-27.654839,2
226,-63.768585,2
227,-0.9187849,2
228,32.41588,2
229,0.16350576,2
230,-44.02471,2
231,-63.217323,2
232,-14.47673,2
233,-24.491844,2
234,-38.82197,2
235,-67.73729,2
236,22.883076,2
237,27.222984,2
238,-17.611,2
239,-10.635803,2
240,90.68121,3
241,57.039055,3
242,54.405594,3
243,15.937962,3
244,32.766666,3
245,46.37654,3
246,18.94833,3
247,46.372574,3
248,85.38218,3
249,52.296814,3
250,80.318726,3
251,83.80063,3
252,38.516502,3
253,68.953896,3
254,52.721462,3
255,23.180862,3
256,41.66377,3
257,60.852234,3
258,66.107864,3
259,17.5457,3
260,20.269138,3
261,66.66042,3
262,59.152996,3
263,52.75309,3
264,7.9831924,3
265,27.065735,3
266,79.549805,3
267,68.11199,3
268,-49.408737,3
269,39.85372,3
270,53.691616,3
271,42.05909,3
272,58.90779,3
273,49.281124,3
274,24.963757,3
275,26.014713,3
276,60.93692,3
277,69.796036,3
278,19.449703,3
279,33.405224,3
280,65.112946,3
281,63.043518,3
282,36.763813,3
283,24.589745,3
284,27.781776,3
285,47.911,3
286,21.066742,3
287,21.344471,3
288,54.22927,3
289,-82.16954,3
290,57.684303,3
291,33.685738,3
292,45.7762,3
293,26.50383,3
294,50.518253,3
295,-26.88047,3
296,39.021164,3
297,60.73539,3
298,77.68438,3
299,-2.5873106,3
300,60.743507,3
301,47.73807,3
302,44.408394,3
303,43.26128,3
304,59.8281,3
305,54.711548,3
306,55.752953,3
307,46.952843,3
308,44.012573,3
309,34.57541,3
310,13.512741,3
311,88.64238,3
312,45.27778,3
313,34.275208,3
314,70.65286,3
315,66.11727,3
316,50.07787,3
317,49.94046,3
318,90.91382,3
319,-27.421608,3
320,-118.67056,4
321,-34.717857,4
322,-24.15963,4
323,-59.388596,4
324,-91.78064,4
325,-56.830357,4
326,-27.254356,4
327,-0.6790808,4
328,-37.466885,4
329,-30.831728,4
330,-33.060833,4
331,-65.00702,4
332,-43.491997,4
333,-56.631077,4
334,-5.2325897,4
335,-28.51749,4
336,-21.767529,4
337,-93.559235,4
338,3.5708811,4
339,-37.750336,4
340,-122.65046,4
341,16.449095,4
342,-70.9984,4
343,-38.704468,4
344,-33.14194,4
345,-0.40600947,4
346,-39.00959,4
347,-138.08356,4
348,-0.47385004,4
349,-56.873306,4
350,-23.024612,4
351,-97.55435,4
352,-50.209717,4
353,-61.90828,4
354,-124.43242,4
355,-75.827034,4
356,-74.96744,4
357,-65.86606,4
358,-85.90491,4
359,-12.164959,4
360,-19.99628,4
361,-70.953125,4
362,-40.710938,4
363,-20.907682,4
364,-80.436195,4
365,-39.336193,4
366,-106.71369,4
367,-43.709373,4
368,-15.535561,4
369,-7.5016556,4
370,-51.183475,4
371,-67.979004,4
372,-20.688221,4
373,50.19732,4
374,-66.034775,4
375,-16.062168,4
376,-65.82977,4
377,-12.093891,4
378,-62.791344,4
379,-104.83008,4
380,-54.885963,4
381,-24.324493,4
382,-27.442986,4
383,29.30798,4
384,-81.86189,4
385,-20.191877,4
386,7.722374,4
387,-40.921616,4
388,-71.78288,4
389,-146.31097,4
390,-61.73779,4
391,15.941204,4
392,-11.238632,4
393,-60.4995,4
394,-7.3415604,4
395,-48.394608,4
396,-55.85894,4
397,-25.521475,4
398,-80.702965,4
399,-66.64491,4
400,-9.85516,5
401,10.892403,5
402,-10.669323,5
403,-58.96596,5
404,-7.6116877,5
405,-12.763777,5
406,-47.69558,5
407,-7.3209877,5
408,-31.799026,5
409,-51.937515,5
410,-49.28021,5
411,43.21372,5
412,-10.960285,5
413,30.363567,5
414,-0.09231356,5
415,-3.9365537,5
416,-54.038174,5
417,-16.733112,5
418,-0.6441763,5
419,33.89431,5
420,-67.81691,5
421,-8.725029,5
422,-61.017853,5
423,-22.328655,5
424,7.359108,5
425,-19.889835,5
426,29.246243,5
427,-0.5661009,5
428,42.836205,5
429,24.492872,5
430,-15.288485,5
431,30.698084,5
432,-74.233185,5
433,-30.615276,5
434,24.949717,5
435,-45.06571,5
436,0.5024454,5
437,27.720238,5
438,-52.785484,5
439,-82.706276,5
440,-27.03817,5
441,-48.071842,5
442,-4.216488,5
443,53.657654,5
444,14.552856,5
445,-23.73058,5
446,-31.397179,5
447,9.797752,5
448,-47.68129,5
449,-24.218813,5
450,-29.956696,5
451,4.900856,5
452,-8.380325,5
453,-0.43636683,5
454,-26.825264,5
455,-52.152794,5
456,-80.66184,5
457,8.871359,5
458,-5.9751053,5
459,-15.533417,5
460,-19.662231,5
461,32.264263,5
462,49.90986,5
463,-32.04769,5
464,2.0944598,5
465,14.188524,5
466,-49.900993,5
467,-47.17415,5
468,16.992804,5
469,12.89576,5
470,-0.17966059,5
471,22.583271,5
472,-1.4511182,5
473,-113.43107,5
474,1.0252478,5
475,-9.99888,5
476,6.6406765,5
477,2.483744,5
478,-94.08245,5
479,-18.095522,5
480,-15.756443,6
481,-44.079353,6
482,-54.33695,6
483,-61.00568,6
484,-2.57888,6
485,-75.76811,6
486,-99.76538,6
487,-106.1669,6
488,-106.56813,6
489,-100.84947,6
490,-81.86641,6
491,-17.850311,6
492,-67.056,6
493,-62.01231,6
494,-75.97567,6
495,-106.62549,6
496,-85.47241,6
497,-68.06929,6
498,-68.00887,6
499,-151.07019,6
500,-63.381603,6
501,-81.62512,6
502,-13.7378235,6
503,-62.656197,6
504,-36.01583,6
505,-88.01286,6
506,-114.89875,6
507,-98.506645,6
508,-55.27394,6
509,-138.40663,6
510,-114.0035,6
511,-88.73805,6
512,-92.051,6
513,-94.746605,6
514,-55.587936,6
515,-79.30534,6
516,-50.940285,6
517,-32.184284,6
518,-22.706127,6
519,15.270308,6
520,-90.20883,6
521,-42.890472,6
522,-104.126465,6
523,-47.87439,6
524,-141.32703,6
525,-58.67492,6
526,-87.200775,6
527,-68.75589,6
528,-93.63136,6
529,-24.330486,6
530,-45.045044,6
531,-105.55029,6
532,-156.7247,6
533,19.687737,6
534,-119.725075,6
535,-90.719925,6
536,-84.756775,6
537,-58.33302,6
538,-24.17042,6
539,-61.08288,6
540,-79.293655,6
541,-34.094883,6
542,-17.013004,6
543,-45.351696,6
544,-101.38609,6
545,-3.3404825,6
546,-61.193943,6
547,-111.6068,6
548,-74.36693,6
549,-48.108074,6
550,-102.91782,6
551,-96.96412,6
552,-33.534985,6
553,-67.71797,6
554,-106.39621,6
555,-70.17718,6
556,-34.417393,6
557,-104.88943,6
558,-129.28981,6
559,-68.23633,6
560,-0.9435881,7
561,40.06198,7
562,28.741999,7
563,-35.631554,7
564,-38.53235,7
565,-22.546099,7
566,-87.926094,7
567,-0.14728144,7
568,-41.56779,7
569,-1.9943616,7
570,-91.33642,7
571,-4.5259886,7
572,-13.330505,7
573,-69.43818,7
574,-17.403397,7
575,-36.42012,7
576,-57.25766,7
577,4.723919,7
578,9.530769,7
579,-14.955498,7
580,35.959473,7
581,21.705406,7
582,-3.8024404,7
583,-13.76819,7
584,-12.518137,7
585,-23.251747,7
586,-23.331486,7
587,-13.290735,7
588,12.8276,7
589,-49.63775,7
590,-89.52736,7
591,-15.922136,7
592,-47.248432,7
593,-55.510674,7
594,-17.029348,7
595,-49.671783,7
596,-55.82802,7
597,-64.609604,7
598,-52.34893,7
599,-59.380142,7
600,-79.72688,7
601,45.44702,7
602,-72.5884,7
603,11.311523,7
604,-0.10251978,7
605,-41.238876,7
606,-25.42345,7
607,-58.45482,7
608,-0.5175455,7
609,20.893154,7
610,-17.893543,7
611,-37.871616,7
612,-17.324383,7
613,-36.47748,7
614,-9.314526,7
615,13.367308,7
616,-44.300713,7
617,-41.215935,7
618,17.636086,7
619,-60.156784,7
620,20.991508,7
621,5.5849533,7
622,-45.6493,7
623,-39.69518,7
624,41.284462,7
625,-48.4662,7
626,15.056515,7
627,-2.7938874,7
628,17.682423,7
629,-8.710865,7
630,-31.816721,7
631,36.31758,7
632,-4.352524,7
633,13.353729,7
634,-19.865461,7
635,-18.1989,7
636,-48.151367,7
637,-19.693756,7
638,-30.270668,7
639,2.1835558,7
640,-116.18632,8
641,-6.706274,8
642,-14.643082,8
643,3.1596034,8
644,-30.873085,8
645,9.8635025,8
646,-18.46307,8
647,10.790194,8
648,-18.846863,8
649,-5.2476025,8
650,-11.223207,8
651,-4.1351357,8
652,-41.172386,8
653,-114.997894,8
654,-54.010406,8
655,-16.931551,8
656,3.191563,8
657,-12.137701,8
658,2.8518727,8
659,-192.36908,8
660,-21.446556,8
661,-48.76509,8
662,-2.4286144,8
663,-45.216587,8
664,-91.99556,8
665,-22.90443,8
666,-91.36984,8
667,7.004033,8
668,-6.68305,8
669,-46.126335,8
670,-31.062023,8
671,22.776485,8
672,-31.785583,8
673,-65.67366,8
674,23.214317,8
675,-0.13467577,8
676,-57.36466,8
677,-64.826645,8
678,-20.497826,8
679,-21.344223,8
680,-39.863647,8
681,-10.705473,8
682,-18.762756,8
683,-35.929867,8
684,43.53636,8
685,-34.943424,8
686,-6.551502,8
687,-93.05267,8
688,-2.7069166,8
689,-24.46273,8
690,-48.08223,8
691,-38.89469,8
692,-17.34699,8
693,-52.977074,8
694,-28.662815,8
695,8.461802,8
696,-50.152397,8
697,30.667488,8
698,-1.2144945,8
699,-50.73443,8
700,-28.02686,8
701,-16.226149,8
702,-7.0856953,8
703,0.9793436,8
704,-0.7429655,8
705,-46.32033,8
706,-68.13663,8
707,6.159113,8
708,25.831303,8
709,-2.3474195,8
710,2.9564745,8
711,17.716373,8
712,-16.552681,8
713,-8.863621,8
714,7.911912,8
715,13.364672,8
716,-58.661156,8
717,-13.561508,8
718,-32.6749,8
719,5.075243,8
720,-18.659754,9
721,-2.8410833,9
722,-130.35976,9
723,-96.2434,9
724,-88.01107,9
725,-5.1356096,9
726,17.684723,9
727,-78.985275,9
728,-67.83711,9
729,-138.95259,9
730,-113.039055,9
731,-23.690184,9
732,-77.38413,9
733,-60.04618,9
734,-3.261871,9
735,28.832117,9
736,-47.89858,9
737,-102.61902,9
738,-118.97385,9
739,-41.821564,9
740,-49.945557,9
741,-116.41722,9
742,-61.4153,9
743,-61.166092,9
744,-136.19037,9
745,-129.77345,9
746,-15.004419,9
747,-26.662182,9
748,45.34951,9
749,3.900328,9
750,-72.280685,9
751,-38.90298,9
752,-70.392914,9
753,-0.6359213,9
754,-37.62665,9
755,-26.41547,9
756,-54.00743,9
757,-26.237806,9
758,-179.15121,9
759,-23.945015,9
760,-1.2280176,9
761,-66.21459,9
762,-107.61185,9
763,-10.5035,9
764,-99.57439,9
765,-93.620926,9
766,-22.274027,9
767,-71.69641,9
768,9.078446,9
769,-2.5879972,9
770,-8.412487,9
771,15.387144,9
772,-91.90371,9
773,-16.032684,9
774,-4.039567,9
775,2.7449458,9
776,-38.59735,9
777,-12.981133,9
778,-89.093216,9
779,-38.013855,9
780,-96.928566,9
781,-130.26077,9
782,-22.687813,9
783,14.19433,9
784,-83.76358,9
785,-53.517227,9
786,-96.604645,9
787,-6.636387,9
788,-28.81521,9
789,-4.61619,9
790,-114.671455,9
791,-104.09397,9
792,-31.831656,9
793,-101.092285,9
794,-103.93957,9
795,-73.63309,9
796,-70.73346,9
797,12.034171,9
798,-24.478386,9
799,29.937206,9
