Image,Value,Label
0,-159.77188,0
1,-49.85239,0
2,-105.9916,0
3,-115.014015,0
4,-117.98609,0
5,-101.74065,0
6,-108.48768,0
7,-128.83032,0
8,-121.90489,0
9,-93.85755,0
10,-85.30868,0
11,-103.56692,0
12,-192.81947,0
13,-116.73943,0
14,-122.410065,0
15,-104.33693,0
16,-84.8929,0
17,-129.78363,0
18,-145.50449,0
19,-99.59278,0
20,-177.72118,0
21,-103.81612,0
22,-94.67501,0
23,-92.09624,0
24,-118.762215,0
25,-42.998432,0
26,-108.27386,0
27,-92.85256,0
28,-126.45075,0
29,-75.54261,0
30,-128.37753,0
31,-93.107994,0
32,-83.19549,0
33,-83.92339,0
34,-128.83244,0
35,-125.0485,0
36,-94.655525,0
37,-96.738594,0
38,-124.07325,0
39,-65.79377,0
40,-102.04526,0
41,-133.44684,0
42,-208.78561,0
43,-84.288414,0
44,-103.78731,0
45,-90.11317,0
46,-112.70266,0
47,-126.57021,0
48,-48.697643,0
49,-50.164906,0
50,-101.72971,0
51,-104.94665,0
52,-66.62969,0
53,-106.80966,0
54,-126.62725,0
55,-110.571556,0
56,-137.5075,0
57,-48.4444,0
58,-166.78786,0
59,-96.697014,0
60,-111.50424,0
61,-85.288925,0
62,-93.60448,0
63,-116.058754,0
64,-100.50976,0
65,-141.9695,0
66,-117.175644,0
67,-98.71156,0
68,-70.93833,0
69,-104.04563,0
70,-105.201225,0
71,-134.39226,0
72,-155.61745,0
73,-151.01233,0
74,-131.37563,0
75,-83.329544,0
76,-93.70988,0
77,-194.46141,0
78,-78.52323,0
79,-141.97018,0
80,-15.621951,1
81,-19.298168,1
82,-49.877903,1
83,-53.885002,1
84,-29.813358,1
85,-4.2636366,1
86,-30.668362,1
87,-43.753788,1
88,-49.59815,1
89,-50.00089,1
90,-36.86205,1
91,-25.478786,1
92,-45.49929,1
93,-28.30558,1
94,-48.848965,1
95,-25.041592,1
96,-62.68613,1
97,-20.77834,1
98,-14.80704,1
99,-49.896503,1
100,-47.36385,1
101,-23.014149,1
102,-59.84766,1
103,-24.423687,1
104,-14.29507,1
105,-49.7921,1
106,-60.776142,1
107,-46.967617,1
108,-18.757008,1
109,-20.41586,1
110,-63.062412,1
111,-37.824383,1
112,-27.180862,1
113,-26.689312,1
114,-37.00373,1
115,-23.562984,1
116,-57.091244,1
117,-25.645283,1
118,-32.096954,1
119,-24.911457,1
120,-20.137676,1
121,-37.289177,1
122,-35.66981,1
123,-13.585261,1
124,-21.428242,1
125,-14.682071,1
126,-70.631905,1
127,-14.066813,1
128,-39.61607,1
129,-34.690525,1
130,-44.23638,1
131,-30.721813,1
132,-41.002068,1
133,-20.305965,1
134,-18.287128,1
135,-16.569729,1
136,-6.874339,1
137,-9.474711,1
138,-32.61851,1
139,-57.27196,1
140,-43.919373,1
141,-41.14768,1
142,-54.18295,1
143,-24.602833,1
144,-46.67229,1
145,-41.45535,1
146,-13.566058,1
147,-21.305187,1
148,-58.97199,1
149,-62.957478,1
150,-35.757183,1
151,-80.11833,1
152,-107.085815,1
153,-31.639614,1
154,-64.503456,1
155,-27.786388,1
156,-103.032524,1
157,-21.096512,1
158,-34.003307,1
159,-52.932255,1
160,-61.853172,2
161,-95.94948,2
162,-53.629715,2
163,-130.6311,2
164,-98.83345,2
165,-127.56977,2
166,-45.206486,2
167,-144.50165,2
168,-39.59992,2
169,-87.32548,2
170,-63.788296,2
171,-89.6888,2
172,-37.939983,2
173,-74.145676,2
174,-93.59051,2
175,-137.09923,2
176,-32.866558,2
177,-51.92011,2
178,-56.936367,2
179,-91.94081,2
180,-4.0252943,2
181,-117.27061,2
182,-124.758415,2
183,-107.84138,2
184,-36.480072,2
185,-139.68736,2
186,-64.23669,2
187,-57.616848,2
188,-30.149792,2
189,-34.038467,2
190,-26.027012,2
191,-66.61387,2
192,-77.052414,2
193,-150.68753,2
194,-51.17261,2
195,-21.297283,2
196,-106.48048,2
197,-76.45304,2
198,-79.742584,2
199,-156.7934,2
200,-79.143745,2
201,-152.99107,2
202,-5.6227827,2
203,-159.52068,2
204,-66.64789,2
205,-43.980453,2
206,-82.4538,2
207,-119.597496,2
208,-80.78663,2
209,-148.87494,2
210,-84.96276,2
211,-108.33405,2
212,-161.92305,2
213,-92.18253,2
214,-64.40123,2
215,-69.84478,2
216,-74.30859,2
217,-17.263966,2
218,-102.44206,2
219,-189.42668,2
220,-124.622284,2
221,-147.64693,2
222,-111.746796,2
223,-69.56475,2
224,-61.94431,2
225,-167.5304,2
226,-165.19702,2
227,-83.16749,2
228,-50.54407,2
229,-107.4976,2
230,-88.14079,2
231,-71.53194,2
232,-47.43427,2
233,-223.71191,2
234,-100.50786,2
235,-88.045975,2
236,-73.227036,2
237,-103.66588,2
238,-44.0514,2
239,-64.09363,2
240,-120.55308,3
241,-95.66967,3
242,-69.403694,3
243,-43.468616,3
244,-115.31392,3
245,-91.37048,3
246,-138.49678,3
247,-68.57639,3
248,-122.56479,3
249,-75.793335,3
250,-89.7071,3
251,-78.39674,3
252,-119.78858,3
253,-89.37309,3
254,-61.91389,3
255,-108.24468,3
256,-52.307766,3
257,-100.937805,3
258,-99.96832,3
259,-152.53467,3
260,-101.22131,3
261,-92.773384,3
262,-113.23816,3
263,-98.33981,3
264,-112.90806,3
265,-63.311665,3
266,-108.77788,3
267,-91.92404,3
268,-123.15348,3
269,-92.081505,3
270,-72.0499,3
271,-78.793755,3
272,-100.20677,3
273,-73.64069,3
274,-106.97498,3
275,-81.44323,3
276,-85.381294,3
277,-59.479023,3
278,-108.97223,3
279,-86.80793,3
280,-67.07967,3
281,-124.39878,3
282,-98.33256,3
283,-61.388233,3
284,-63.941814,3
285,-82.45329,3
286,-94.21693,3
287,-142.52153,3
288,-119.179726,3
289,-89.7189,3
290,-99.801254,3
291,-109.500786,3
292,-90.20324,3
293,-113.69311,3
294,-112.3977,3
295,-61.48389,3
296,-112.44409,3
297,-109.650215,3
298,-53.973347,3
299,-124.51281,3
300,-163.28955,3
301,-121.06624,3
302,-49.41247,3
303,-65.950516,3
304,-24.317196,3
305,-75.24857,3
306,-96.66529,3
307,-41.778114,3
308,-79.07882,3
309,-141.31065,3
310,-215.04909,3
311,-52.73824,3
312,-92.421906,3
313,-56.643345,3
314,-79.28237,3
315,-110.678856,3
316,-49.91209,3
317,-77.484665,3
318,-97.2811,3
319,-136.77982,3
320,-68.0203,4
321,-42.514706,4
322,-59.50868,4
323,-49.075474,4
324,-87.80394,4
325,-67.56664,4
326,-40.478977,4
327,-56.95599,4
328,-94.89401,4
329,-25.613903,4
330,-69.38885,4
331,-35.825916,4
332,-62.797634,4
333,-66.806,4
334,-48.9835,4
335,-28.112492,4
336,-52.324574,4
337,-105.669815,4
338,-77.316376,4
339,-39.741352,4
340,-119.99756,4
341,-33.112392,4
342,-101.88908,4
343,-38.900356,4
344,-61.391087,4
345,-47.867016,4
346,-45.293766,4
347,-81.48716,4
348,-57.369682,4
349,-47.600513,4
350,-57.161823,4
351,-49.124035,4
352,-102.63978,4
353,-48.860317,4
354,-73.66416,4
355,-72.623634,4
356,-90.461555,4
357,-44.10649,4
358,-43.527855,4
359,-39.676186,4
360,-62.372555,4
361,-69.46629,4
362,-49.024357,4
363,-27.187809,4
364,-51.7004,4
365,-64.300606,4
366,-93.232765,4
367,-61.949528,4
368,-59.95194,4
369,-25.754189,4
370,-50.86977,4
371,-58.47761,4
372,-23.488598,4
373,-8.699569,4
374,-113.807014,4
375,-52.540783,4
376,-20.624794,4
377,-40.189785,4
378,-92.55263,4
379,-54.894566,4
380,-68.59669,4
381,-49.349598,4
382,-42.806232,4
383,-26.50436,4
384,-68.35108,4
385,-46.260967,4
386,-34.586864,4
387,-70.48766,4
388,-25.730946,4
389,-81.19404,4
390,-56.41589,4
391,-30.164242,4
392,-38.078587,4
393,-60.61655,4
394,-18.915222,4
395,-80.996574,4
396,-88.29034,4
397,-48.928932,4
398,-90.00571,4
399,-56.055714,4
400,-70.4353,5
401,-80.264946,5
402,-106.82929,5
403,-54.401466,5
404,-115.19703,5
405,-111.38269,5
406,-107.53042,5
407,-126.306404,5
408,-122.64014,5
409,-78.06949,5
410,-122.40044,5
411,-110.8248,5
412,-27.492012,5
413,-70.937904,5
414,-125.64651,5
415,-82.32181,5
416,-96.5628,5
417,-101.63186,5
418,-84.31416,5
419,-85.83692,5
420,-146.46039,5
421,-141.0382,5
422,-166.12062,5
423,-138.20789,5
424,-59.301548,5
425,-69.596344,5
426,-83.121956,5
427,-175.4389,5
428,-105.81754,5
429,-87.43224,5
430,-135.77187,5
431,-82.76676,5
432,-121.37919,5
433,-98.95462,5
434,-106.37209,5
435,-113.037285,5
436,-72.672554,5
437,-93.08918,5
438,-82.688805,5
439,-83.866234,5
440,-80.53084,5
441,-152.36533,5
442,-136.33719,5
443,-76.77587,5
444,-94.637764,5
445,-104.963875,5
446,-111.40559,5
447,-54.463505,5
448,-134.99428,5
449,-74.49458,5
450,-68.739716,5
451,-25.089748,5
452,-67.662125,5
453,-99.750984,5
454,-40.365345,5
455,-80.26584,5
456,-137.99277,5
457,-82.40303,5
458,-52.779522,5
459,-100.628746,5
460,-41.681194,5
461,-110.0302,5
462,-91.91245,5
463,-99.1015,5
464,-94.97911,5
465,-54.11714,5
466,-167.24518,5
467,-101.79729,5
468,-84.41306,5
469,-146.21638,5
470,-87.93395,5
471,-96.71018,5
472,-145.68956,5
473,-97.178604,5
474,-84.0783,5
475,-89.988945,5
476,-118.13047,5
477,-69.601456,5
478,-66.202255,5
479,-117.36434,5
480,-73.30714,6
481,-80.68129,6
482,-115.88833,6
483,-84.30747,6
484,-61.01646,6
485,-115.89405,6
486,-143.06496,6
487,-165.083,6
488,-139.62593,6
489,-97.00102,6
490,-62.64552,6
491,-79.42904,6
492,-7.608073,6
493,-107.3946,6
494,-60.177464,6
495,-84.4821,6
496,-84.049225,6
497,-139.27129,6
498,-73.049706,6
499,-149.29063,6
500,-91.44217,6
501,-77.77347,6
502,-105.40374,6
503,-64.16618,6
504,-99.2143,6
505,-144.54329,6
506,-77.56467,6
507,-57.750652,6
508,-82.69387,6
509,-121.945816,6
510,-95.84498,6
511,-130.19783,6
512,-125.5514,6
513,-137.72566,6
514,-57.20793,6
515,-58.04074,6
516,-73.27033,6
517,-54.29549,6
518,-73.36522,6
519,-75.09821,6
520,-121.59786,6
521,-97.22698,6
522,-118.313515,6
523,-94.20679,6
524,-58.60896,6
525,-78.58822,6
526,-89.32218,6
527,-92.70372,6
528,-127.15164,6
529,-97.70668,6
530,-34.68345,6
531,-57.97732,6
532,-126.612595,6
533,-55.512512,6
534,-53.12403,6
535,-90.8223,6
536,-107.751526,6
537,-102.99149,6
538,-101.629265,6
539,-52.293667,6
540,-44.742767,6
541,-45.581615,6
542,-42.77253,6
543,-85.70996,6
544,-47.41804,6
545,-65.38576,6
546,-90.06992,6
547,-46.355415,6
548,-63.78019,6
549,-60.813835,6
550,-110.06794,6
551,-33.327293,6
552,-114.31309,6
553,-86.62986,6
554,-95.920555,6
555,-82.524956,6
556,-104.482376,6
557,-100.42565,6
558,-95.6429,6
559,-49.240475,6
560,-20.50163,7
561,-10.290053,7
562,-5.534727,7
563,-28.44675,7
564,-36.82548,7
565,-23.638353,7
566,-55.661175,7
567,-13.039884,7
568,-11.945123,7
569,-35.96126,7
570,-45.129276,7
571,-42.095226,7
572,-14.092029,7
573,-51.50768,7
574,-22.246754,7
575,-18.146963,7
576,-28.269333,7
577,-17.406658,7
578,-27.920097,7
579,-7.079688,7
580,-14.633334,7
581,-10.058335,7
582,-24.371338,7
583,-28.56678,7
584,-0.1291591,7
585,-7.748519,7
586,16.02931,7
587,-15.182029,7
588,-7.304928,7
589,-29.00402,7
590,-39.514,7
591,-2.8734274,7
592,-37.671535,7
593,-48.872753,7
594,4.466172,7
595,-54.438744,7
596,-78.76368,7
597,-59.947506,7
598,-45.018276,7
599,-5.964896,7
600,-57.079197,7
601,-38.31529,7
602,-40.746773,7
603,-8.555499,7
604,-18.453346,7
605,2.300582,7
606,-28.906887,7
607,-9.051383,7
608,-17.84446,7
609,-8.123548,7
610,-20.788448,7
611,6.5165987,7
612,-0.6870452,7
613,-37.689465,7
614,10.513246,7
615,-3.5734262,7
616,-3.98038,7
617,-14.752446,7
618,-42.55505,7
619,-16.264303,7
620,-54.57815,7
621,-12.925178,7
622,-16.890291,7
623,-28.085915,7
624,-21.825985,7
625,-28.0055,7
626,-21.381718,7
627,-0.1601373,7
628,-1.7851411,7
629,-7.464776,7
630,0.9915799,7
631,-13.0818815,7
632,-15.695815,7
633,-8.325089,7
634,-24.821,7
635,-5.4171076,7
636,-18.18681,7
637,-1.552848,7
638,-33.616062,7
639,-13.380729,7
640,-197.49925,8
641,-109.99083,8
642,-73.624626,8
643,-92.10874,8
644,-138.21413,8
645,-41.261517,8
646,-106.39837,8
647,-66.13798,8
648,-73.86044,8
649,-68.77711,8
650,-118.61245,8
651,-81.62992,8
652,-145.30327,8
653,-162.2961,8
654,-107.24643,8
655,-142.8642,8
656,-72.7522,8
657,-108.01896,8
658,-66.76086,8
659,-183.05606,8
660,-162.52802,8
661,-103.45221,8
662,-103.989365,8
663,-131.7253,8
664,-150.70245,8
665,-51.39316,8
666,-146.18742,8
667,-49.82809,8
668,-95.97843,8
669,-140.20518,8
670,-72.874596,8
671,-67.79331,8
672,-62.8187,8
673,-146.78627,8
674,-87.53201,8
675,-107.7261,8
676,-81.809525,8
677,-86.24755,8
678,-63.141674,8
679,-114.26209,8
680,-103.688194,8
681,-86.22205,8
682,-119.57856,8
683,-123.49729,8
684,-94.204124,8
685,-74.41407,8
686,-93.31962,8
687,-206.1761,8
688,-113.60931,8
689,-74.5755,8
690,-65.816536,8
691,-140.18132,8
692,-135.55792,8
693,-137.65204,8
694,-102.37687,8
695,-79.65681,8
696,-145.95398,8
697,-88.98322,8
698,-71.725845,8
699,-59.542667,8
700,-141.64262,8
701,-82.248116,8
702,-83.00768,8
703,-37.58861,8
704,-138.24046,8
705,-93.57656,8
706,-102.21005,8
707,-88.02154,8
708,-78.24277,8
709,-142.99272,8
710,-47.35644,8
711,-63.69826,8
712,-97.2848,8
713,-89.98284,8
714,-19.275932,8
715,-104.30695,8
716,-128.87755,8
717,-99.78002,8
718,-106.78493,8
719,-49.406193,8
720,-49.50852,9
721,-101.858925,9
722,-67.69816,9
723,-109.63369,9
724,-43.26475,9
725,-40.647762,9
726,-52.05404,9
727,-58.349403,9
728,-51.535946,9
729,-42.444714,9
730,-65.76597,9
731,-38.628445,9
732,-67.310394,9
733,-87.80158,9
734,-61.15407,9
735,-38.208637,9
736,-46.376446,9
737,-84.85261,9
738,-76.35728,9
739,-105.62768,9
740,-54.98904,9
741,-80.35609,9
742,-7.294299,9
743,-88.530235,9
744,-67.34843,9
745,-81.50628,9
746,-26.26935,9
747,-48.136215,9
748,-20.174381,9
749,-35.917248,9
750,-80.26802,9
751,-63.7486,9
752,-93.21828,9
753,-37.974766,9
754,-108.64814,9
755,-28.708164,9
756,-64.369225,9
757,-52.685314,9
758,-82.68095,9
759,-40.402393,9
760,-67.28826,9
761,-68.516945,9
762,-66.722145,9
763,-45.314106,9
764,-94.15294,9
765,-65.766106,9
766,-65.55213,9
767,-53.398247,9
768,-31.440655,9
769,-59.007862,9
770,-59.069893,9
771,-33.64798,9
772,-77.61848,9
773,-27.450806,9
774,-35.182735,9
775,-49.208767,9
776,-69.47345,9
777,-49.472088,9
778,-57.474968,9
779,-62.951107,9
780,-98.12248,9
781,-62.895123,9
782,-31.79315,9
783,-66.67509,9
784,-61.90403,9
785,-105.15711,9
786,-60.6796,9
787,-19.532684,9
788,-45.32666,9
789,-49.29373,9
790,-69.63906,9
791,-57.04124,9
792,-70.86814,9
793,-72.509834,9
794,-72.18702,9
795,-42.165176,9
796,-61.278812,9
797,-32.803104,9
798,-61.697155,9
799,-28.236038,9
