Image,Value,Label
0,47.453476,0
1,-11.451319,0
2,-6.350422,0
3,20.378716,0
4,-26.961956,0
5,-27.222233,0
6,-1.7593176,0
7,4.4295883,0
8,0.6553724,0
9,-1.5977328,0
10,27.921654,0
11,6.525051,0
12,5.218601,0
13,-17.048801,0
14,14.147591,0
15,-19.614136,0
16,9.071836,0
17,20.8022,0
18,-3.431965,0
19,15.696442,0
20,30.601994,0
21,0.98686194,0
22,11.07098,0
23,-1.1877558,0
24,64.74966,0
25,-21.864403,0
26,17.376955,0
27,-14.248901,0
28,8.908638,0
29,-1.3529379,0
30,13.724211,0
31,40.064583,0
32,7.6772385,0
33,11.128265,0
34,4.491434,0
35,-5.7528667,0
36,-26.957424,0
37,21.395515,0
38,1.479492,0
39,41.192703,0
40,-4.7251587,0
41,-26.417236,0
42,17.167324,0
43,-19.52716,0
44,-4.9393997,0
45,4.4431458,0
46,41.423542,0
47,-21.935963,0
48,-30.891428,0
49,-19.186558,0
50,14.88895,0
51,-2.634022,0
52,-17.848331,0
53,18.283028,0
54,43.09172,0
55,36.465866,0
56,-13.348248,0
57,-16.911089,0
58,25.961052,0
59,6.466364,0
60,-7.7462273,0
61,-39.92646,0
62,-17.986397,0
63,14.528282,0
64,17.070467,0
65,6.5052567,0
66,-9.302984,0
67,-20.796988,0
68,-5.442438,0
69,28.933529,0
70,12.086113,0
71,42.543198,0
72,-9.28894,0
73,35.20392,0
74,-24.589088,0
75,0.54212546,0
76,12.862944,0
77,69.02184,0
78,66.13625,0
79,42.288425,0
80,14.676706,1
81,-0.7179482,1
82,17.88372,1
83,12.929796,1
84,15.658822,1
85,8.958997,1
86,7.1869984,1
87,12.966712,1
88,18.0658,1
89,17.691446,1
90,9.096967,1
91,22.127617,1
92,0.59261155,1
93,22.58014,1
94,8.673278,1
95,1.1515815,1
96,23.92285,1
97,6.1164064,1
98,20.91317,1
99,16.326488,1
100,8.947688,1
101,12.81678,1
102,17.412258,1
103,13.800934,1
104,11.752407,1
105,9.01148,1
106,-1.554889,1
107,29.66163,1
108,12.581462,1
109,14.315493,1
110,10.2082,1
111,15.438271,1
112,25.229546,1
113,2.5165331,1
114,26.734879,1
115,12.239345,1
116,18.993555,1
117,21.78881,1
118,11.838318,1
119,13.613434,1
120,11.067858,1
121,14.524047,1
122,-7.4999447,1
123,20.040083,1
124,-1.3995135,1
125,13.141663,1
126,15.248211,1
127,6.595351,1
128,6.793621,1
129,16.48776,1
130,23.574936,1
131,4.4191327,1
132,0.31236625,1
133,18.545322,1
134,20.203556,1
135,10.596285,1
136,23.284416,1
137,13.681398,1
138,13.234799,1
139,14.409429,1
140,22.123104,1
141,10.950151,1
142,2.9535644,1
143,9.957471,1
144,-6.4245334,1
145,9.724337,1
146,15.126095,1
147,12.744668,1
148,15.461808,1
149,16.35253,1
150,12.857881,1
151,9.117333,1
152,33.187523,1
153,17.132458,1
154,13.383692,1
155,22.557388,1
156,34.10036,1
157,18.286129,1
158,16.180498,1
159,9.357952,1
160,24.253712,2
161,68.045616,2
162,24.192444,2
163,27.565643,2
164,51.485813,2
165,54.431416,2
166,0.7489641,2
167,62.369854,2
168,18.777088,2
169,26.159039,2
170,17.371399,2
171,60.0479,2
172,26.356133,2
173,31.716656,2
174,26.26286,2
175,46.8407,2
176,10.290838,2
177,43.897243,2
178,31.541822,2
179,75.84172,2
180,-15.8096485,2
181,56.732124,2
182,50.892998,2
183,62.636375,2
184,30.540249,2
185,69.252556,2
186,59.224724,2
187,29.031727,2
188,-0.67593217,2
189,32.71621,2
190,23.67863,2
191,15.079529,2
192,47.113792,2
193,55.580414,2
194,12.447929,2
195,14.423914,2
196,60.344368,2
197,40.705074,2
198,44.465282,2
199,35.135735,2
200,20.274616,2
201,50.497902,2
202,-13.795843,2
203,22.82314,2
204,20.861599,2
205,31.248112,2
206,16.484299,2
207,22.021036,2
208,52.110565,2
209,27.244564,2
210,14.725069,2
211,65.09379,2
212,51.326496,2
213,20.19467,2
214,47.745277,2
215,51.390038,2
216,35.274292,2
217,-14.322401,2
218,57.491516,2
219,71.14581,2
220,68.38105,2
221,66.98992,2
222,58.403587,2
223,9.271573,2
224,12.703044,2
225,47.750843,2
226,75.31312,2
227,20.660473,2
228,41.611134,2
229,10.848003,2
230,5.3168793,2
231,25.457214,2
232,34.756313,2
233,87.77284,2
234,52.364582,2
235,56.974304,2
236,23.836893,2
237,41.953938,2
238,1.4501073,2
239,13.8203945,2
240,-5.3130684,3
241,8.151166,3
242,2.7522943,3
243,-9.385882,3
244,0.74738,3
245,2.7551477,3
246,-14.178794,3
247,29.324036,3
248,33.1553,3
249,9.193889,3
250,1.9798982,3
251,21.537434,3
252,11.887785,3
253,-5.6754456,3
254,10.585321,3
255,25.050863,3
256,-9.269661,3
257,39.635662,3
258,33.661835,3
259,-9.352185,3
260,1.9963529,3
261,11.309322,3
262,44.194862,3
263,-3.1377304,3
264,56.47371,3
265,5.833383,3
266,4.732527,3
267,33.964333,3
268,3.3703363,3
269,41.0387,3
270,19.420752,3
271,10.625938,3
272,27.492252,3
273,-2.3209746,3
274,31.750751,3
275,-18.714407,3
276,2.4679716,3
277,-2.993367,3
278,37.69673,3
279,73.5513,3
280,22.051876,3
281,24.584658,3
282,5.5695724,3
283,-44.463036,3
284,33.528152,3
285,24.939863,3
286,-12.187752,3
287,-10.111618,3
288,25.18249,3
289,18.739622,3
290,-1.3633075,3
291,-0.96796536,3
292,-9.376913,3
293,-9.453572,3
294,12.928449,3
295,33.230095,3
296,12.661316,3
297,12.89026,3
298,-8.170412,3
299,2.9272258,3
300,26.491337,3
301,-42.238007,3
302,-20.259626,3
303,3.5136325,3
304,-9.222085,3
305,-5.093691,3
306,8.950273,3
307,-12.74924,3
308,18.826815,3
309,21.409927,3
310,40.85205,3
311,0.87481093,3
312,16.928665,3
313,4.990798,3
314,19.877914,3
315,13.168711,3
316,20.018581,3
317,1.5315645,3
318,-1.828089,3
319,100.6143,3
320,-48.406677,4
321,-17.426704,4
322,-28.951279,4
323,-11.3673525,4
324,-46.86759,4
325,-25.956163,4
326,-20.111725,4
327,-14.6409645,4
328,7.186373,4
329,-11.771383,4
330,-33.21797,4
331,-27.055637,4
332,-29.741829,4
333,5.4208164,4
334,-8.295668,4
335,-19.69551,4
336,0.11696888,4
337,-17.442825,4
338,-10.36979,4
339,0.77033305,4
340,-14.701527,4
341,-0.5665343,4
342,-38.924957,4
343,-21.838734,4
344,-34.725693,4
345,-1.4939787,4
346,-13.011774,4
347,31.927807,4
348,-8.546084,4
349,-32.038307,4
350,-36.51732,4
351,-50.81132,4
352,-6.509413,4
353,-2.5040057,4
354,3.1911905,4
355,-25.59297,4
356,-31.095976,4
357,-15.476614,4
358,-19.622442,4
359,-24.454742,4
360,-24.005184,4
361,-27.32752,4
362,-20.437557,4
363,-8.816259,4
364,-18.74589,4
365,-57.180107,4
366,-22.971678,4
367,-44.885956,4
368,9.016669,4
369,-6.224779,4
370,-25.745268,4
371,-29.411568,4
372,-12.876817,4
373,3.9581544,4
374,-22.091082,4
375,-3.5935118,4
376,0.82598376,4
377,-18.695936,4
378,-28.739588,4
379,4.687678,4
380,-34.61013,4
381,-20.063282,4
382,-22.903643,4
383,14.3320675,4
384,-41.904835,4
385,-11.273104,4
386,-13.270246,4
387,-17.827427,4
388,-20.665827,4
389,-2.98189,4
390,-31.539278,4
391,6.237612,4
392,-13.839732,4
393,-23.137724,4
394,-34.893295,4
395,-27.747805,4
396,-8.842126,4
397,4.68752,4
398,-29.099,4
399,-28.269428,4
400,22.554379,5
401,-10.729898,5
402,37.463398,5
403,-4.7569,5
404,23.714087,5
405,22.272747,5
406,1.3214414,5
407,31.701536,5
408,-12.631405,5
409,10.006369,5
410,-2.9152052,5
411,3.9898164,5
412,16.046432,5
413,7.978941,5
414,-2.0601733,5
415,32.403202,5
416,26.819675,5
417,-56.654922,5
418,49.35032,5
419,6.210948,5
420,-17.534615,5
421,-19.208008,5
422,76.91329,5
423,-6.8959827,5
424,7.598402,5
425,21.967604,5
426,-1.8442643,5
427,-10.052856,5
428,-26.083324,5
429,-21.707085,5
430,0.39413238,5
431,-6.928774,5
432,-41.201466,5
433,20.044159,5
434,6.4283733,5
435,-26.987236,5
436,81.51365,5
437,47.23229,5
438,-7.921589,5
439,84.75747,5
440,2.4644907,5
441,33.050465,5
442,-32.6422,5
443,-4.308592,5
444,42.133003,5
445,-16.942955,5
446,8.604664,5
447,-38.003136,5
448,10.374044,5
449,79.59668,5
450,-19.96019,5
451,-8.207543,5
452,9.60564,5
453,2.7007806,5
454,-14.10613,5
455,-21.66211,5
456,22.740068,5
457,-19.12536,5
458,-16.561436,5
459,0.07302452,5
460,-38.45474,5
461,-15.984211,5
462,-14.12886,5
463,-35.95041,5
464,44.98256,5
465,-6.964653,5
466,10.06061,5
467,66.54336,5
468,-26.93229,5
469,-28.26786,5
470,-37.60947,5
471,-12.813129,5
472,15.543556,5
473,17.146187,5
474,-18.750658,5
475,24.825472,5
476,-31.026701,5
477,8.851567,5
478,55.309013,5
479,-21.706398,5
480,12.654271,6
481,-8.136024,6
482,4.9832497,6
483,-18.278097,6
484,3.1025198,6
485,-10.995968,6
486,-6.624054,6
487,6.597477,6
488,-18.503391,6
489,26.831324,6
490,-0.85537744,6
491,14.712326,6
492,-12.280558,6
493,-10.367744,6
494,-20.768358,6
495,4.356579,6
496,-18.199453,6
497,-8.245205,6
498,24.273323,6
499,15.786369,6
500,-1.3347933,6
501,8.118753,6
502,-0.9733927,6
503,-19.453724,6
504,11.193186,6
505,16.809286,6
506,-11.017586,6
507,-1.6096041,6
508,-25.693415,6
509,6.593788,6
510,6.2925835,6
511,-10.158714,6
512,22.620935,6
513,1.9802549,6
514,-4.6389313,6
515,-2.7440684,6
516,14.44092,6
517,1.197994,6
518,-3.3174021,6
519,8.220985,6
520,-26.327785,6
521,3.5332334,6
522,3.5282514,6
523,-13.432241,6
524,36.356236,6
525,-12.661119,6
526,-15.904904,6
527,-12.047436,6
528,7.738468,6
529,16.957333,6
530,-1.1489336,6
531,7.435421,6
532,-5.8756714,6
533,6.9267035,6
534,-17.994598,6
535,-3.6742938,6
536,1.0510709,6
537,-11.499594,6
538,-5.865757,6
539,-18.846176,6
540,-18.046997,6
541,-8.20208,6
542,0.15950942,6
543,6.422058,6
544,-7.091896,6
545,5.0688057,6
546,-15.762989,6
547,-21.281189,6
548,-20.77262,6
549,-11.255798,6
550,16.589434,6
551,5.519474,6
552,39.257523,6
553,1.098459,6
554,-13.564011,6
555,-6.463684,6
556,-6.190029,6
557,68.066124,6
558,15.1156025,6
559,3.3261602,6
560,1.9498117,7
561,26.284506,7
562,14.770097,7
563,-5.286539,7
564,-23.01854,7
565,28.08836,7
566,-10.244349,7
567,19.364552,7
568,-8.470171,7
569,8.227257,7
570,5.784281,7
571,-3.2870667,7
572,35.641815,7
573,10.302647,7
574,5.3497257,7
575,5.1404543,7
576,35.641678,7
577,16.374222,7
578,19.908218,7
579,35.211365,7
580,12.614567,7
581,11.094846,7
582,4.6449423,7
583,24.547583,7
584,5.3045187,7
585,-2.6134818,7
586,19.710667,7
587,13.13484,7
588,2.80006,7
589,31.638546,7
590,7.0903816,7
591,4.0938854,7
592,-11.075375,7
593,26.42305,7
594,20.917633,7
595,-5.118396,7
596,-12.008247,7
597,-6.490408,7
598,-17.532242,7
599,0.3085258,7
600,-20.075653,7
601,25.930695,7
602,37.967644,7
603,29.606176,7
604,19.380484,7
605,-7.241867,7
606,24.364635,7
607,31.617111,7
608,2.686221,7
609,-0.04533886,7
610,61.11345,7
611,3.7233045,7
612,-0.657428,7
613,-17.533325,7
614,8.331366,7
615,14.282232,7
616,26.373684,7
617,27.42087,7
618,25.227499,7
619,27.638763,7
620,-7.5037003,7
621,33.88926,7
622,-2.1678221,7
623,-3.4291966,7
624,2.0699499,7
625,18.194809,7
626,16.616014,7
627,8.661787,7
628,23.504059,7
629,-6.1345253,7
630,12.182997,7
631,18.811422,7
632,7.1243,7
633,12.827362,7
634,33.72397,7
635,-0.5871165,7
636,-5.468342,7
637,-6.273218,7
638,7.253536,7
639,9.924439,7
640,55.224285,8
641,13.22178,8
642,19.508926,8
643,41.864082,8
644,42.329712,8
645,20.071663,8
646,53.57914,8
647,16.237862,8
648,11.272711,8
649,4.412483,8
650,29.923878,8
651,28.228148,8
652,3.876125,8
653,3.8863351,8
654,9.23531,8
655,26.535568,8
656,16.94344,8
657,2.05848,8
658,17.286085,8
659,39.76515,8
660,18.841621,8
661,16.266247,8
662,21.06442,8
663,12.448594,8
664,50.25306,8
665,6.2359476,8
666,34.898235,8
667,-6.9167686,8
668,26.804277,8
669,9.661238,8
670,15.461543,8
671,1.7990596,8
672,35.179016,8
673,34.604393,8
674,32.641125,8
675,34.345528,8
676,5.8919506,8
677,15.907299,8
678,9.7462845,8
679,3.2470784,8
680,36.164635,8
681,32.175957,8
682,-4.498534,8
683,5.991099,8
684,29.444939,8
685,-9.252656,8
686,7.8572035,8
687,43.114643,8
688,5.069969,8
689,2.1354988,8
690,23.363594,8
691,26.645794,8
692,-2.9686515,8
693,24.63155,8
694,19.126064,8
695,35.73967,8
696,35.010147,8
697,18.064854,8
698,54.064632,8
699,4.6139183,8
700,34.33086,8
701,38.5792,8
702,20.26157,8
703,10.340809,8
704,43.367416,8
705,29.402397,8
706,4.320281,8
707,56.0007,8
708,9.432789,8
709,21.91002,8
710,34.251297,8
711,30.282036,8
712,59.272102,8
713,17.963936,8
714,28.734772,8
715,37.828663,8
716,4.5207224,8
717,11.115647,8
718,21.137232,8
719,25.062634,8
720,-17.112253,9
721,6.4448357,9
722,21.001034,9
723,-4.068985,9
724,-20.68317,9
725,-5.87607,9
726,-12.281277,9
727,-6.22646,9
728,-23.352905,9
729,23.954948,9
730,-17.299273,9
731,-27.01253,9
732,-1.8670108,9
733,-21.477413,9
734,0.53635097,9
735,27.327301,9
736,-11.965521,9
737,-33.376503,9
738,-22.745731,9
739,-16.108265,9
740,-17.470636,9
741,-34.452713,9
742,-1.6910822,9
743,-4.787112,9
744,1.978998,9
745,-5.4470224,9
746,-7.8238087,9
747,-26.322525,9
748,6.894329,9
749,26.609783,9
750,-8.684045,9
751,-24.879364,9
752,-33.47356,9
753,-0.41372705,9
754,-36.286045,9
755,-40.096115,9
756,-23.1987,9
757,-26.349968,9
758,-3.1721976,9
759,-28.581589,9
760,1.7197883,9
761,-16.289074,9
762,-30.61083,9
763,-4.384243,9
764,-11.212927,9
765,-0.26393533,9
766,-5.819112,9
767,-24.947304,9
768,3.0853946,9
769,2.836233,9
770,-5.735487,9
771,6.464449,9
772,-10.628931,9
773,-3.6173499,9
774,2.9298036,9
775,-20.797552,9
776,-7.9924393,9
777,-9.688257,9
778,-31.608376,9
779,-27.706528,9
780,1.0487878,9
781,21.222033,9
782,17.279074,9
783,-3.7462656,9
784,-19.50899,9
785,-24.162083,9
786,30.52798,9
787,-11.047446,9
788,-14.19164,9
789,-14.14402,9
790,-16.88927,9
791,-2.883095,9
792,2.937435,9
793,-16.221113,9
794,-22.189835,9
795,-24.60566,9
796,-22.472565,9
797,4.4902763,9
798,-3.7062876,9
799,21.689884,9
