Image,Value,Label
0,225.69519,0
1,84.3184,0
2,92.44035,0
3,149.96536,0
4,115.82823,0
5,98.481255,0
6,102.70557,0
7,127.22156,0
8,169.44888,0
9,107.38452,0
10,58.38966,0
11,149.31627,0
12,213.24484,0
13,150.18661,0
14,185.13797,0
15,88.66446,0
16,83.950745,0
17,111.32867,0
18,199.88527,0
19,121.90573,0
20,184.13792,0
21,82.07141,0
22,144.28229,0
23,59.334667,0
24,223.72975,0
25,72.537056,0
26,207.49815,0
27,96.917076,0
28,130.50105,0
29,158.64426,0
30,85.09766,0
31,58.84684,0
32,170.87416,0
33,59.560825,0
34,125.50102,0
35,132.31262,0
36,91.69258,0
37,113.37422,0
38,77.59202,0
39,76.387535,0
40,190.9195,0
41,129.11534,0
42,146.54858,0
43,81.08924,0
44,78.22177,0
45,88.74843,0
46,68.00122,0
47,160.71072,0
48,65.09303,0
49,81.91519,0
50,107.21239,0
51,74.71207,0
52,88.8557,0
53,113.42078,0
54,155.9114,0
55,142.04901,0
56,132.66068,0
57,88.13599,0
58,151.0279,0
59,92.31146,0
60,110.56503,0
61,156.90916,0
62,103.31069,0
63,107.50647,0
64,68.99441,0
65,139.02185,0
66,114.32773,0
67,119.055954,0
68,75.17166,0
69,132.16873,0
70,113.274635,0
71,89.135376,0
72,172.70557,0
73,88.37228,0
74,119.16821,0
75,160.75336,0
76,96.4313,0
77,207.73364,0
78,198.15858,0
79,165.61777,0
80,8.478639,1
81,40.08183,1
82,29.913237,1
83,40.54403,1
84,21.952618,1
85,18.888803,1
86,35.475334,1
87,38.92397,1
88,29.62802,1
89,13.356101,1
90,30.289217,1
91,19.770683,1
92,18.685223,1
93,1.3593587,1
94,36.1114,1
95,32.797787,1
96,30.0816,1
97,18.052519,1
98,12.164535,1
99,42.139797,1
100,48.044125,1
101,22.881262,1
102,7.007022,1
103,20.118525,1
104,21.113907,1
105,43.727665,1
106,15.055049,1
107,5.568969,1
108,13.316321,1
109,7.4712915,1
110,9.535039,1
111,25.024776,1
112,5.976346,1
113,5.014743,1
114,8.376803,1
115,22.344696,1
116,22.331572,1
117,25.139997,1
118,13.177907,1
119,12.950395,1
120,15.601703,1
121,30.158281,1
122,20.868105,1
123,18.502487,1
124,26.561893,1
125,24.675125,1
126,40.115963,1
127,20.194769,1
128,11.695791,1
129,26.145407,1
130,19.29147,1
131,28.022453,1
132,55.963615,1
133,18.66688,1
134,16.05313,1
135,12.266536,1
136,22.14974,1
137,26.053087,1
138,20.280617,1
139,38.90681,1
140,23.0834,1
141,28.70266,1
142,19.294014,1
143,12.586547,1
144,27.087173,1
145,-0.8295337,1
146,11.601893,1
147,11.387582,1
148,30.040419,1
149,9.552693,1
150,8.590676,1
151,18.98089,1
152,45.479095,1
153,11.882983,1
154,38.087227,1
155,5.029584,1
156,31.9425,1
157,22.078794,1
158,35.83772,1
159,33.628376,1
160,31.635878,2
161,86.3384,2
162,69.408676,2
163,105.7269,2
164,62.430153,2
165,105.47622,2
166,49.14345,2
167,112.91483,2
168,76.67593,2
169,76.551346,2
170,58.134808,2
171,84.521996,2
172,85.2384,2
173,69.46239,2
174,50.996082,2
175,104.592575,2
176,49.407825,2
177,90.87042,2
178,118.556244,2
179,75.18728,2
180,28.64145,2
181,99.619316,2
182,122.14337,2
183,97.34947,2
184,77.55824,2
185,102.51439,2
186,25.537477,2
187,75.59877,2
188,57.306175,2
189,30.280466,2
190,47.006477,2
191,47.147106,2
192,86.43015,2
193,97.7312,2
194,47.29073,2
195,33.939087,2
196,133.50565,2
197,67.149796,2
198,82.188805,2
199,158.6112,2
200,107.76501,2
201,86.72121,2
202,61.630417,2
203,152.56342,2
204,86.08554,2
205,42.543457,2
206,31.734224,2
207,161.96164,2
208,75.58144,2
209,66.78405,2
210,29.280304,2
211,152.02371,2
212,117.35312,2
213,99.3718,2
214,81.795334,2
215,72.0477,2
216,57.993637,2
217,67.784355,2
218,102.61746,2
219,138.30118,2
220,115.852585,2
221,155.15884,2
222,75.16766,2
223,57.22457,2
224,65.640884,2
225,130.32616,2
226,141.76152,2
227,40.959217,2
228,67.16171,2
229,111.74938,2
230,86.23888,2
231,17.413244,2
232,88.96836,2
233,191.07687,2
234,74.469635,2
235,88.36768,2
236,55.811817,2
237,84.46585,2
238,64.553154,2
239,61.835537,2
240,122.99111,3
241,77.443214,3
242,52.375492,3
243,43.13423,3
244,109.488014,3
245,104.22358,3
246,128.12569,3
247,92.651665,3
248,94.98071,3
249,77.47878,3
250,126.97989,3
251,57.607464,3
252,92.51019,3
253,81.95735,3
254,75.8756,3
255,58.476974,3
256,92.91536,3
257,103.76548,3
258,134.18791,3
259,112.67079,3
260,89.5844,3
261,96.14547,3
262,91.23225,3
263,70.06534,3
264,84.7063,3
265,122.854904,3
266,85.5007,3
267,70.92154,3
268,140.23148,3
269,131.4884,3
270,68.449265,3
271,90.34225,3
272,73.61674,3
273,52.62444,3
274,87.58592,3
275,68.288864,3
276,154.56818,3
277,74.32971,3
278,107.13026,3
279,31.09302,3
280,65.021515,3
281,142.09271,3
282,112.704605,3
283,71.24407,3
284,51.864124,3
285,88.39902,3
286,112.8818,3
287,101.79117,3
288,110.00836,3
289,84.32565,3
290,90.01851,3
291,95.97912,3
292,67.377106,3
293,132.34183,3
294,60.72521,3
295,48.47726,3
296,108.76839,3
297,128.0931,3
298,38.31013,3
299,170.15811,3
300,124.85127,3
301,113.23062,3
302,50.99924,3
303,41.414276,3
304,53.350403,3
305,58.670017,3
306,90.62628,3
307,57.43217,3
308,58.800373,3
309,105.84744,3
310,166.95023,3
311,62.639587,3
312,81.117355,3
313,54.362015,3
314,86.40593,3
315,113.248695,3
316,50.476303,3
317,138.38171,3
318,90.56932,3
319,153.98145,3
320,51.01625,4
321,25.387121,4
322,41.641743,4
323,20.07358,4
324,60.62134,4
325,30.18358,4
326,2.7836714,4
327,24.208597,4
328,60.92107,4
329,13.317485,4
330,62.681202,4
331,58.342514,4
332,43.127907,4
333,65.682335,4
334,20.884531,4
335,30.335695,4
336,10.034545,4
337,109.743835,4
338,42.71927,4
339,1.7267255,4
340,86.84375,4
341,16.772837,4
342,64.03494,4
343,40.325382,4
344,26.005014,4
345,-11.879451,4
346,3.942195,4
347,78.0092,4
348,9.714183,4
349,23.755816,4
350,10.630126,4
351,93.28913,4
352,2.3774137,4
353,-0.07546532,4
354,87.33388,4
355,43.902752,4
356,110.395744,4
357,20.137579,4
358,8.697467,4
359,50.45989,4
360,59.093094,4
361,46.82082,4
362,88.44439,4
363,4.473544,4
364,12.717299,4
365,61.843166,4
366,84.58534,4
367,59.77018,4
368,-18.526915,4
369,1.4013203,4
370,82.23772,4
371,16.101992,4
372,20.11094,4
373,-4.0857286,4
374,97.542755,4
375,11.984458,4
376,11.774253,4
377,39.71416,4
378,42.1259,4
379,50.451126,4
380,41.076935,4
381,63.219643,4
382,20.184446,4
383,0.9130353,4
384,68.210556,4
385,13.732398,4
386,2.94773,4
387,24.911219,4
388,21.890406,4
389,16.270119,4
390,103.23754,4
391,3.2165136,4
392,11.230876,4
393,110.254265,4
394,64.89568,4
395,94.123055,4
396,20.214533,4
397,-7.4260015,4
398,86.16598,4
399,47.36041,4
400,119.626526,5
401,55.07115,5
402,26.054781,5
403,64.62094,5
404,41.4316,5
405,73.79396,5
406,40.8595,5
407,10.125705,5
408,63.637554,5
409,33.479588,5
410,48.0167,5
411,17.473711,5
412,-9.690904,5
413,12.635528,5
414,66.65788,5
415,11.134227,5
416,200.7482,5
417,86.85666,5
418,-4.9689493,5
419,59.656273,5
420,69.28407,5
421,152.07678,5
422,19.926456,5
423,23.43825,5
424,35.042767,5
425,0.87731445,5
426,42.941647,5
427,71.265976,5
428,62.723858,5
429,61.329758,5
430,115.2845,5
431,41.086773,5
432,95.234245,5
433,32.53168,5
434,72.75965,5
435,99.87628,5
436,-2.7362413,5
437,9.328944,5
438,15.69469,5
439,-37.337395,5
440,-4.6178217,5
441,31.384108,5
442,79.15312,5
443,33.612167,5
444,-19.76264,5
445,57.774326,5
446,24.364664,5
447,83.50931,5
448,74.26897,5
449,-10.781358,5
450,7.7831945,5
451,65.51757,5
452,-4.43052,5
453,69.15847,5
454,-21.16094,5
455,1.6040295,5
456,99.57745,5
457,81.18393,5
458,29.512545,5
459,18.195368,5
460,22.826502,5
461,56.177822,5
462,90.22058,5
463,146.193,5
464,34.623505,5
465,31.236788,5
466,60.56219,5
467,-10.135522,5
468,48.563313,5
469,60.59901,5
470,44.59878,5
471,108.159485,5
472,90.4908,5
473,75.58859,5
474,72.3396,5
475,3.6196089,5
476,72.77863,5
477,38.545063,5
478,-17.316866,5
479,50.83077,5
480,1.7135838,6
481,32.814793,6
482,-1.148431,6
483,34.722412,6
484,7.081115,6
485,31.040812,6
486,27.501492,6
487,25.342386,6
488,62.047764,6
489,120.206825,6
490,23.951412,6
491,3.300128,6
492,14.46758,6
493,9.841193,6
494,12.21258,6
495,-23.954731,6
496,13.1098585,6
497,42.1524,6
498,40.701935,6
499,152.61584,6
500,6.2279882,6
501,28.583567,6
502,11.245952,6
503,35.648487,6
504,7.875861,6
505,41.12938,6
506,48.091446,6
507,10.192072,6
508,38.502747,6
509,88.55075,6
510,30.193888,6
511,0.55928314,6
512,89.40015,6
513,25.748594,6
514,27.800848,6
515,-17.234474,6
516,-25.379316,6
517,27.831957,6
518,9.680812,6
519,6.6905394,6
520,56.343082,6
521,33.50316,6
522,114.128204,6
523,35.49738,6
524,123.419174,6
525,8.568004,6
526,37.29269,6
527,36.598072,6
528,81.060005,6
529,-0.39812195,6
530,-6.1676073,6
531,7.362611,6
532,79.39545,6
533,15.2512045,6
534,21.325012,6
535,20.298647,6
536,97.24936,6
537,26.478441,6
538,19.932909,6
539,13.475253,6
540,45.855267,6
541,15.613582,6
542,6.2574377,6
543,22.800505,6
544,34.735023,6
545,16.899443,6
546,-42.29847,6
547,46.726517,6
548,-27.339548,6
549,-3.0303469,6
550,-2.8995104,6
551,24.242731,6
552,36.390064,6
553,4.24895,6
554,29.856268,6
555,5.4152136,6
556,28.03776,6
557,113.64094,6
558,50.077442,6
559,3.196189,6
560,38.91128,7
561,-9.473198,7
562,3.4573355,7
563,4.261794,7
564,8.138751,7
565,12.300525,7
566,83.01194,7
567,-3.8213186,7
568,17.852955,7
569,64.45795,7
570,75.41037,7
571,18.622639,7
572,23.56806,7
573,73.36715,7
574,-9.189771,7
575,33.918667,7
576,-11.864359,7
577,47.106564,7
578,-19.194885,7
579,30.365927,7
580,2.4736261,7
581,15.567624,7
582,37.274166,7
583,66.49316,7
584,31.535152,7
585,37.740673,7
586,47.0312,7
587,43.3943,7
588,11.153682,7
589,16.522898,7
590,80.88202,7
591,32.51256,7
592,50.29582,7
593,31.747272,7
594,7.7560215,7
595,36.830173,7
596,31.823626,7
597,25.3291,7
598,47.353786,7
599,38.31687,7
600,52.6182,7
601,7.3590746,7
602,15.651559,7
603,-3.850625,7
604,-13.301505,7
605,29.505089,7
606,30.230738,7
607,51.498676,7
608,-1.2173434,7
609,8.563882,7
610,15.113811,7
611,85.514755,7
612,76.15326,7
613,30.400421,7
614,11.395523,7
615,19.174093,7
616,16.123198,7
617,26.018034,7
618,31.873468,7
619,10.385392,7
620,38.020317,7
621,13.315234,7
622,13.839288,7
623,6.2713175,7
624,15.430894,7
625,81.63784,7
626,19.44541,7
627,17.312891,7
628,-7.6128616,7
629,39.004795,7
630,20.085999,7
631,11.535707,7
632,0.7054671,7
633,-16.001637,7
634,43.41658,7
635,26.48378,7
636,16.387045,7
637,41.541405,7
638,80.69716,7
639,7.939185,7
640,56.3781,8
641,42.62847,8
642,51.474792,8
643,-23.804005,8
644,4.95016,8
645,-4.3618317,8
646,27.286745,8
647,-0.7324687,8
648,8.518893,8
649,22.55215,8
650,-18.631891,8
651,35.092327,8
652,30.655539,8
653,149.27109,8
654,33.360027,8
655,6.7342367,8
656,20.482758,8
657,26.338001,8
658,42.573483,8
659,73.72164,8
660,89.57178,8
661,14.806678,8
662,-0.59394944,8
663,52.16223,8
664,71.36868,8
665,52.242676,8
666,-2.4832697,8
667,-1.5886737,8
668,29.907892,8
669,19.023344,8
670,2.7054434,8
671,5.55585,8
672,53.448757,8
673,6.5029745,8
674,17.808786,8
675,-15.947507,8
676,18.877462,8
677,-18.654192,8
678,-9.319089,8
679,38.470364,8
680,2.0257673,8
681,55.80389,8
682,54.597218,8
683,60.46963,8
684,36.091446,8
685,33.99591,8
686,72.65709,8
687,-8.699269,8
688,32.125053,8
689,-16.24238,8
690,-35.12661,8
691,11.962993,8
692,40.936466,8
693,8.842692,8
694,3.763751,8
695,5.387967,8
696,73.83377,8
697,0.24331939,8
698,-21.271255,8
699,-26.655855,8
700,6.0386534,8
701,-3.566228,8
702,30.921562,8
703,-11.172231,8
704,17.39866,8
705,-19.993797,8
706,46.430607,8
707,-28.905329,8
708,11.325347,8
709,0.51677215,8
710,10.535766,8
711,-0.31945717,8
712,-13.664437,8
713,26.13928,8
714,-0.8600818,8
715,-13.471807,8
716,95.735275,8
717,32.77441,8
718,53.831608,8
719,-23.947592,8
720,1.054694,9
721,10.729732,9
722,28.955599,9
723,41.51746,9
724,10.972749,9
725,20.74611,9
726,4.04642,9
727,56.45297,9
728,9.212268,9
729,-14.572759,9
730,-0.72261536,9
731,1.5935735,9
732,82.2982,9
733,42.647224,9
734,-0.6426364,9
735,-16.42221,9
736,17.557554,9
737,64.625244,9
738,20.850191,9
739,23.790415,9
740,20.56714,9
741,71.79761,9
742,71.69125,9
743,31.486242,9
744,80.800354,9
745,85.587715,9
746,-3.7903433,9
747,27.577406,9
748,-23.444555,9
749,-16.317204,9
750,20.684034,9
751,23.004313,9
752,91.345345,9
753,-13.26017,9
754,74.38562,9
755,16.879225,9
756,3.0801954,9
757,27.52132,9
758,61.191097,9
759,9.552894,9
760,7.1323576,9
761,8.985827,9
762,72.78174,9
763,31.480175,9
764,16.337885,9
765,25.078463,9
766,21.105642,9
767,41.822384,9
768,3.2345324,9
769,18.659836,9
770,2.7828588,9
771,-1.9932243,9
772,64.88798,9
773,-16.530834,9
774,1.3856229,9
775,4.985919,9
776,0.12767303,9
777,8.065368,9
778,75.43146,9
779,11.1202135,9
780,59.82461,9
781,46.24486,9
782,-11.149846,9
783,18.454803,9
784,22.624243,9
785,46.399895,9
786,70.77425,9
787,-2.9512644,9
788,-6.4050283,9
789,0.09842193,9
790,23.094225,9
791,9.474946,9
792,12.830762,9
793,42.953045,9
794,43.997272,9
795,20.773956,9
796,44.636158,9
797,-5.2136946,9
798,-14.424626,9
799,-16.526531,9
