Image,Value,Label
0,-301.95685,0
1,-173.96822,0
2,-207.6176,0
3,-269.12442,0
4,-240.23468,0
5,-220.95763,0
6,-228.94788,0
7,-282.79855,0
8,-245.39017,0
9,-259.02817,0
10,-221.4583,0
11,-236.51219,0
12,-343.26172,0
13,-240.63763,0
14,-256.63702,0
15,-208.10872,0
16,-216.4518,0
17,-260.41336,0
18,-295.71176,0
19,-269.15048,0
20,-347.52634,0
21,-235.6262,0
22,-271.99152,0
23,-212.77138,0
24,-305.7362,0
25,-184.30414,0
26,-277.93674,0
27,-246.77705,0
28,-305.07156,0
29,-227.31883,0
30,-235.97127,0
31,-220.3183,0
32,-238.00175,0
33,-216.048,0
34,-276.95267,0
35,-228.45976,0
36,-227.3708,0
37,-186.7156,0
38,-282.9625,0
39,-190.52895,0
40,-261.9381,0
41,-284.84976,0
42,-346.2059,0
43,-205.27965,0
44,-231.2907,0
45,-240.75148,0
46,-277.37646,0
47,-258.5076,0
48,-191.16734,0
49,-190.67456,0
50,-202.74763,0
51,-253.70357,0
52,-195.9634,0
53,-222.30882,0
54,-250.22705,0
55,-245.0125,0
56,-268.55557,0
57,-182.26204,0
58,-309.11737,0
59,-229.03117,0
60,-244.75737,0
61,-240.10262,0
62,-206.49358,0
63,-264.1945,0
64,-269.8295,0
65,-277.96655,0
66,-232.38008,0
67,-222.84767,0
68,-208.77675,0
69,-232.20259,0
70,-208.53139,0
71,-266.008,0
72,-301.49313,0
73,-316.30768,0
74,-280.54526,0
75,-251.81367,0
76,-231.81673,0
77,-351.78796,0
78,-306.86392,0
79,-279.86288,0
80,-170.38712,1
81,-135.90999,1
82,-181.22621,1
83,-155.18639,1
84,-172.57036,1
85,-150.39958,1
86,-155.41513,1
87,-173.45695,1
88,-186.56151,1
89,-174.98561,1
90,-150.25966,1
91,-152.53557,1
92,-151.733,1
93,-190.2819,1
94,-196.94856,1
95,-149.77486,1
96,-217.27534,1
97,-154.63136,1
98,-145.24734,1
99,-180.11897,1
100,-168.11143,1
101,-163.18932,1
102,-205.95403,1
103,-149.59575,1
104,-151.6044,1
105,-174.49037,1
106,-188.89899,1
107,-191.66594,1
108,-163.9287,1
109,-152.28651,1
110,-196.9563,1
111,-178.0356,1
112,-173.2293,1
113,-169.00308,1
114,-180.15897,1
115,-133.53893,1
116,-194.45406,1
117,-160.13937,1
118,-176.50716,1
119,-164.7235,1
120,-147.63678,1
121,-176.82701,1
122,-158.13509,1
123,-147.30727,1
124,-141.2894,1
125,-146.44772,1
126,-194.81427,1
127,-129.27904,1
128,-159.89174,1
129,-161.4822,1
130,-185.70308,1
131,-172.57997,1
132,-173.84685,1
133,-165.95155,1
134,-133.97305,1
135,-145.6241,1
136,-148.51776,1
137,-139.16142,1
138,-168.04181,1
139,-176.797,1
140,-151.28862,1
141,-150.8485,1
142,-182.26503,1
143,-150.7008,1
144,-159.95306,1
145,-171.14285,1
146,-144.18904,1
147,-150.20604,1
148,-169.33408,1
149,-195.12794,1
150,-181.69476,1
151,-201.9374,1
152,-245.7474,1
153,-166.30681,1
154,-184.50984,1
155,-187.47397,1
156,-198.21956,1
157,-160.0036,1
158,-146.12718,1
159,-159.82675,1
160,-177.67307,2
161,-259.12112,2
162,-190.19908,2
163,-190.94246,2
164,-250.00023,2
165,-256.89322,2
166,-137.10515,2
167,-296.9094,2
168,-173.2595,2
169,-196.40825,2
170,-179.49542,2
171,-265.4177,2
172,-193.1406,2
173,-219.65578,2
174,-269.68204,2
175,-256.28494,2
176,-195.29343,2
177,-184.23955,2
178,-222.79143,2
179,-241.75456,2
180,-99.614685,2
181,-237.87668,2
182,-255.13765,2
183,-219.37029,2
184,-196.17653,2
185,-258.69467,2
186,-185.31041,2
187,-173.6621,2
188,-147.80336,2
189,-144.68898,2
190,-150.0613,2
191,-214.36679,2
192,-157.99779,2
193,-283.17566,2
194,-186.5134,2
195,-160.92001,2
196,-248.18849,2
197,-206.21196,2
198,-207.07054,2
199,-281.6628,2
200,-174.02791,2
201,-278.4172,2
202,-104.944954,2
203,-246.40663,2
204,-181.95465,2
205,-149.54634,2
206,-182.72923,2
207,-263.86807,2
208,-254.45451,2
209,-242.56393,2
210,-198.28772,2
211,-256.10995,2
212,-285.12918,2
213,-153.85242,2
214,-187.57857,2
215,-228.99153,2
216,-202.33879,2
217,-127.04,2
218,-282.36932,2
219,-308.13382,2
220,-238.21234,2
221,-287.088,2
222,-235.76472,2
223,-193.73654,2
224,-170.88345,2
225,-298.33435,2
226,-266.1744,2
227,-186.30841,2
228,-189.33505,2
229,-244.92088,2
230,-213.08022,2
231,-166.19145,2
232,-176.48305,2
233,-356.22992,2
234,-210.9488,2
235,-241.47914,2
236,-209.90584,2
237,-269.33746,2
238,-126.4292,2
239,-196.63249,2
240,-209.77963,3
241,-177.31914,3
242,-146.2462,3
243,-116.035385,3
244,-217.8853,3
245,-174.82704,3
246,-191.88876,3
247,-193.47903,3
248,-221.47246,3
249,-184.41248,3
250,-212.98547,3
251,-213.27763,3
252,-196.13243,3
253,-201.33699,3
254,-178.38173,3
255,-211.15282,3
256,-137.93521,3
257,-236.81703,3
258,-201.30676,3
259,-198.73294,3
260,-215.12965,3
261,-184.79585,3
262,-224.399,3
263,-175.84357,3
264,-195.01096,3
265,-207.7394,3
266,-188.53214,3
267,-199.62209,3
268,-275.21863,3
269,-220.85109,3
270,-181.78802,3
271,-196.50325,3
272,-179.88869,3
273,-149.25792,3
274,-185.1762,3
275,-143.04854,3
276,-234.44435,3
277,-161.04276,3
278,-226.381,3
279,-212.84511,3
280,-203.04839,3
281,-256.38205,3
282,-216.58351,3
283,-175.95885,3
284,-203.01778,3
285,-177.4324,3
286,-211.84305,3
287,-216.10791,3
288,-212.15218,3
289,-188.12526,3
290,-161.64644,3
291,-173.0553,3
292,-184.5547,3
293,-173.09769,3
294,-203.81091,3
295,-187.7889,3
296,-214.39711,3
297,-220.427,3
298,-187.02051,3
299,-248.4876,3
300,-297.5437,3
301,-209.47542,3
302,-108.96327,3
303,-129.88722,3
304,-154.90901,3
305,-142.31252,3
306,-162.28792,3
307,-99.24756,3
308,-163.15796,3
309,-223.21614,3
310,-320.5532,3
311,-153.17894,3
312,-159.66139,3
313,-156.1679,3
314,-198.89679,3
315,-206.69801,3
316,-155.01634,3
317,-236.02846,3
318,-192.18163,3
319,-284.10223,3
320,-137.39192,4
321,-100.7555,4
322,-80.24873,4
323,-101.57148,4
324,-123.01617,4
325,-113.00189,4
326,-142.8689,4
327,-124.91032,4
328,-185.43996,4
329,-108.42686,4
330,-81.83017,4
331,-92.06553,4
332,-107.68977,4
333,-125.08772,4
334,-128.90012,4
335,-92.46615,4
336,-94.66194,4
337,-125.872734,4
338,-88.81275,4
339,-132.0089,4
340,-140.49602,4
341,-103.58731,4
342,-117.7659,4
343,-119.63223,4
344,-94.320206,4
345,-131.50374,4
346,-116.392395,4
347,-111.13443,4
348,-98.33411,4
349,-90.45288,4
350,-146.8228,4
351,-105.1827,4
352,-133.00838,4
353,-117.16975,4
354,-112.03354,4
355,-112.01043,4
356,-136.4189,4
357,-132.64703,4
358,-113.81094,4
359,-86.32404,4
360,-82.41555,4
361,-143.01212,4
362,-82.03473,4
363,-96.588684,4
364,-117.254326,4
365,-104.077225,4
366,-124.68651,4
367,-96.67619,4
368,-116.31565,4
369,-116.4455,4
370,-88.66734,4
371,-124.80642,4
372,-73.95797,4
373,-99.61951,4
374,-103.52178,4
375,-131.21454,4
376,-124.054344,4
377,-96.482414,4
378,-121.75752,4
379,-110.9614,4
380,-131.60904,4
381,-77.986916,4
382,-104.01552,4
383,-132.29884,4
384,-146.38252,4
385,-109.20375,4
386,-133.02614,4
387,-144.09439,4
388,-116.66563,4
389,-138.22038,4
390,-107.471756,4
391,-111.09059,4
392,-128.7341,4
393,-107.034775,4
394,-79.70549,4
395,-105.18684,4
396,-165.93596,4
397,-118.872955,4
398,-96.88106,4
399,-119.85012,4
400,-191.8109,5
401,-157.83229,5
402,-162.43083,5
403,-96.7059,5
404,-163.58044,5
405,-186.0494,5
406,-132.70285,5
407,-202.87248,5
408,-174.13716,5
409,-121.78241,5
410,-162.874,5
411,-170.11867,5
412,-82.72313,5
413,-176.40239,5
414,-249.19238,5
415,-171.54897,5
416,-230.94249,5
417,-182.33853,5
418,-182.2242,5
419,-158.35887,5
420,-177.0522,5
421,-203.11723,5
422,-205.15012,5
423,-162.90823,5
424,-143.22943,5
425,-97.621254,5
426,-132.1988,5
427,-204.32198,5
428,-172.63199,5
429,-143.55952,5
430,-181.93254,5
431,-169.63802,5
432,-152.54787,5
433,-186.71815,5
434,-170.22633,5
435,-150.32863,5
436,-150.99785,5
437,-200.24251,5
438,-149.44118,5
439,-134.74678,5
440,-129.95226,5
441,-211.46544,5
442,-166.8807,5
443,-162.29643,5
444,-143.69936,5
445,-161.95627,5
446,-163.42815,5
447,-186.35185,5
448,-205.2327,5
449,-184.69232,5
450,-125.66842,5
451,-119.38367,5
452,-131.53467,5
453,-170.1281,5
454,-134.06273,5
455,-150.86168,5
456,-192.18013,5
457,-162.60655,5
458,-144.02408,5
459,-151.19211,5
460,-145.14363,5
461,-199.12965,5
462,-198.51648,5
463,-156.65268,5
464,-160.82085,5
465,-111.47116,5
466,-186.20723,5
467,-146.70985,5
468,-140.81425,5
469,-201.35371,5
470,-140.70921,5
471,-193.5566,5
472,-212.84485,5
473,-145.19316,5
474,-147.2806,5
475,-154.56229,5
476,-167.18945,5
477,-166.41032,5
478,-152.71367,5
479,-202.03331,5
480,-143.86707,6
481,-133.3123,6
482,-167.52722,6
483,-132.85457,6
484,-101.3781,6
485,-153.13051,6
486,-176.80377,6
487,-205.88101,6
488,-211.2816,6
489,-171.7071,6
490,-140.27089,6
491,-140.91551,6
492,-95.85639,6
493,-134.25589,6
494,-124.74701,6
495,-140.79436,6
496,-141.34224,6
497,-155.19055,6
498,-106.18582,6
499,-204.34016,6
500,-130.42326,6
501,-107.14105,6
502,-143.67947,6
503,-161.05585,6
504,-158.14545,6
505,-172.68929,6
506,-162.64018,6
507,-128.2334,6
508,-155.72427,6
509,-205.74532,6
510,-137.58156,6
511,-165.6198,6
512,-153.00212,6
513,-168.05505,6
514,-99.003975,6
515,-113.8911,6
516,-155.96175,6
517,-118.541046,6
518,-147.38704,6
519,-110.84213,6
520,-186.76399,6
521,-183.47688,6
522,-136.53442,6
523,-158.1407,6
524,-160.73462,6
525,-120.80782,6
526,-83.630615,6
527,-147.73495,6
528,-182.66632,6
529,-150.65147,6
530,-139.44789,6
531,-128.65833,6
532,-214.17903,6
533,-100.53,6
534,-127.80925,6
535,-152.90977,6
536,-177.9294,6
537,-189.16248,6
538,-148.41313,6
539,-141.83638,6
540,-112.39207,6
541,-112.689255,6
542,-109.59569,6
543,-159.4651,6
544,-96.85016,6
545,-134.2428,6
546,-145.98116,6
547,-86.83271,6
548,-146.19789,6
549,-130.0809,6
550,-155.22385,6
551,-132.10406,6
552,-144.94856,6
553,-159.49251,6
554,-164.5854,6
555,-140.02528,6
556,-155.1728,6
557,-182.86147,6
558,-127.412704,6
559,-132.48222,6
560,-86.975006,7
561,-95.36372,7
562,-102.615944,7
563,-87.806946,7
564,-93.75802,7
565,-125.43659,7
566,-109.55222,7
567,-71.74191,7
568,-74.45625,7
569,-112.86722,7
570,-87.82067,7
571,-84.53519,7
572,-104.86811,7
573,-73.530334,7
574,-106.29158,7
575,-92.935646,7
576,-121.160164,7
577,-104.44143,7
578,-152.35252,7
579,-122.11725,7
580,-125.839134,7
581,-75.562515,7
582,-88.9308,7
583,-83.77143,7
584,-70.19912,7
585,-87.18673,7
586,-98.2547,7
587,-92.18105,7
588,-75.11053,7
589,-100.558395,7
590,-129.52522,7
591,-76.07688,7
592,-79.467445,7
593,-150.15791,7
594,-86.78036,7
595,-99.44056,7
596,-84.55088,7
597,-133.73672,7
598,-82.386284,7
599,-81.51707,7
600,-123.37827,7
601,-139.78664,7
602,-121.00336,7
603,-134.81792,7
604,-110.50766,7
605,-61.8012,7
606,-49.421432,7
607,-91.04305,7
608,-89.540405,7
609,-95.781746,7
610,-138.26852,7
611,-94.58742,7
612,-99.08986,7
613,-84.17616,7
614,-57.8412,7
615,-59.038322,7
616,-97.55557,7
617,-120.07631,7
618,-100.18991,7
619,-149.5599,7
620,-93.84242,7
621,-109.892075,7
622,-71.21786,7
623,-63.900593,7
624,-82.08742,7
625,-118.17399,7
626,-103.95218,7
627,-52.415886,7
628,-81.78619,7
629,-96.79463,7
630,-115.237564,7
631,-90.938675,7
632,-116.16895,7
633,-93.01258,7
634,-73.01607,7
635,-97.32468,7
636,-56.68124,7
637,-109.87055,7
638,-134.1657,7
639,-79.6758,7
640,-225.9259,8
641,-130.26381,8
642,-102.11333,8
643,-127.81702,8
644,-192.95767,8
645,-90.775444,8
646,-205.54646,8
647,-153.38226,8
648,-101.611336,8
649,-110.27065,8
650,-215.57292,8
651,-106.14574,8
652,-193.0191,8
653,-209.31226,8
654,-189.83792,8
655,-138.27618,8
656,-101.16156,8
657,-128.45833,8
658,-138.67079,8
659,-212.22539,8
660,-182.08163,8
661,-175.96605,8
662,-217.5697,8
663,-151.63058,8
664,-183.40102,8
665,-105.36268,8
666,-175.68858,8
667,-106.17633,8
668,-148.48799,8
669,-199.64091,8
670,-168.06557,8
671,-128.94469,8
672,-132.57089,8
673,-213.35359,8
674,-135.56487,8
675,-178.58397,8
676,-124.055176,8
677,-132.73254,8
678,-138.79558,8
679,-153.2678,8
680,-198.915,8
681,-155.06563,8
682,-143.72856,8
683,-160.49574,8
684,-178.63594,8
685,-85.04581,8
686,-175.01698,8
687,-228.30278,8
688,-165.6805,8
689,-131.35623,8
690,-152.00375,8
691,-195.60063,8
692,-135.46318,8
693,-215.5342,8
694,-158.54501,8
695,-129.41481,8
696,-178.01791,8
697,-119.887856,8
698,-140.94843,8
699,-130.49643,8
700,-215.86787,8
701,-115.16337,8
702,-119.07302,8
703,-130.79034,8
704,-198.06407,8
705,-155.73393,8
706,-114.08472,8
707,-185.13837,8
708,-131.31807,8
709,-196.21638,8
710,-126.09529,8
711,-142.35268,8
712,-180.04759,8
713,-127.8099,8
714,-118.72401,8
715,-191.57413,8
716,-143.08827,8
717,-149.40297,8
718,-145.96817,8
719,-140.25122,8
720,-78.62259,9
721,-85.449715,9
722,-65.447235,9
723,-83.56,9
724,-60.277554,9
725,-43.49344,9
726,-73.77813,9
727,-71.076996,9
728,-55.950886,9
729,-91.852325,9
730,-76.20779,9
731,-38.707577,9
732,-50.729824,9
733,-71.55828,9
734,-53.090252,9
735,-107.9799,9
736,-65.82773,9
737,-90.714485,9
738,-101.32727,9
739,-40.67297,9
740,-97.913155,9
741,-74.63023,9
742,-57.31219,9
743,-88.763626,9
744,-71.02348,9
745,-56.490074,9
746,-45.806614,9
747,-56.792034,9
748,-88.36548,9
749,-99.72931,9
750,-28.29524,9
751,-61.485443,9
752,-95.30959,9
753,-81.252235,9
754,-79.65991,9
755,-35.94581,9
756,-64.50099,9
757,-45.345024,9
758,-83.03975,9
759,-32.379463,9
760,-28.067778,9
761,-111.46677,9
762,-54.88785,9
763,-75.66799,9
764,-60.967117,9
765,-35.88731,9
766,-41.841427,9
767,-90.22558,9
768,-34.09871,9
769,-20.497875,9
770,-59.523518,9
771,-46.90568,9
772,-44.23647,9
773,-46.795887,9
774,-96.72368,9
775,-61.870564,9
776,-79.33786,9
777,-41.783653,9
778,-57.901276,9
779,-44.000183,9
780,-52.114403,9
781,-47.384007,9
782,-59.207165,9
783,-35.729935,9
784,-45.429478,9
785,-65.32001,9
786,-104.94064,9
787,-44.776985,9
788,-50.494698,9
789,-61.74819,9
790,-92.74571,9
791,-50.792366,9
792,-94.87007,9
793,-68.67463,9
794,-91.11416,9
795,-60.40944,9
796,-75.30314,9
797,-62.544464,9
798,-99.90558,9
799,-96.4948,9
