Image,Value,Label
0,243.08919,0
1,80.49535,0
2,68.53787,0
3,152.23183,0
4,60.589756,0
5,74.654655,0
6,44.443707,0
7,95.35623,0
8,128.03181,0
9,86.4215,0
10,52.198463,0
11,126.61783,0
12,178.27367,0
13,125.67584,0
14,180.18182,0
15,65.30375,0
16,47.174236,0
17,79.27364,0
18,137.3465,0
19,126.34776,0
20,134.69945,0
21,66.073364,0
22,160.47905,0
23,56.46036,0
24,277.8275,0
25,79.7774,0
26,210.2129,0
27,96.66361,0
28,90.84662,0
29,139.3011,0
30,40.60046,0
31,80.93038,0
32,194.5262,0
33,67.33851,0
34,77.508965,0
35,66.14284,0
36,84.55222,0
37,114.83748,0
38,56.832424,0
39,73.77917,0
40,179.92192,0
41,93.48582,0
42,100.01238,0
43,41.01395,0
44,65.66488,0
45,123.62423,0
46,38.745266,0
47,106.82536,0
48,63.836163,0
49,75.416214,0
50,85.18573,0
51,64.28797,0
52,61.26496,0
53,73.01136,0
54,193.31064,0
55,161.22913,0
56,60.790295,0
57,111.83986,0
58,149.77132,0
59,66.28073,0
60,99.97368,0
61,152.53395,0
62,87.80806,0
63,106.039024,0
64,80.79161,0
65,142.44266,0
66,103.97855,0
67,114.53066,0
68,73.14171,0
69,163.7708,0
70,124.931076,0
71,89.21933,0
72,153.0344,0
73,38.122776,0
74,78.86268,0
75,186.43056,0
76,21.302717,0
77,133.91214,0
78,268.2562,0
79,205.40422,0
80,40.741196,1
81,78.39765,1
82,57.709522,1
83,65.90227,1
84,65.918526,1
85,45.003056,1
86,67.071495,1
87,72.251526,1
88,63.403934,1
89,41.509327,1
90,63.836887,1
91,57.891476,1
92,52.644283,1
93,39.867863,1
94,105.03537,1
95,74.741135,1
96,72.19606,1
97,61.992195,1
98,53.676052,1
99,64.82483,1
100,81.688705,1
101,65.82561,1
102,42.22352,1
103,66.45869,1
104,61.41821,1
105,77.9034,1
106,46.429047,1
107,53.2587,1
108,49.699787,1
109,60.86147,1
110,52.56616,1
111,73.2908,1
112,52.626446,1
113,40.191864,1
114,51.612453,1
115,57.83578,1
116,54.543285,1
117,69.91973,1
118,50.534283,1
119,65.41881,1
120,61.233624,1
121,67.26066,1
122,60.933853,1
123,43.28288,1
124,66.73956,1
125,57.92598,1
126,64.40703,1
127,58.466534,1
128,51.728138,1
129,53.398712,1
130,69.1166,1
131,74.38258,1
132,89.98082,1
133,56.95891,1
134,45.613174,1
135,54.286846,1
136,55.485844,1
137,56.907276,1
138,57.500866,1
139,58.366177,1
140,48.29874,1
141,60.54857,1
142,56.120377,1
143,46.94552,1
144,51.24528,1
145,47.41463,1
146,43.503227,1
147,40.091236,1
148,43.38699,1
149,59.816273,1
150,31.826365,1
151,53.884792,1
152,97.16711,1
153,39.63266,1
154,51.836315,1
155,51.834557,1
156,40.482746,1
157,58.53972,1
158,66.66969,1
159,42.262257,1
160,75.659515,2
161,145.3134,2
162,110.86853,2
163,88.841644,2
164,109.63466,2
165,115.513855,2
166,90.39283,2
167,159.93274,2
168,98.37313,2
169,105.851654,2
170,114.71041,2
171,141.98508,2
172,133.1237,2
173,102.8445,2
174,94.06935,2
175,95.91611,2
176,85.671936,2
177,141.91939,2
178,131.05128,2
179,135.73055,2
180,63.210186,2
181,113.09153,2
182,139.8944,2
183,122.88556,2
184,115.92819,2
185,188.03194,2
186,38.715794,2
187,108.25015,2
188,101.95952,2
189,70.40386,2
190,75.036606,2
191,79.934166,2
192,100.29198,2
193,143.25789,2
194,100.2733,2
195,43.142178,2
196,149.12627,2
197,114.18591,2
198,116.87035,2
199,125.5903,2
200,94.26943,2
201,106.70462,2
202,81.318924,2
203,122.05765,2
204,108.44489,2
205,95.91993,2
206,50.715927,2
207,157.30704,2
208,120.75185,2
209,52.1385,2
210,47.543423,2
211,180.46843,2
212,162.13536,2
213,106.55153,2
214,130.68141,2
215,95.945816,2
216,111.83857,2
217,82.98768,2
218,130.62296,2
219,189.80966,2
220,146.78716,2
221,165.51115,2
222,132.45334,2
223,81.98498,2
224,83.12029,2
225,199.80971,2
226,181.45264,2
227,53.613033,2
228,123.600296,2
229,129.72916,2
230,121.36924,2
231,38.987034,2
232,110.261536,2
233,237.85316,2
234,110.62282,2
235,133.84346,2
236,95.61076,2
237,143.78859,2
238,91.41545,2
239,65.46234,2
240,61.361332,3
241,50.881702,3
242,46.60359,3
243,42.14185,3
244,49.713306,3
245,60.137177,3
246,27.395414,3
247,92.55233,3
248,64.18173,3
249,78.99096,3
250,54.3122,3
251,73.33138,3
252,55.142162,3
253,38.420155,3
254,34.0795,3
255,32.871788,3
256,86.31427,3
257,104.10693,3
258,84.527756,3
259,30.766546,3
260,69.03471,3
261,18.700579,3
262,62.80733,3
263,61.3505,3
264,96.95477,3
265,76.73182,3
266,42.641647,3
267,42.940838,3
268,130.52228,3
269,154.14963,3
270,65.71608,3
271,62.2652,3
272,38.44565,3
273,0.63533574,3
274,79.88906,3
275,35.331753,3
276,97.934654,3
277,80.55861,3
278,116.824066,3
279,54.546276,3
280,48.451412,3
281,129.49849,3
282,46.073196,3
283,-2.7834113,3
284,65.66089,3
285,100.63876,3
286,77.12175,3
287,14.983862,3
288,63.381916,3
289,70.69203,3
290,33.51523,3
291,60.871563,3
292,23.569891,3
293,94.732925,3
294,22.381376,3
295,58.21966,3
296,82.822556,3
297,114.49799,3
298,19.13996,3
299,123.26196,3
300,112.13944,3
301,0.6679819,3
302,30.86769,3
303,17.673376,3
304,41.962093,3
305,38.378754,3
306,35.728695,3
307,42.676144,3
308,75.7502,3
309,81.99843,3
310,80.23259,3
311,26.324495,3
312,60.461323,3
313,70.52295,3
314,70.38682,3
315,65.31263,3
316,56.18769,3
317,115.19414,3
318,46.903606,3
319,183.19286,3
320,-23.480406,4
321,0.6876314,4
322,-7.4478817,4
323,19.181305,4
324,-17.353365,4
325,-31.414604,4
326,-38.666576,4
327,-3.7141898,4
328,9.171255,4
329,21.38695,4
330,11.709625,4
331,23.547323,4
332,-6.3895016,4
333,7.0760326,4
334,-9.241518,4
335,-3.1677554,4
336,20.034172,4
337,35.069553,4
338,-8.655731,4
339,-13.371725,4
340,4.3671894,4
341,-8.969175,4
342,-22.384325,4
343,-2.4898856,4
344,-37.24357,4
345,-27.790876,4
346,24.640646,4
347,66.18268,4
348,15.517824,4
349,-5.543701,4
350,-47.505013,4
351,103.92175,4
352,-39.32784,4
353,-8.292135,4
354,67.070274,4
355,-23.70219,4
356,60.4172,4
357,-29.76425,4
358,-23.267653,4
359,23.850954,4
360,2.4404523,4
361,-25.410643,4
362,44.146812,4
363,0.16985877,4
364,21.309137,4
365,-8.069489,4
366,5.2858944,4
367,-22.160925,4
368,-61.235172,4
369,4.900339,4
370,49.016724,4
371,-22.884867,4
372,26.371086,4
373,-22.339476,4
374,20.543528,4
375,-34.06249,4
376,11.495375,4
377,23.853388,4
378,-20.947351,4
379,14.073656,4
380,-39.944588,4
381,24.12554,4
382,-19.842047,4
383,-16.023474,4
384,-0.7498228,4
385,2.3587587,4
386,-45.406948,4
387,-21.55168,4
388,-15.281004,4
389,-25.147512,4
390,54.152107,4
391,-17.424215,4
392,-42.640514,4
393,42.01217,4
394,39.443855,4
395,35.95512,4
396,3.9111764,4
397,-39.877872,4
398,27.7661,4
399,-24.65416,4
400,147.60072,5
401,4.095846,5
402,-11.725077,5
403,1.41543,5
404,-8.186487,5
405,68.52431,5
406,-22.704988,5
407,20.127562,5
408,-11.341829,5
409,46.948666,5
410,21.873682,5
411,-27.248667,5
412,10.1314335,5
413,3.154043,5
414,5.091917,5
415,15.072157,5
416,156.84575,5
417,38.49625,5
418,-24.76412,5
419,18.107939,5
420,-36.652203,5
421,86.411224,5
422,-32.319706,5
423,-78.87912,5
424,25.501726,5
425,6.9939384,5
426,-21.509165,5
427,-62.87839,5
428,-33.182705,5
429,-12.762407,5
430,4.70603,5
431,-22.350176,5
432,31.113688,5
433,47.77029,5
434,12.055639,5
435,22.88965,5
436,-7.103525,5
437,-36.746517,5
438,-32.21077,5
439,-5.4505634,5
440,-42.24598,5
441,-35.57781,5
442,-32.70609,5
443,-7.8896427,5
444,3.5421884,5
445,-6.977106,5
446,-57.468163,5
447,26.585752,5
448,-42.31065,5
449,-7.8689594,5
450,-54.684208,5
451,55.25136,5
452,-41.78808,5
453,45.9947,5
454,-7.133707,5
455,-84.56289,5
456,102.27507,5
457,27.666327,5
458,5.237875,5
459,-83.83429,5
460,-36.13197,5
461,-9.561571,5
462,61.1014,5
463,73.04615,5
464,1.9685496,5
465,-20.456915,5
466,-34.224606,5
467,-0.49435252,5
468,-12.677988,5
469,-34.711964,5
470,-38.22903,5
471,100.31456,5
472,38.314144,5
473,47.160805,5
474,7.3242054,5
475,-42.470898,5
476,-3.6735404,5
477,50.647247,5
478,-29.810091,5
479,8.6111355,5
480,36.931965,6
481,27.870699,6
482,25.573286,6
483,16.214125,6
484,40.478184,6
485,23.813093,6
486,-4.918192,6
487,-12.673014,6
488,28.133467,6
489,112.29907,6
490,41.312984,6
491,43.366634,6
492,23.046465,6
493,0.9080561,6
494,28.44597,6
495,-35.715935,6
496,0.47979528,6
497,-7.490572,6
498,34.058117,6
499,136.2431,6
500,9.586668,6
501,16.607115,6
502,25.382505,6
503,54.5292,6
504,21.582533,6
505,25.90199,6
506,28.45809,6
507,4.391283,6
508,48.933136,6
509,55.094746,6
510,-11.574701,6
511,-2.3524115,6
512,98.682106,6
513,17.634367,6
514,21.604982,6
515,-13.589159,6
516,1.0135936,6
517,32.138042,6
518,24.802977,6
519,26.144468,6
520,28.392103,6
521,48.951397,6
522,92.06023,6
523,19.655935,6
524,141.0299,6
525,-5.7007427,6
526,1.9249552,6
527,47.141933,6
528,48.725243,6
529,22.035051,6
530,29.940702,6
531,9.22463,6
532,42.01601,6
533,27.009329,6
534,24.506887,6
535,21.647017,6
536,52.4296,6
537,39.792507,6
538,27.303007,6
539,29.091883,6
540,55.658916,6
541,31.428537,6
542,39.38072,6
543,41.356113,6
544,24.138952,6
545,37.92949,6
546,-41.202972,6
547,30.30172,6
548,-10.524363,6
549,2.9134576,6
550,-52.048187,6
551,5.3502483,6
552,-8.184042,6
553,14.646711,6
554,19.446623,6
555,4.68495,6
556,31.670294,6
557,157.86665,6
558,68.26036,6
559,28.05242,6
560,0.14467509,7
561,-29.274626,7
562,-11.001108,7
563,-44.082203,7
564,-62.549496,7
565,-33.277683,7
566,6.8680553,7
567,-35.921093,7
568,-14.804878,7
569,18.96668,7
570,0.13163169,7
571,-20.75578,7
572,-20.832525,7
573,42.9323,7
574,-12.103209,7
575,-22.328793,7
576,-20.428133,7
577,-4.7016735,7
578,-40.646114,7
579,-12.882788,7
580,-15.77466,7
581,-20.162895,7
582,9.03327,7
583,34.577442,7
584,17.515923,7
585,28.494604,7
586,-15.489067,7
587,23.807596,7
588,-6.5462494,7
589,-21.441881,7
590,53.931183,7
591,-9.733387,7
592,2.4917505,7
593,-19.625181,7
594,-32.656967,7
595,6.0999823,7
596,12.503096,7
597,-14.820944,7
598,-6.8113155,7
599,-19.474241,7
600,-47.435913,7
601,-29.033659,7
602,-31.253984,7
603,-23.826809,7
604,-47.070896,7
605,-30.686703,7
606,20.124086,7
607,5.1564426,7
608,-28.131216,7
609,-25.423498,7
610,-35.442593,7
611,56.021206,7
612,53.764057,7
613,-18.295664,7
614,-3.7084343,7
615,7.5579605,7
616,-36.186466,7
617,-23.110033,7
618,22.965193,7
619,6.917761,7
620,6.9988956,7
621,-14.545202,7
622,-9.136908,7
623,-35.76939,7
624,22.434288,7
625,33.321472,7
626,-12.908243,7
627,-8.096783,7
628,-22.119951,7
629,-5.992136,7
630,-22.140696,7
631,-9.144986,7
632,-30.73561,7
633,-51.34456,7
634,27.085846,7
635,-7.1076317,7
636,-34.3483,7
637,8.959551,7
638,26.473768,7
639,3.7707002,7
640,-38.64049,8
641,4.1218777,8
642,-3.0844347,8
643,-4.767599,8
644,-23.913248,8
645,-10.64525,8
646,7.9821987,8
647,-11.210993,8
648,-17.328405,8
649,-25.291685,8
650,-40.09789,8
651,-22.57881,8
652,-33.31013,8
653,54.86156,8
654,3.220411,8
655,-43.97858,8
656,-7.2482815,8
657,-6.742117,8
658,28.944098,8
659,7.109518,8
660,-3.7637427,8
661,-9.634943,8
662,-6.439249,8
663,-13.928968,8
664,41.106808,8
665,16.420355,8
666,-59.099438,8
667,-3.462412,8
668,14.20561,8
669,-13.187609,8
670,-7.1097126,8
671,-0.34186763,8
672,12.066954,8
673,-23.921213,8
674,11.00094,8
675,-50.092754,8
676,-0.34875125,8
677,-28.063112,8
678,-13.550833,8
679,-23.626345,8
680,-17.852633,8
681,24.398237,8
682,-6.3407917,8
683,26.640306,8
684,-18.02675,8
685,-31.982836,8
686,45.24737,8
687,-100.396576,8
688,-38.308956,8
689,-14.037062,8
690,-69.34749,8
691,-32.970997,8
692,-34.36779,8
693,-45.172333,8
694,-47.76137,8
695,-13.26108,8
696,21.457773,8
697,-11.740892,8
698,-21.648737,8
699,-59.791348,8
700,-39.42117,8
701,-62.907017,8
702,-34.84902,8
703,-7.8077145,8
704,-13.042131,8
705,-38.523632,8
706,-19.399473,8
707,-12.06772,8
708,18.224379,8
709,-38.419003,8
710,-24.989538,8
711,-8.497862,8
712,-22.07245,8
713,22.35467,8
714,-31.43632,8
715,-31.354128,8
716,82.13051,8
717,34.595234,8
718,29.711206,8
719,-22.717134,8
720,-67.7283,9
721,-71.50187,9
722,-38.65691,9
723,-13.032881,9
724,-48.35569,9
725,-50.625965,9
726,-52.36986,9
727,-16.315306,9
728,-51.254818,9
729,-92.79375,9
730,-47.61022,9
731,-42.783978,9
732,21.491598,9
733,-32.03208,9
734,-47.711964,9
735,-54.840336,9
736,-43.107693,9
737,-24.517817,9
738,-57.67744,9
739,-54.31712,9
740,-60.921112,9
741,-32.66638,9
742,51.982464,9
743,-54.56074,9
744,33.558872,9
745,15.861723,9
746,-49.267952,9
747,-39.407352,9
748,-31.05586,9
749,-54.66737,9
750,-39.446445,9
751,-43.96619,9
752,39.37933,9
753,-89.291664,9
754,35.585217,9
755,-39.06509,9
756,-53.072826,9
757,-37.57488,9
758,-26.943148,9
759,-27.398172,9
760,-43.902187,9
761,-55.872215,9
762,56.73478,9
763,-27.754728,9
764,-64.747574,9
765,-25.057833,9
766,-17.659529,9
767,-57.174152,9
768,-44.63892,9
769,-30.166868,9
770,-68.77054,9
771,-55.40614,9
772,-33.345856,9
773,-59.069393,9
774,-50.630127,9
775,-49.203327,9
776,-71.78234,9
777,-56.884274,9
778,25.443504,9
779,-43.14018,9
780,-0.33117503,9
781,10.237549,9
782,-22.770288,9
783,-37.070656,9
784,-47.868534,9
785,-48.929474,9
786,39.9857,9
787,-43.231922,9
788,-65.46278,9
789,-69.60556,9
790,-35.368977,9
791,-29.89735,9
792,-76.68949,9
793,-4.174814,9
794,-45.16092,9
795,-59.3971,9
796,-19.779867,9
797,-53.34155,9
798,-104.58057,9
799,-54.586243,9
