Image,Value,Label
0,29.68295,0
1,-13.272536,0
2,-26.730305,0
3,-19.568356,0
4,-65.17014,0
5,-54.05263,0
6,-90.44234,0
7,-30.25512,0
8,-25.644196,0
9,-49.444096,0
10,-88.03674,0
11,-36.718807,0
12,-5.5028644,0
13,-3.3921082,0
14,-4.9176364,0
15,-52.811863,0
16,-93.80915,0
17,-36.0469,0
18,-51.04691,0
19,-26.415665,0
20,-71.50613,0
21,-56.613037,0
22,0.8958556,0
23,-38.03477,0
24,28.333027,0
25,-29.613546,0
26,-3.757846,0
27,-51.63219,0
28,-60.738197,0
29,-26.40701,0
30,-89.546684,0
31,-57.51587,0
32,2.5291717,0
33,-48.307102,0
34,-95.03465,0
35,-65.67662,0
36,-19.645256,0
37,-24.555332,0
38,-76.13781,0
39,-78.37093,0
40,-11.347598,0
41,-46.01131,0
42,-82.12754,0
43,-66.70394,0
44,-47.43236,0
45,-26.517448,0
46,-117.335396,0
47,-33.17732,0
48,-56.57964,0
49,-27.199545,0
50,-43.489693,0
51,-63.251183,0
52,-48.492905,0
53,-79.50452,0
54,-10.550014,0
55,13.146588,0
56,-66.476715,0
57,8.789659,0
58,-10.083789,0
59,-69.68151,0
60,-36.569485,0
61,-0.54443675,0
62,-1.2629616,0
63,-47.845562,0
64,-68.27534,0
65,-7.6069674,0
66,-29.05331,0
67,0.70107716,0
68,-29.604952,0
69,14.435742,0
70,6.3938184,0
71,-52.74263,0
72,1.3651702,0
73,-124.244484,0
74,-35.558994,0
75,30.108631,0
76,-116.30976,0
77,-90.26909,0
78,20.55859,0
79,59.450108,0
80,-30.92668,1
81,-17.166916,1
82,-42.545166,1
83,-37.46525,1
84,-23.352274,1
85,-44.413418,1
86,-25.107906,1
87,-27.344534,1
88,-27.126537,1
89,-53.773293,1
90,-16.587122,1
91,-18.789684,1
92,-29.232292,1
93,-41.610687,1
94,-11.668137,1
95,-6.1068206,1
96,-33.715843,1
97,-13.978576,1
98,-22.590572,1
99,-33.40521,1
100,-28.156736,1
101,-18.225025,1
102,-49.10343,1
103,-6.809901,1
104,-19.513248,1
105,-31.042835,1
106,-43.089664,1
107,-30.765131,1
108,-27.77258,1
109,-16.086899,1
110,-35.864475,1
111,-22.905518,1
112,-38.018692,1
113,-33.811405,1
114,-29.876926,1
115,-24.215626,1
116,-36.97389,1
117,-14.616191,1
118,-35.34053,1
119,-15.072981,1
120,-18.895622,1
121,-27.126099,1
122,-26.31939,1
123,-36.19499,1
124,-31.69697,1
125,-20.508701,1
126,-43.118847,1
127,-23.61804,1
128,-25.343697,1
129,-24.809021,1
130,-15.750662,1
131,-8.06145,1
132,-0.77138263,1
133,-26.652256,1
134,-27.645315,1
135,-26.37284,1
136,-27.152445,1
137,-29.698616,1
138,-41.84396,1
139,-36.911068,1
140,-28.388885,1
141,-21.488796,1
142,-36.63104,1
143,-33.000202,1
144,-38.03307,1
145,-14.134513,1
146,-24.809204,1
147,-34.40092,1
148,-48.928562,1
149,-26.315113,1
150,-48.39279,1
151,-45.07261,1
152,14.679906,1
153,-46.880924,1
154,-51.15613,1
155,-32.152763,1
156,-59.33186,1
157,-27.003815,1
158,-29.44484,1
159,-48.621647,1
160,-5.8648057,2
161,17.176033,2
162,-3.793033,2
163,-1.8768532,2
164,-5.752834,2
165,-31.23656,2
166,-22.396553,2
167,-2.3555481,2
168,-27.798622,2
169,-25.654758,2
170,29.232159,2
171,-14.614139,2
172,-17.469543,2
173,-49.91813,2
174,-28.821896,2
175,-40.75858,2
176,-25.37455,2
177,-3.6541092,2
178,-32.650913,2
179,-13.524231,2
180,-8.921155,2
181,-36.81046,2
182,13.698693,2
183,-4.855972,2
184,-27.560606,2
185,79.84617,2
186,-55.038876,2
187,-4.4495635,2
188,23.350603,2
189,7.471333,2
190,-21.46844,2
191,-54.006317,2
192,2.1696594,2
193,36.093452,2
194,-43.915863,2
195,-67.98524,2
196,-5.3932605,2
197,-7.0916343,2
198,-12.393472,2
199,-22.5685,2
200,-10.779233,2
201,-10.648252,2
202,-8.571971,2
203,36.66346,2
204,42.60457,2
205,12.999072,2
206,-47.358658,2
207,31.469814,2
208,-9.299315,2
209,-22.531971,2
210,-42.728054,2
211,19.303715,2
212,-3.218242,2
213,-1.112035,2
214,-17.824284,2
215,-58.87992,2
216,2.4592807,2
217,-35.11988,2
218,-15.4076605,2
219,45.294445,2
220,37.85448,2
221,18.763168,2
222,21.84364,2
223,-4.425384,2
224,12.181051,2
225,65.03061,2
226,106.17365,2
227,-50.124454,2
228,0.94979733,2
229,-30.309408,2
230,27.986874,2
231,-35.772038,2
232,-19.73468,2
233,77.924614,2
234,-26.833733,2
235,1.5053222,2
236,-1.8617966,2
237,-0.16873102,2
238,-11.644824,2
239,-32.997738,2
240,-109.21174,3
241,-53.3337,3
242,-48.37154,3
243,-33.803074,3
244,-77.92733,3
245,-70.676636,3
246,-112.67158,3
247,-25.246552,3
248,-88.91031,3
249,-46.12885,3
250,-113.27271,3
251,-70.99859,3
252,-63.50518,3
253,-93.88807,3
254,-84.70282,3
255,-92.238655,3
256,-59.026325,3
257,-45.82809,3
258,-86.93624,3
259,-106.776344,3
260,-73.85006,3
261,-108.007835,3
262,-69.21492,3
263,-50.50235,3
264,0.23828383,3
265,-86.44114,3
266,-101.9132,3
267,-81.92709,3
268,-49.01075,3
269,-26.558655,3
270,-32.450375,3
271,-58.83141,3
272,-90.146194,3
273,-92.38214,3
274,-45.113895,3
275,-55.98838,3
276,-91.31594,3
277,-31.424051,3
278,-60.13287,3
279,-100.10845,3
280,-87.06193,3
281,-55.366932,3
282,-100.464554,3
283,-109.45672,3
284,-55.32341,3
285,-30.963884,3
286,-70.02608,3
287,-115.31116,3
288,-89.72282,3
289,-57.964664,3
290,-82.219734,3
291,-64.90226,3
292,-96.72642,3
293,-65.28246,3
294,-101.735435,3
295,-88.708626,3
296,-61.291428,3
297,-60.81629,3
298,-132.81888,3
299,-70.16545,3
300,-62.460514,3
301,-143.61984,3
302,-44.83524,3
303,-70.46036,3
304,-75.767426,3
305,-63.62737,3
306,-69.8434,3
307,-42.17919,3
308,-11.164942,3
309,-65.1243,3
310,-126.1646,3
311,-84.69952,3
312,-52.128834,3
313,-47.827793,3
314,-61.788635,3
315,-96.33125,3
316,-34.52985,3
317,-83.93459,3
318,-84.629906,3
319,40.935184,3
320,-57.614204,4
321,-59.6818,4
322,-67.49973,4
323,-72.78929,4
324,-67.44768,4
325,-59.82306,4
326,-82.616905,4
327,-96.16849,4
328,-102.606575,4
329,-54.37734,4
330,-69.01194,4
331,-36.793766,4
332,-63.563107,4
333,-61.44419,4
334,-89.93745,4
335,-59.564877,4
336,-21.497122,4
337,-82.683304,4
338,-84.859276,4
339,-85.36663,4
340,-89.01303,4
341,-48.66509,4
342,-80.763885,4
343,-49.93175,4
344,-82.16209,4
345,-84.56731,4
346,-49.110405,4
347,9.132401,4
348,-32.98225,4
349,-46.739765,4
350,-116.91489,4
351,3.047177,4
352,-57.482544,4
353,-40.123287,4
354,-20.73454,4
355,-73.8864,4
356,-60.236805,4
357,-93.444664,4
358,-38.847847,4
359,-48.083637,4
360,-66.257,4
361,-93.290565,4
362,-63.860546,4
363,-39.848053,4
364,-55.483334,4
365,-63.03815,4
366,-93.01705,4
367,-80.374245,4
368,-81.98269,4
369,-56.95165,4
370,0.2552764,4
371,-41.32545,4
372,-29.930862,4
373,-64.37799,4
374,-92.214714,4
375,-85.99451,4
376,-43.93598,4
377,-73.99056,4
378,-74.36205,4
379,-44.618443,4
380,-77.62898,4
381,-34.669094,4
382,-87.85212,4
383,-81.26338,4
384,-56.824562,4
385,-58.486347,4
386,-98.25478,4
387,-83.094086,4
388,-52.27718,4
389,-82.7492,4
390,-38.40209,4
391,-80.82888,4
392,-82.55474,4
393,-55.464275,4
394,-46.370388,4
395,-49.66673,4
396,-65.68272,4
397,-50.801273,4
398,-29.87573,4
399,-51.16297,4
400,-9.345155,5
401,-63.185772,5
402,-89.48933,5
403,-81.387,5
404,-75.43088,5
405,-39.076984,5
406,-81.70626,5
407,-36.965595,5
408,-77.31275,5
409,-41.55344,5
410,-6.82937,5
411,-91.81318,5
412,-34.216988,5
413,-65.2123,5
414,-92.40965,5
415,-70.52221,5
416,-38.656094,5
417,-55.65862,5
418,-104.25525,5
419,-86.665184,5
420,-88.560036,5
421,-23.381674,5
422,-115.658134,5
423,-125.118614,5
424,-64.0642,5
425,-52.97061,5
426,-104.205025,5
427,-122.24629,5
428,-103.90064,5
429,-73.32589,5
430,-113.68492,5
431,-90.01295,5
432,-27.070347,5
433,-10.938045,5
434,-85.83268,5
435,-63.286045,5
436,-102.65142,5
437,-118.65948,5
438,-90.67671,5
439,-62.701534,5
440,-87.09133,5
441,-112.0975,5
442,-99.343094,5
443,-93.5731,5
444,-67.605,5
445,-52.247543,5
446,-100.40143,5
447,-84.8331,5
448,-137.63052,5
449,-85.761444,5
450,-87.50608,5
451,-31.8914,5
452,-84.98135,5
453,-58.34966,5
454,-59.48692,5
455,-113.390686,5
456,35.261448,5
457,-94.237434,5
458,-73.66676,5
459,-129.50157,5
460,-66.74025,5
461,-123.05313,5
462,-60.62739,5
463,-30.68208,5
464,-103.17469,5
465,-54.634968,5
466,-95.20917,5
467,-51.204113,5
468,-50.688335,5
469,-104.439415,5
470,-92.11321,5
471,-32.370083,5
472,-59.518124,5
473,-43.946156,5
474,-56.28059,5
475,-101.81958,5
476,-80.013405,5
477,-15.100053,5
478,-81.649025,5
479,-70.14672,5
480,-11.7747965,6
481,23.913836,6
482,-11.751643,6
483,15.570594,6
484,-1.7643011,6
485,5.949988,6
486,-29.492355,6
487,-49.174328,6
488,1.2638557,6
489,46.540443,6
490,23.84869,6
491,-11.278289,6
492,9.532615,6
493,-16.63636,6
494,24.911615,6
495,-33.63374,6
496,-11.786471,6
497,-27.772278,6
498,24.035778,6
499,54.465775,6
500,-24.177189,6
501,46.69634,6
502,-15.184579,6
503,38.93029,6
504,-17.246424,6
505,-12.589625,6
506,28.239733,6
507,25.252014,6
508,11.937748,6
509,23.179787,6
510,4.9391675,6
511,-27.055185,6
512,49.168068,6
513,-16.876663,6
514,-6.5339317,6
515,-1.2048466,6
516,-34.424656,6
517,-7.32673,6
518,-14.420606,6
519,-26.227154,6
520,-15.67794,6
521,-30.192173,6
522,59.817677,6
523,-32.72393,6
524,29.556057,6
525,-6.9870048,6
526,19.360035,6
527,0.7537295,6
528,38.829468,6
529,-10.684677,6
530,-10.776508,6
531,16.729134,6
532,7.5955777,6
533,-16.28177,6
534,2.640743,6
535,-6.035294,6
536,4.4352536,6
537,-41.016186,6
538,-24.117697,6
539,-1.6920335,6
540,40.728973,6
541,3.2491567,6
542,-15.954547,6
543,-8.61994,6
544,38.284893,6
545,-5.886778,6
546,-31.884884,6
547,14.915966,6
548,-37.01001,6
549,-17.022884,6
550,-54.247917,6
551,-6.8568454,6
552,-56.975952,6
553,-14.69654,6
554,-34.227795,6
555,2.3267257,6
556,-27.33668,6
557,94.27869,6
558,34.158115,6
559,-10.618431,6
560,-98.232475,7
561,-63.12569,7
562,-53.93068,7
563,-89.32059,7
564,-124.936485,7
565,-95.25473,7
566,-70.03718,7
567,-86.207085,7
568,-90.68539,7
569,-79.43801,7
570,-92.115944,7
571,-58.226654,7
572,-92.84932,7
573,-79.69535,7
574,-60.873203,7
575,-70.69935,7
576,-93.611,7
577,-74.11372,7
578,-110.747795,7
579,-98.31304,7
580,-78.742195,7
581,-77.20472,7
582,-83.96322,7
583,-72.432724,7
584,-68.788055,7
585,-46.987694,7
586,-83.31529,7
587,-80.62917,7
588,-71.4104,7
589,-85.230545,7
590,-74.37051,7
591,-54.563232,7
592,-52.775127,7
593,-84.97227,7
594,-77.37078,7
595,-71.88041,7
596,-47.36852,7
597,-117.53232,7
598,-70.232544,7
599,-108.179504,7
600,-144.25902,7
601,-75.34244,7
602,-79.484215,7
603,-101.34334,7
604,-85.271935,7
605,-78.11699,7
606,-68.45018,7
607,-78.79255,7
608,-101.441154,7
609,-60.7849,7
610,-110.34739,7
611,-46.287388,7
612,-46.881252,7
613,-91.090034,7
614,-83.830055,7
615,-52.75491,7
616,-93.774475,7
617,-88.421715,7
618,-45.220608,7
619,-72.29923,7
620,-72.61897,7
621,-86.43171,7
622,-65.125725,7
623,-52.717426,7
624,-24.963615,7
625,-79.44805,7
626,-77.704666,7
627,-70.96305,7
628,-53.828407,7
629,-93.01606,7
630,-114.444244,7
631,-53.454292,7
632,-80.31537,7
633,-94.56196,7
634,-70.46875,7
635,-100.24435,7
636,-89.71325,7
637,-95.390236,7
638,-55.24329,7
639,-57.042538,7
640,-118.74256,8
641,-66.37986,8
642,-51.5534,8
643,-24.177874,8
644,-83.19431,8
645,-40.94798,8
646,-77.805336,8
647,-61.934025,8
648,-49.843662,8
649,-69.29575,8
650,-100.1818,8
651,-74.372,8
652,-114.40099,8
653,-61.40639,8
654,-84.09687,8
655,-79.369484,8
656,-42.42614,8
657,-59.971355,8
658,-45.61529,8
659,-54.453815,8
660,-105.427536,8
661,-58.862278,8
662,-68.42971,8
663,-75.349785,8
664,-81.36916,8
665,-38.040337,8
666,-101.95057,8
667,-51.964478,8
668,-74.61868,8
669,-94.387505,8
670,-69.37797,8
671,-50.575336,8
672,-67.81707,8
673,-108.06645,8
674,-49.883625,8
675,-100.50788,8
676,-13.816231,8
677,-47.426075,8
678,-44.51321,8
679,-71.60442,8
680,-69.186005,8
681,-60.119747,8
682,-84.75872,8
683,-44.816116,8
684,-97.14689,8
685,-63.49866,8
686,-37.081215,8
687,-138.72263,8
688,-114.941444,8
689,-27.020893,8
690,-84.44543,8
691,-80.780525,8
692,-84.37803,8
693,-118.663155,8
694,-84.334724,8
695,-53.472675,8
696,-87.928795,8
697,-59.12846,8
698,-62.402706,8
699,-66.68217,8
700,-119.54654,8
701,-112.532616,8
702,-77.04368,8
703,-59.42379,8
704,-111.37044,8
705,-78.959816,8
706,-59.752403,8
707,-91.43107,8
708,-53.340458,8
709,-91.6973,8
710,-75.582535,8
711,-56.41172,8
712,-90.23736,8
713,-38.04657,8
714,-73.14127,8
715,-93.22199,8
716,-42.47914,8
717,-51.04668,8
718,-65.025024,8
719,-64.00985,8
720,-96.50625,9
721,-142.3095,9
722,-63.81454,9
723,-74.59241,9
724,-70.12957,9
725,-96.766594,9
726,-85.73742,9
727,-47.535637,9
728,-85.83805,9
729,-92.45365,9
730,-65.19144,9
731,-62.90656,9
732,-69.822044,9
733,-78.91602,9
734,-90.874466,9
735,-98.96995,9
736,-68.40112,9
737,-82.85811,9
738,-95.0344,9
739,-78.17347,9
740,-86.34191,9
741,-75.091896,9
742,-38.53957,9
743,-95.07787,9
744,-24.673811,9
745,-42.02297,9
746,-69.783,9
747,-84.32081,9
748,-80.93328,9
749,-94.43823,9
750,-64.00988,9
751,-86.79998,9
752,-44.992397,9
753,-104.368904,9
754,-78.18345,9
755,-63.031185,9
756,-78.86544,9
757,-61.8075,9
758,-57.242115,9
759,-42.225864,9
760,-72.57202,9
761,-94.576775,9
762,-9.067063,9
763,-58.41441,9
764,-91.096596,9
765,-37.46235,9
766,-66.20153,9
767,-99.48559,9
768,-77.47852,9
769,-57.468792,9
770,-120.75956,9
771,-92.36031,9
772,-86.90075,9
773,-75.70715,9
774,-100.94573,9
775,-72.84909,9
776,-112.26484,9
777,-90.937195,9
778,-20.20784,9
779,-58.83121,9
780,-77.11365,9
781,-43.365246,9
782,-59.96343,9
783,-69.80539,9
784,-67.4455,9
785,-77.3833,9
786,-35.894,9
787,-74.722374,9
788,-74.56528,9
789,-105.75614,9
790,-46.285023,9
791,-47.76878,9
792,-118.778656,9
793,-44.756645,9
794,-62.44504,9
795,-93.22355,9
796,-77.41158,9
797,-79.72205,9
798,-143.577,9
799,-92.47305,9
