Image,Value,Label
0,338.44928,0
1,159.96774,0
2,166.6571,0
3,283.47824,0
4,192.84561,0
5,197.24905,0
6,187.78679,0
7,245.92561,0
8,245.61938,0
9,207.04755,0
10,155.836,0
11,234.41403,0
12,341.48093,0
13,238.50845,0
14,260.67023,0
15,158.10239,0
16,167.74246,0
17,239.87099,0
18,290.71045,0
19,234.82657,0
20,312.77808,0
21,185.00034,0
22,291.95712,0
23,165.68434,0
24,323.09283,0
25,149.94498,0
26,284.3654,0
27,195.785,0
28,255.80554,0
29,223.68726,0
30,182.7435,0
31,171.91002,0
32,249.3935,0
33,175.67545,0
34,244.83466,0
35,209.38588,0
36,188.22871,0
37,190.42496,0
38,207.59682,0
39,154.04652,0
40,271.86325,0
41,240.0935,0
42,281.86066,0
43,162.84288,0
44,184.4921,0
45,234.3603,0
46,198.06845,0
47,242.94931,0
48,143.25214,0
49,161.03441,0
50,196.02533,0
51,192.91313,0
52,170.18103,0
53,182.17749,0
54,254.86955,0
55,247.8396,0
56,227.67416,0
57,153.51776,0
58,299.16254,0
59,174.83601,0
60,216.37051,0
61,238.94395,0
62,188.63597,0
63,239.09079,0
64,190.27197,0
65,290.3323,0
66,217.54262,0
67,209.3205,0
68,169.46191,0
69,230.03833,0
70,248.57971,0
71,209.6512,0
72,290.98813,0
73,244.88666,0
74,244.01492,0
75,249.3284,0
76,177.33409,0
77,312.59955,0
78,294.80167,0
79,280.1122,0
80,84.67456,1
81,94.31041,1
82,92.39818,1
83,83.38571,1
84,89.91665,1
85,69.11508,1
86,85.102875,1
87,94.94494,1
88,99.89555,1
89,79.20084,1
90,83.70106,1
91,80.61495,1
92,71.238495,1
93,86.429504,1
94,129.75298,1
95,84.73729,1
96,115.6815,1
97,83.25844,1
98,78.98956,1
99,98.53737,1
100,108.603165,1
101,93.77318,1
102,101.67244,1
103,85.555786,1
104,85.146835,1
105,109.741486,1
106,96.585266,1
107,93.685715,1
108,83.71672,1
109,75.008156,1
110,99.67688,1
111,97.6638,1
112,92.478836,1
113,79.991844,1
114,85.78394,1
115,75.38214,1
116,104.76878,1
117,94.60584,1
118,91.35533,1
119,87.374084,1
120,80.98552,1
121,94.51017,1
122,85.40134,1
123,80.197464,1
124,77.197464,1
125,81.07091,1
126,105.60851,1
127,69.83554,1
128,80.01021,1
129,86.48784,1
130,95.07654,1
131,93.797745,1
132,113.87676,1
133,89.25419,1
134,69.71707,1
135,71.4887,1
136,82.008804,1
137,80.27706,1
138,90.44743,1
139,93.03798,1
140,76.423164,1
141,75.331406,1
142,93.2401,1
143,71.23355,1
144,81.91403,1
145,86.089355,1
146,79.72305,1
147,72.73344,1
148,92.53386,1
149,102.70378,1
150,86.644775,1
151,104.86244,1
152,152.78098,1
153,78.5746,1
154,109.20017,1
155,88.005844,1
156,120.48244,1
157,82.67284,1
158,81.40199,1
159,91.98396,1
160,104.366936,2
161,218.28914,2
162,134.3687,2
163,159.48828,2
164,174.08968,2
165,227.78856,2
166,120.27812,2
167,220.99124,2
168,149.98634,2
169,158.66513,2
170,149.24622,2
171,218.34122,2
172,176.8107,2
173,185.20747,2
174,177.67734,2
175,220.71698,2
176,156.76376,2
177,179.58865,2
178,198.82736,2
179,195.9849,2
180,93.28685,2
181,209.8781,2
182,243.7929,2
183,177.34967,2
184,142.61774,2
185,203.17369,2
186,148.53201,2
187,150.62962,2
188,125.53654,2
189,95.918106,2
190,107.10114,2
191,135.61841,2
192,172.63068,2
193,209.59094,2
194,142.89578,2
195,103.85011,2
196,241.78024,2
197,164.56506,2
198,173.7482,2
199,272.87842,2
200,163.33481,2
201,176.49411,2
202,119.1326,2
203,226.47273,2
204,157.46246,2
205,112.86741,2
206,127.82149,2
207,275.7391,2
208,199.01773,2
209,201.69844,2
210,140.42332,2
211,267.4718,2
212,255.26755,2
213,177.97769,2
214,182.96577,2
215,195.89557,2
216,143.15955,2
217,104.45386,2
218,216.93756,2
219,262.7172,2
220,238.66528,2
221,278.65247,2
222,170.25313,2
223,127.47353,2
224,119.883156,2
225,248.2431,2
226,240.31961,2
227,130.08076,2
228,127.644226,2
229,177.92871,2
230,181.26721,2
231,136.19006,2
232,173.25587,2
233,303.17014,2
234,173.17004,2
235,215.0724,2
236,127.70686,2
237,190.24881,2
238,130.55711,2
239,170.59872,2
240,151.37149,3
241,128.97736,3
242,92.102844,3
243,100.70365,3
244,164.9801,3
245,139.16989,3
246,170.04128,3
247,154.90416,3
248,147.63245,3
249,125.97356,3
250,147.6732,3
251,135.07904,3
252,154.89597,3
253,122.178116,3
254,117.62636,3
255,146.00609,3
256,123.18235,3
257,163.51924,3
258,159.54721,3
259,175.54413,3
260,158.34976,3
261,112.71266,3
262,153.66986,3
263,121.57407,3
264,151.4033,3
265,158.82324,3
266,133.92282,3
267,116.11684,3
268,226.43317,3
269,182.67816,3
270,120.62325,3
271,155.93976,3
272,116.72287,3
273,94.1237,3
274,150.97604,3
275,113.23742,3
276,174.47911,3
277,128.07544,3
278,181.08409,3
279,130.02444,3
280,127.404655,3
281,203.18571,3
282,163.94293,3
283,131.35739,3
284,149.13159,3
285,146.01584,3
286,191.49226,3
287,171.86981,3
288,161.3294,3
289,180.63718,3
290,119.35817,3
291,137.7574,3
292,119.088135,3
293,157.07759,3
294,119.65839,3
295,137.3201,3
296,153.44327,3
297,171.796,3
298,107.38547,3
299,224.43207,3
300,219.06847,3
301,150.7414,3
302,80.47786,3
303,80.53362,3
304,97.668625,3
305,99.90494,3
306,121.455215,3
307,85.9294,3
308,109.16978,3
309,168.40662,3
310,239.99387,3
311,89.911545,3
312,122.78165,3
313,107.052635,3
314,142.87283,3
315,154.62515,3
316,94.26347,3
317,178.62494,3
318,128.7565,3
319,243.71387,3
320,155.35286,4
321,82.55325,4
322,80.46772,4
323,85.25668,4
324,133.50938,4
325,109.98288,4
326,89.369606,4
327,87.73187,4
328,139.11098,4
329,81.54597,4
330,91.22307,4
331,115.71759,4
332,107.85634,4
333,120.073494,4
334,85.74283,4
335,81.141685,4
336,56.684937,4
337,153.79997,4
338,71.34205,4
339,83.579926,4
340,138.55696,4
341,74.153915,4
342,125.244194,4
343,107.879295,4
344,71.35502,4
345,67.31079,4
346,79.28381,4
347,154.85078,4
348,61.898438,4
349,77.28823,4
350,96.93623,4
351,150.21875,4
352,108.2061,4
353,86.36128,4
354,155.37335,4
355,93.30501,4
356,173.91345,4
357,99.26942,4
358,113.40724,4
359,82.11778,4
360,94.30075,4
361,124.93904,4
362,103.12749,4
363,58.634117,4
364,103.191475,4
365,106.52274,4
366,136.00357,4
367,93.77631,4
368,50.451828,4
369,77.29793,4
370,130.74176,4
371,107.36112,4
372,70.50511,4
373,42.401745,4
374,138.92575,4
375,102.599785,4
376,102.162766,4
377,82.294685,4
378,115.63493,4
379,132.50491,4
380,117.595245,4
381,98.34311,4
382,65.27084,4
383,56.42923,4
384,151.11298,4
385,71.44,4
386,65.66615,4
387,104.90708,4
388,106.40567,4
389,126.26579,4
390,141.06477,4
391,61.364975,4
392,80.08142,4
393,151.90047,4
394,85.03187,4
395,139.43124,4
396,140.67068,4
397,56.128273,4
398,141.88913,4
399,113.90093,4
400,173.73688,5
401,100.63547,5
402,82.47619,5
403,94.863434,5
404,113.02018,5
405,152.70569,5
406,92.16003,5
407,110.629425,5
408,117.31886,5
409,108.66519,5
410,132.99457,5
411,71.28968,5
412,37.416107,5
413,78.18215,5
414,148.55699,5
415,78.00695,5
416,240.00665,5
417,159.64282,5
418,53.99373,5
419,103.81822,5
420,131.593,5
421,205.73128,5
422,126.81674,5
423,85.68466,5
424,86.77099,5
425,51.93053,5
426,77.48987,5
427,127.64747,5
428,105.72447,5
429,103.03522,5
430,149.86064,5
431,97.6389,5
432,149.21498,5
433,127.57126,5
434,113.36125,5
435,150.79837,5
436,67.30803,5
437,82.03523,5
438,72.1437,5
439,71.50353,5
440,36.92359,5
441,129.91086,5
442,131.25377,5
443,81.39218,5
444,79.39205,5
445,117.33337,5
446,72.89708,5
447,138.6861,5
448,129.87344,5
449,81.09422,5
450,36.009834,5
451,104.36378,5
452,46.85673,5
453,134.75146,5
454,55.940765,5
455,41.888138,5
456,191.79243,5
457,138.15813,5
458,101.03663,5
459,80.603264,5
460,77.37138,5
461,123.76039,5
462,133.53268,5
463,179.84137,5
464,93.81991,5
465,57.948475,5
466,115.89748,5
467,73.99856,5
468,101.90833,5
469,115.59315,5
470,99.47595,5
471,172.10062,5
472,169.21832,5
473,149.37321,5
474,111.29543,5
475,76.38339,5
476,133.83603,5
477,103.28152,5
478,85.19266,5
479,138.66742,5
480,85.37534,6
481,113.40498,6
482,100.16998,6
483,112.49615,6
484,71.42914,6
485,126.17763,6
486,114.664856,6
487,145.32822,6
488,173.41005,6
489,186.56775,6
490,111.690125,6
491,86.85811,6
492,88.98372,6
493,81.83803,6
494,105.26685,6
495,103.203125,6
496,116.71025,6
497,109.27017,6
498,101.39304,6
499,266.80566,6
500,90.99337,6
501,99.54853,6
502,95.52092,6
503,124.22443,6
504,99.132225,6
505,142.92126,6
506,141.77228,6
507,101.333145,6
508,149.85147,6
509,184.48149,6
510,115.37119,6
511,101.82985,6
512,184.95438,6
513,121.644295,6
514,89.78439,6
515,66.322945,6
516,92.02557,6
517,90.17894,6
518,94.21254,6
519,63.45718,6
520,155.86688,6
521,124.61931,6
522,164.71269,6
523,121.67751,6
524,192.71603,6
525,81.705505,6
526,99.61427,6
527,117.20268,6
528,168.68452,6
529,88.46634,6
530,87.11618,6
531,108.84685,6
532,191.58218,6
533,66.80119,6
534,132.23376,6
535,122.97205,6
536,158.90543,6
537,138.73657,6
538,94.07059,6
539,109.38153,6
540,111.71271,6
541,84.423416,6
542,78.235275,6
543,112.67795,6
544,107.67029,6
545,84.64746,6
546,71.78995,6
547,110.739174,6
548,97.221954,6
549,83.90338,6
550,79.39852,6
551,114.762665,6
552,85.97868,6
553,112.88866,6
554,136.30139,6
555,96.280426,6
556,116.23055,6
557,215.86359,6
558,148.04794,6
559,93.82913,6
560,50.05983,7
561,30.594994,7
562,33.79621,7
563,62.60036,7
564,47.583984,7
565,94.90462,7
566,125.7509,7
567,32.326515,7
568,51.483482,7
569,87.13649,7
570,95.85753,7
571,55.92583,7
572,78.7117,7
573,94.62776,7
574,61.385803,7
575,82.502945,7
576,76.209015,7
577,81.71988,7
578,60.151752,7
579,79.236115,7
580,51.811756,7
581,22.905914,7
582,56.270023,7
583,77.062706,7
584,54.547714,7
585,84.64607,7
586,73.01991,7
587,79.8262,7
588,32.927834,7
589,74.12951,7
590,136.15527,7
591,68.9015,7
592,105.64378,7
593,123.75385,7
594,65.84775,7
595,72.34539,7
596,91.63179,7
597,96.040344,7
598,88.95279,7
599,66.1892,7
600,85.01408,7
601,45.689957,7
602,103.4978,7
603,73.0706,7
604,39.88842,7
605,53.321598,7
606,50.125614,7
607,86.55301,7
608,28.364187,7
609,53.052307,7
610,93.230804,7
611,106.03356,7
612,87.93696,7
613,64.52043,7
614,39.646618,7
615,36.443462,7
616,68.22835,7
617,93.773094,7
618,66.6266,7
619,127.98901,7
620,71.14389,7
621,53.989677,7
622,66.23862,7
623,45.46747,7
624,49.793976,7
625,106.1817,7
626,63.57522,7
627,27.72614,7
628,34.92643,7
629,69.364334,7
630,74.30491,7
631,43.708164,7
632,56.719055,7
633,20.696125,7
634,65.705345,7
635,64.22044,7
636,47.359688,7
637,69.52146,7
638,123.67015,7
639,64.7189,7
640,180.5293,8
641,97.54246,8
642,88.12672,8
643,54.423,8
644,106.55568,8
645,41.481678,8
646,138.98729,8
647,79.79512,8
648,61.116116,8
649,70.56841,8
650,104.07866,8
651,63.531807,8
652,120.35193,8
653,230.9072,8
654,133.5148,8
655,71.77869,8
656,61.358707,8
657,81.668335,8
658,92.58969,8
659,224.22397,8
660,147.93819,8
661,105.17896,8
662,124.683014,8
663,116.40765,8
664,177.91895,8
665,85.79231,8
666,117.489265,8
667,47.504593,8
668,81.419556,8
669,131.98549,8
670,104.49077,8
671,68.26483,8
672,100.55387,8
673,132.3109,8
674,78.8905,8
675,66.84412,8
676,101.10127,8
677,82.87583,8
678,83.08758,8
679,116.21864,8
680,121.6753,8
681,114.67919,8
682,113.92415,8
683,134.64963,8
684,102.75821,8
685,71.567986,8
686,134.16881,8
687,110.56913,8
688,89.28996,8
689,61.363678,8
690,61.242496,8
691,130.61768,8
692,100.27243,8
693,129.28409,8
694,81.22843,8
695,55.604214,8
696,125.61197,8
697,52.492523,8
698,65.37158,8
699,70.829216,8
700,108.181465,8
701,57.69367,8
702,65.931206,8
703,58.104008,8
704,113.6686,8
705,99.06927,8
706,98.96244,8
707,86.37781,8
708,76.49406,8
709,89.87037,8
710,57.48162,8
711,62.907974,8
712,82.02836,8
713,91.97739,8
714,60.84269,8
715,83.42062,8
716,146.30835,8
717,101.25138,8
718,102.14015,8
719,63.41061,8
720,41.638817,9
721,37.18053,9
722,66.72801,9
723,116.807594,9
724,53.579224,9
725,21.263046,9
726,31.58888,9
727,111.09469,9
728,37.989758,9
729,54.85787,9
730,58.780525,9
731,11.632708,9
732,83.2652,9
733,79.28391,9
734,20.980648,9
735,27.639048,9
736,56.76133,9
737,114.95413,9
738,78.78511,9
739,37.64657,9
740,89.86913,9
741,85.90509,9
742,74.61817,9
743,71.31258,9
744,110.46513,9
745,110.974,9
746,20.502186,9
747,48.279625,9
748,22.886528,9
749,48.985016,9
750,43.718758,9
751,51.168583,9
752,137.42635,9
753,34.912292,9
754,116.795105,9
755,35.635063,9
756,35.336266,9
757,43.019386,9
758,124.78253,9
759,21.299961,9
760,22.003933,9
761,67.673256,9
762,137.13814,9
763,65.05652,9
764,50.212757,9
765,53.187294,9
766,48.12931,9
767,58.842636,9
768,8.38528,9
769,23.92464,9
770,12.699014,9
771,14.821691,9
772,86.99452,9
773,1.0530745,9
774,47.160683,9
775,29.16312,9
776,45.86577,9
777,6.561253,9
778,91.92098,9
779,39.24697,9
780,104.65903,9
781,93.89221,9
782,19.507816,9
783,28.031143,9
784,54.552643,9
785,77.49428,9
786,130.92047,9
787,20.00371,9
788,15.464873,9
789,23.157154,9
790,91.645256,9
791,54.675896,9
792,53.555416,9
793,93.48825,9
794,116.17114,9
795,49.50228,9
796,79.95009,9
797,24.802536,9
798,23.618164,9
799,16.529594,9
