Image,Value,Label
0,37.070747,0
1,62.196083,0
2,76.298,0
3,84.4255,0
4,77.206955,0
5,88.90164,0
6,66.12791,0
7,62.593063,0
8,67.47761,0
9,92.340324,0
10,57.244823,0
11,90.94324,0
12,97.31687,0
13,37.209652,0
14,70.99139,0
15,65.92986,0
16,66.187454,0
17,57.448284,0
18,101.24816,0
19,93.83788,0
20,107.68737,0
21,80.14684,0
22,69.640755,0
23,79.96847,0
24,75.76106,0
25,62.314068,0
26,76.86919,0
27,84.425415,0
28,86.87886,0
29,70.29793,0
30,91.32241,0
31,46.07152,0
32,80.00688,0
33,32.276615,0
34,68.022095,0
35,113.22112,0
36,68.94735,0
37,96.3022,0
38,95.26949,0
39,89.19308,0
40,78.887024,0
41,103.69889,0
42,122.55789,0
43,67.30014,0
44,85.63523,0
45,16.545118,0
46,69.05376,0
47,86.088936,0
48,51.638855,0
49,50.98475,0
50,90.90865,0
51,80.41219,0
52,30.607878,0
53,101.951324,0
54,71.57441,0
55,94.62407,0
56,102.07752,0
57,53.57047,0
58,81.23295,0
59,86.96884,0
60,78.36838,0
61,37.03987,0
62,59.78521,0
63,35.69463,0
64,75.12318,0
65,58.052677,0
66,40.09561,0
67,33.58249,0
68,65.313835,0
69,93.831795,0
70,14.423841,0
71,85.745964,0
72,107.15725,0
73,84.6803,0
74,88.22525,0
75,28.441715,0
76,78.054985,0
77,150.88934,0
78,68.514595,0
79,91.23773,0
80,58.365917,1
81,51.72982,1
82,93.36422,1
83,68.48759,1
84,86.5023,1
85,44.067608,1
86,73.59533,1
87,75.809685,1
88,82.09447,1
89,60.18274,1
90,78.54233,1
91,60.67374,1
92,44.140766,1
93,59.47864,1
94,81.09445,1
95,81.11338,1
96,100.77335,1
97,55.74298,1
98,42.11247,1
99,73.59783,1
100,75.36719,1
101,82.58976,1
102,68.46422,1
103,71.16685,1
104,55.887127,1
105,78.40237,1
106,65.40833,1
107,86.64271,1
108,60.68614,1
109,55.415382,1
110,51.08131,1
111,69.19068,1
112,68.8792,1
113,48.215557,1
114,84.206345,1
115,49.399944,1
116,101.83993,1
117,84.65807,1
118,62.22626,1
119,64.70945,1
120,50.623394,1
121,86.90242,1
122,54.236366,1
123,54.402313,1
124,27.238178,1
125,69.65334,1
126,112.91765,1
127,44.489727,1
128,58.460335,1
129,79.333855,1
130,87.91268,1
131,83.856285,1
132,97.41273,1
133,75.45053,1
134,45.3914,1
135,50.108994,1
136,50.600006,1
137,44.2089,1
138,74.04463,1
139,67.865105,1
140,59.909046,1
141,63.096256,1
142,49.660336,1
143,55.207,1
144,80.35262,1
145,44.19547,1
146,47.02843,1
147,53.987064,1
148,68.15574,1
149,66.87484,1
150,61.47398,1
151,65.226265,1
152,132.62822,1
153,53.746174,1
154,95.07756,1
155,77.17846,1
156,39.66409,1
157,67.72223,1
158,62.808025,1
159,59.967445,1
160,50.75413,2
161,51.29888,2
162,65.95539,2
163,104.588264,2
164,89.64295,2
165,48.25613,2
166,23.897636,2
167,74.5426,2
168,17.049496,2
169,81.61747,2
170,38.72302,2
171,38.5079,2
172,47.57361,2
173,56.856903,2
174,71.87191,2
175,38.01283,2
176,4.479716,2
177,45.53794,2
178,36.55532,2
179,32.821667,2
180,26.070232,2
181,45.522198,2
182,76.27538,2
183,52.07594,2
184,52.63931,2
185,99.49846,2
186,62.45832,2
187,81.26591,2
188,38.42551,2
189,34.03861,2
190,34.99134,2
191,73.22548,2
192,4.482443,2
193,99.215996,2
194,38.268143,2
195,46.25781,2
196,34.078285,2
197,61.536533,2
198,42.072502,2
199,70.77142,2
200,49.45782,2
201,96.32467,2
202,4.9106274,2
203,34.998844,2
204,47.37386,2
205,32.028927,2
206,62.559692,2
207,40.531918,2
208,54.55221,2
209,55.990456,2
210,7.762145,2
211,18.706345,2
212,126.57206,2
213,12.111267,2
214,33.84788,2
215,58.528545,2
216,54.57104,2
217,23.992039,2
218,65.20281,2
219,116.68896,2
220,44.562714,2
221,44.328773,2
222,79.30932,2
223,76.37618,2
224,46.87165,2
225,133.98802,2
226,37.977222,2
227,42.726902,2
228,64.691315,2
229,123.500946,2
230,30.655579,2
231,54.333836,2
232,31.641367,2
233,103.964386,2
234,42.62842,2
235,55.179115,2
236,66.98347,2
237,76.07682,2
238,71.414345,2
239,76.25577,2
240,93.08886,3
241,70.48521,3
242,70.856544,3
243,40.458385,3
244,93.80474,3
245,55.793304,3
246,57.343693,3
247,37.013123,3
248,79.46861,3
249,60.274345,3
250,84.44603,3
251,47.621517,3
252,83.34794,3
253,84.77064,3
254,50.77207,3
255,57.70471,3
256,36.270573,3
257,85.99762,3
258,67.64712,3
259,52.59774,3
260,48.292023,3
261,77.16738,3
262,77.50848,3
263,98.09422,3
264,88.47369,3
265,47.231915,3
266,69.57358,3
267,101.68097,3
268,28.359692,3
269,62.16935,3
270,63.240562,3
271,67.97295,3
272,76.31597,3
273,69.36294,3
274,89.20112,3
275,37.412235,3
276,45.56516,3
277,50.6304,3
278,70.72114,3
279,74.8623,3
280,53.852642,3
281,79.98655,3
282,54.113518,3
283,52.203125,3
284,27.785278,3
285,61.86946,3
286,44.682526,3
287,82.63244,3
288,73.44071,3
289,30.637253,3
290,49.326214,3
291,68.35911,3
292,81.519516,3
293,21.497292,3
294,60.703327,3
295,38.56596,3
296,48.75652,3
297,47.950317,3
298,36.25429,3
299,43.833366,3
300,76.7124,3
301,34.06792,3
302,52.470192,3
303,66.42035,3
304,48.87919,3
305,76.53087,3
306,60.614635,3
307,40.362957,3
308,84.87292,3
309,79.78452,3
310,98.181435,3
311,36.92678,3
312,64.110596,3
313,71.51476,3
314,74.1544,3
315,78.795074,3
316,52.65717,3
317,51.560368,3
318,72.75201,3
319,79.7636,3
320,-13.649195,4
321,-11.760059,4
322,-6.3890443,4
323,-11.356663,4
324,-27.41649,4
325,-19.024525,4
326,-16.828693,4
327,23.12056,4
328,39.513874,4
329,17.882107,4
330,-5.012624,4
331,-8.161897,4
332,-8.811443,4
333,34.34424,4
334,27.397278,4
335,-2.1544056,4
336,10.3886595,4
337,-4.0386353,4
338,-1.8856621,4
339,-6.332593,4
340,16.385426,4
341,15.670905,4
342,-38.23038,4
343,-14.730175,4
344,-35.137585,4
345,11.581095,4
346,5.1252403,4
347,9.57454,4
348,0.41322035,4
349,-4.556095,4
350,-7.5548477,4
351,-23.978643,4
352,2.2145214,4
353,12.838564,4
354,-41.132465,4
355,-10.837749,4
356,-57.906647,4
357,-23.205103,4
358,0.6179628,4
359,5.5615788,4
360,-2.1186867,4
361,3.195509,4
362,4.3844767,4
363,18.461695,4
364,-13.673618,4
365,-45.931377,4
366,-33.60262,4
367,-32.48618,4
368,16.182709,4
369,5.9907885,4
370,-8.260479,4
371,-0.7871285,4
372,2.0516248,4
373,9.587665,4
374,-17.106327,4
375,-23.140965,4
376,-7.9329977,4
377,-3.6834507,4
378,-15.244883,4
379,-7.817996,4
380,-13.89065,4
381,-12.307903,4
382,20.452429,4
383,19.482565,4
384,-37.291126,4
385,-1.0749054,4
386,24.41611,4
387,26.779316,4
388,-20.68753,4
389,-12.31927,4
390,-27.993813,4
391,12.573229,4
392,-7.1128883,4
393,-12.735012,4
394,9.375756,4
395,-38.269283,4
396,23.98951,4
397,15.209137,4
398,-3.1649022,4
399,-28.683783,4
400,26.902332,5
401,87.02685,5
402,110.35867,5
403,49.017193,5
404,100.71496,5
405,52.15208,5
406,72.25617,5
407,104.39956,5
408,67.42082,5
409,33.664555,5
410,38.41023,5
411,84.935936,5
412,27.7254,5
413,89.50589,5
414,125.521065,5
415,97.05463,5
416,53.9771,5
417,36.511856,5
418,108.36964,5
419,81.515335,5
420,99.64722,5
421,29.214771,5
422,103.12206,5
423,110.45786,5
424,67.204475,5
425,41.874847,5
426,79.36811,5
427,106.04665,5
428,90.812485,5
429,53.43503,5
430,72.789345,5
431,77.839966,5
432,62.833267,5
433,71.21042,5
434,90.33573,5
435,27.881706,5
436,71.24051,5
437,121.86167,5
438,50.498684,5
439,36.808643,5
440,97.41461,5
441,94.11457,5
442,90.32546,5
443,73.502625,5
444,50.055004,5
445,83.98072,5
446,84.987816,5
447,26.305584,5
448,106.64016,5
449,95.574135,5
450,65.732605,5
451,2.6356754,5
452,60.057552,5
453,73.33621,5
454,56.675007,5
455,75.623924,5
456,42.69102,5
457,46.646374,5
458,59.49031,5
459,55.33032,5
460,73.820175,5
461,77.3901,5
462,72.27335,5
463,8.087807,5
464,101.515396,5
465,51.32407,5
466,89.69315,5
467,66.16834,5
468,53.319126,5
469,103.44784,5
470,68.677086,5
471,30.907345,5
472,78.19767,5
473,44.80937,5
474,68.13688,5
475,83.72006,5
476,59.561287,5
477,97.10244,5
478,54.493504,5
479,74.233086,5
480,63.460815,6
481,-13.009776,6
482,93.13057,6
483,15.171967,6
484,61.756634,6
485,36.62839,6
486,92.14762,6
487,61.34879,6
488,7.3526306,6
489,2.4812431,6
490,26.13736,6
491,93.702835,6
492,-32.74661,6
493,38.12361,6
494,-12.1145315,6
495,-33.93592,6
496,7.9137383,6
497,63.69193,6
498,3.6812906,6
499,-53.4596,6
500,36.69627,6
501,-16.944462,6
502,63.77147,6
503,8.12896,6
504,62.805187,6
505,43.18838,6
506,-11.827931,6
507,3.3494968,6
508,-12.749737,6
509,10.67646,6
510,32.69111,6
511,67.062485,6
512,6.8859425,6
513,57.42043,6
514,18.97565,6
515,28.131212,6
516,28.880466,6
517,43.30909,6
518,66.40161,6
519,41.16097,6
520,25.037727,6
521,80.464355,6
522,26.115467,6
523,27.392712,6
524,-12.364094,6
525,18.557228,6
526,-45.55467,6
527,58.083103,6
528,8.088184,6
529,81.6925,6
530,24.273869,6
531,5.998003,6
532,-0.6832276,6
533,65.62448,6
534,-76.31994,6
535,30.305805,6
536,34.54636,6
537,55.87282,6
538,60.321297,6
539,-1.5287247,6
540,-0.29501444,6
541,32.916203,6
542,40.864895,6
543,87.05441,6
544,-30.707945,6
545,77.54609,6
546,38.9014,6
547,-31.807764,6
548,3.179697,6
549,42.835804,6
550,27.558983,6
551,-27.057364,6
552,114.4493,6
553,39.23337,6
554,40.03766,6
555,13.617699,6
556,57.37006,6
557,-14.804314,6
558,-37.66911,6
559,27.864048,6
560,-3.2787623,7
561,8.936532,7
562,43.118748,7
563,-24.221119,7
564,-5.7990494,7
565,-12.498674,7
566,15.063133,7
567,-14.267351,7
568,12.278483,7
569,30.247356,7
570,-16.228056,7
571,9.529755,7
572,-6.574875,7
573,-14.774395,7
574,14.366301,7
575,-12.431597,7
576,1.5844908,7
577,-12.245703,7
578,2.4261112,7
579,-7.3156796,7
580,-29.517406,7
581,7.4420834,7
582,-1.0103645,7
583,6.0648365,7
584,-8.114091,7
585,5.79617,7
586,-13.5657425,7
587,0.081323564,7
588,10.403403,7
589,-4.4414644,7
590,-19.912764,7
591,-0.89359766,7
592,13.482677,7
593,-23.819126,7
594,-14.146204,7
595,5.636751,7
596,4.1919394,7
597,-2.4240074,7
598,-15.882097,7
599,9.606258,7
600,17.177649,7
601,49.80022,7
602,-10.306394,7
603,-9.516134,7
604,-6.5092964,7
605,2.212905,7
606,2.0420475,7
607,-22.885801,7
608,26.314453,7
609,24.293686,7
610,-14.36211,7
611,-26.843515,7
612,-7.4471025,7
613,9.343107,7
614,-11.863331,7
615,0.61057466,7
616,-16.585339,7
617,-10.656022,7
618,36.87481,7
619,-36.994015,7
620,-6.4593735,7
621,7.2648077,7
622,1.3840113,7
623,3.934061,7
624,11.956099,7
625,-10.323118,7
626,-5.1887493,7
627,-6.5099716,7
628,7.8920937,7
629,-3.2126818,7
630,4.2951946,7
631,25.50957,7
632,-11.051478,7
633,1.6007872,7
634,-1.4120445,7
635,1.5175686,7
636,-11.7335615,7
637,0.5628223,7
638,-6.726618,7
639,-1.788167,7
640,62.312294,8
641,39.399097,8
642,20.35064,8
643,14.999342,8
644,53.88706,8
645,16.485613,8
646,60.53033,8
647,56.060017,8
648,47.8169,8
649,39.050724,8
650,70.30572,8
651,46.274582,8
652,63.27149,8
653,6.371208,8
654,42.214687,8
655,51.195065,8
656,15.261169,8
657,52.255962,8
658,53.080112,8
659,15.697346,8
660,20.538204,8
661,63.474007,8
662,84.65797,8
663,47.868793,8
664,19.0983,8
665,21.48063,8
666,35.334827,8
667,47.07243,8
668,77.85141,8
669,64.43601,8
670,45.701694,8
671,59.437748,8
672,26.976906,8
673,48.348278,8
674,46.260223,8
675,72.56217,8
676,32.385365,8
677,17.082222,8
678,43.69351,8
679,37.391262,8
680,53.0769,8
681,67.50538,8
682,44.11504,8
683,2.0776443,8
684,62.636395,8
685,23.633286,8
686,13.431206,8
687,75.51781,8
688,94.01562,8
689,22.8232,8
690,-19.978838,8
691,56.879463,8
692,44.443413,8
693,65.686485,8
694,22.351353,8
695,57.63864,8
696,53.98337,8
697,37.23602,8
698,47.11213,8
699,5.0332403,8
700,77.45308,8
701,68.65853,8
702,33.239235,8
703,50.269146,8
704,70.91996,8
705,12.02914,8
706,25.682423,8
707,49.99139,8
708,54.62888,8
709,86.90183,8
710,46.922752,8
711,81.18166,8
712,67.55404,8
713,60.418545,8
714,41.80418,8
715,70.23756,8
716,33.28066,8
717,41.114475,8
718,45.13075,8
719,44.8448,8
720,-26.560022,9
721,16.312786,9
722,-9.947763,9
723,-52.96326,9
724,-25.401863,9
725,-8.38913,9
726,11.645679,9
727,-9.407564,9
728,-6.0770054,9
729,-3.0226974,9
730,2.7585258,9
731,-5.8075104,9
732,-15.267141,9
733,-29.083557,9
734,-19.207497,9
735,16.08714,9
736,-22.125938,9
737,-14.872543,9
738,-20.783997,9
739,-9.862663,9
740,-13.667477,9
741,43.26749,9
742,-57.492657,9
743,-6.4467354,9
744,-8.971973,9
745,-56.64426,9
746,-36.51604,9
747,-0.53360754,9
748,10.911857,9
749,2.7948875,9
750,-23.35892,9
751,-21.378096,9
752,-30.197304,9
753,-20.075089,9
754,-31.73828,9
755,-11.746898,9
756,-4.259531,9
757,13.541334,9
758,-10.199287,9
759,-8.375818,9
760,-25.05169,9
761,1.3989105,9
762,-41.97376,9
763,-9.073854,9
764,-31.725342,9
765,-42.754494,9
766,-7.397812,9
767,-25.04979,9
768,11.135345,9
769,-21.691574,9
770,-1.4510841,9
771,6.0708523,9
772,-17.34631,9
773,-22.968792,9
774,6.7547035,9
775,-13.084724,9
776,7.8700333,9
777,-20.64739,9
778,-43.388897,9
779,-17.047369,9
780,-61.983963,9
781,-18.714706,9
782,-7.193121,9
783,-9.681845,9
784,-20.728176,9
785,-24.90145,9
786,-3.5987587,9
787,-1.2951317,9
788,-24.857334,9
789,-18.694733,9
790,-1.0490952,9
791,-22.34221,9
792,-18.450924,9
793,2.8252068,9
794,-5.9414673,9
795,-27.193275,9
796,-24.771698,9
797,-0.839016,9
798,-15.754467,9
799,4.7486267,9
