Image,Value,Label
0,-267.37183,0
1,-135.20969,0
2,-190.00067,0
3,-289.42026,0
4,-229.93057,0
5,-210.24487,0
6,-257.38486,0
7,-276.09766,0
8,-223.1199,0
9,-234.59747,0
10,-243.84705,0
11,-253.96152,0
12,-336.41733,0
13,-238.63342,0
14,-160.02199,0
15,-186.28864,0
16,-216.13959,0
17,-309.24988,0
18,-299.8759,0
19,-259.11688,0
20,-363.68057,0
21,-207.03136,0
22,-270.01468,0
23,-168.0954,0
24,-240.06029,0
25,-82.974014,0
26,-172.54279,0
27,-215.99454,0
28,-356.87448,0
29,-133.18367,0
30,-302.406,0
31,-262.33752,0
32,-139.84952,0
33,-234.1296,0
34,-375.23096,0
35,-188.304,0
36,-139.5743,0
37,-185.01448,0
38,-276.1218,0
39,-213.58856,0
40,-191.62044,0
41,-276.6984,0
42,-388.0937,0
43,-185.00423,0
44,-250.44003,0
45,-302.59396,0
46,-358.72794,0
47,-222.49161,0
48,-124.313965,0
49,-135.9777,0
50,-191.35666,0
51,-247.10948,0
52,-192.82788,0
53,-265.5045,0
54,-143.09653,0
55,-174.33435,0
56,-280.2714,0
57,-109.47814,0
58,-345.03104,0
59,-238.05875,0
60,-244.73233,0
61,-220.59833,0
62,-241.50497,0
63,-317.25876,0
64,-293.2882,0
65,-360.98642,0
66,-221.51855,0
67,-177.27573,0
68,-171.69931,0
69,-190.68506,0
70,-297.55853,0
71,-325.2826,0
72,-217.19922,0
73,-450.98026,0
74,-275.67062,0
75,-192.65633,0
76,-330.1475,0
77,-325.22983,0
78,-188.72592,0
79,-146.18976,0
80,-104.39889,1
81,-74.97743,1
82,-153.77667,1
83,-141.975,1
84,-116.48601,1
85,-129.59514,1
86,-116.76405,1
87,-126.36672,1
88,-151.52457,1
89,-162.26164,1
90,-109.00239,1
91,-109.06104,1
92,-79.37762,1
93,-142.39682,1
94,-193.89464,1
95,-78.445366,1
96,-154.86563,1
97,-81.309364,1
98,-61.450214,1
99,-184.0946,1
100,-119.92271,1
101,-117.00109,1
102,-167.6081,1
103,-113.62756,1
104,-82.7731,1
105,-116.104126,1
106,-131.01166,1
107,-158.61304,1
108,-82.848114,1
109,-91.688446,1
110,-138.72679,1
111,-113.18004,1
112,-148.08443,1
113,-118.80416,1
114,-130.24995,1
115,-96.197525,1
116,-182.83444,1
117,-132.20958,1
118,-139.79163,1
119,-96.24673,1
120,-91.92123,1
121,-116.22008,1
122,-75.53009,1
123,-105.85792,1
124,-59.49333,1
125,-90.527214,1
126,-182.45029,1
127,-83.81793,1
128,-95.001015,1
129,-98.2398,1
130,-151.5177,1
131,-99.20017,1
132,-119.17593,1
133,-118.36797,1
134,-74.817375,1
135,-76.79012,1
136,-119.84268,1
137,-58.090046,1
138,-145.10484,1
139,-172.40796,1
140,-126.86621,1
141,-123.700836,1
142,-114.9146,1
143,-113.79429,1
144,-105.44619,1
145,-101.80425,1
146,-87.48327,1
147,-119.37998,1
148,-180.3872,1
149,-133.2427,1
150,-142.3818,1
151,-144.84575,1
152,-228.68639,1
153,-157.28914,1
154,-211.33403,1
155,-118.28501,1
156,-213.15744,1
157,-84.53058,1
158,-117.8127,1
159,-125.63897,1
160,-124.11817,2
161,-158.87729,2
162,-130.75021,2
163,-164.27057,2
164,-184.11928,2
165,-283.50073,2
166,-252.45215,2
167,-153.55692,2
168,-246.69534,2
169,-200.79465,2
170,-140.5979,2
171,-208.39313,2
172,-146.98912,2
173,-221.09856,2
174,-181.74573,2
175,-329.75586,2
176,-190.45691,2
177,-183.92493,2
178,-176.26028,2
179,-223.53952,2
180,-101.99334,2
181,-319.17752,2
182,-186.1272,2
183,-200.60547,2
184,-152.22394,2
185,-181.37442,2
186,-264.43076,2
187,-130.50787,2
188,-125.14303,2
189,-89.527405,2
190,-150.75548,2
191,-190.66602,2
192,-185.66872,2
193,-198.89502,2
194,-187.1166,2
195,-110.687645,2
196,-270.49014,2
197,-218.85516,2
198,-149.82513,2
199,-282.04678,2
200,-116.32448,2
201,-168.44371,2
202,-156.76392,2
203,-241.8479,2
204,-117.19048,2
205,-91.824425,2
206,-228.09119,2
207,-334.71445,2
208,-197.03934,2
209,-296.83566,2
210,-310.31573,2
211,-324.88925,2
212,-341.51572,2
213,-256.36807,2
214,-159.77605,2
215,-257.975,2
216,-179.51823,2
217,-104.542885,2
218,-163.89636,2
219,-245.97102,2
220,-209.50471,2
221,-237.62807,2
222,-189.23248,2
223,-68.03375,2
224,-196.02158,2
225,-212.8829,2
226,-236.97873,2
227,-262.43246,2
228,-150.90022,2
229,-149.41338,2
230,-194.85394,2
231,-238.13335,2
232,-145.74445,2
233,-237.48993,2
234,-224.40675,2
235,-160.88359,2
236,-135.59018,2
237,-159.22366,2
238,-98.21467,2
239,-160.63782,2
240,-299.54938,3
241,-162.1008,3
242,-68.61374,3
243,-101.354965,3
244,-271.43533,3
245,-202.86462,3
246,-307.75153,3
247,-139.91635,3
248,-186.41354,3
249,-82.469215,3
250,-216.06126,3
251,-191.24768,3
252,-262.02026,3
253,-183.956,3
254,-133.04745,3
255,-246.32332,3
256,-145.68297,3
257,-161.11845,3
258,-202.14377,3
259,-359.165,3
260,-236.30742,3
261,-202.96432,3
262,-223.53842,3
263,-234.66574,3
264,-189.76222,3
265,-221.13197,3
266,-171.51875,3
267,-211.61566,3
268,-370.4213,3
269,-168.34412,3
270,-129.54773,3
271,-164.99852,3
272,-184.6806,3
273,-248.38455,3
274,-245.47845,3
275,-159.16692,3
276,-206.71921,3
277,-70.55468,3
278,-225.11066,3
279,-249.20905,3
280,-227.28786,3
281,-258.57858,3
282,-283.8616,3
283,-242.96783,3
284,-239.04758,3
285,-175.29135,3
286,-216.331,3
287,-316.90573,3
288,-238.28592,3
289,-306.3108,3
290,-181.58835,3
291,-189.01907,3
292,-232.75597,3
293,-203.51944,3
294,-282.35483,3
295,-249.51965,3
296,-271.48227,3
297,-213.29594,3
298,-243.92084,3
299,-329.16205,3
300,-225.79242,3
301,-400.71506,3
302,-182.35803,3
303,-166.18729,3
304,-125.35509,3
305,-154.33315,3
306,-191.44913,3
307,-110.73263,3
308,-123.83181,3
309,-309.0363,3
310,-454.11777,3
311,-183.27621,3
312,-196.7601,3
313,-128.86757,3
314,-148.68555,3
315,-210.98894,3
316,-81.61207,3
317,-180.10046,3
318,-152.80725,3
319,-210.75327,3
320,-345.25052,4
321,-247.08163,4
322,-193.74393,4
323,-187.33301,4
324,-292.3304,4
325,-268.7973,4
326,-268.97745,4
327,-190.46513,4
328,-293.5692,4
329,-152.10013,4
330,-228.6084,4
331,-232.68723,4
332,-262.70203,4
333,-230.46582,4
334,-211.79681,4
335,-182.26329,4
336,-106.99081,4
337,-308.55887,4
338,-194.32852,4
339,-267.03775,4
340,-331.65356,4
341,-108.34688,4
342,-336.73322,4
343,-262.2354,4
344,-310.78528,4
345,-225.95409,4
346,-198.98592,4
347,-177.0174,4
348,-168.52554,4
349,-222.23561,4
350,-271.24124,4
351,-238.15991,4
352,-274.93008,4
353,-225.95776,4
354,-232.48323,4
355,-312.87827,4
356,-364.1893,4
357,-263.94232,4
358,-245.31116,4
359,-174.70454,4
360,-209.41292,4
361,-342.0878,4
362,-237.6199,4
363,-114.87584,4
364,-194.42432,4
365,-262.57275,4
366,-341.4256,4
367,-311.35712,4
368,-226.88937,4
369,-206.34949,4
370,-203.29138,4
371,-249.86407,4
372,-106.18328,4
373,-157.40652,4
374,-325.25064,4
375,-259.07367,4
376,-222.24713,4
377,-239.515,4
378,-276.15918,4
379,-206.61667,4
380,-287.64365,4
381,-194.42953,4
382,-232.28992,4
383,-132.89734,4
384,-299.44003,4
385,-198.09378,4
386,-235.95432,4
387,-278.98334,4
388,-257.76923,4
389,-311.97095,4
390,-282.4047,4
391,-175.71935,4
392,-284.30728,4
393,-334.92957,4
394,-143.3794,4
395,-350.91586,4
396,-333.94815,4
397,-170.24078,4
398,-240.22433,4
399,-215.99658,4
400,-157.11052,5
401,-106.01771,5
402,-239.9425,5
403,-201.39491,5
404,-276.59097,5
405,-169.18802,5
406,-262.24454,5
407,-185.60579,5
408,-303.67795,5
409,-203.53534,5
410,-273.99066,5
411,-214.85255,5
412,-77.45055,5
413,-159.901,5
414,-254.79103,5
415,-146.76314,5
416,-193.54347,5
417,-246.13588,5
418,-197.69504,5
419,-145.6235,5
420,-318.2537,5
421,-245.65005,5
422,-329.22073,5
423,-262.2286,5
424,-169.46237,5
425,-128.81915,5
426,-227.57722,5
427,-300.40372,5
428,-250.08603,5
429,-162.72974,5
430,-232.62796,5
431,-222.22496,5
432,-230.76332,5
433,-204.20514,5
434,-181.71582,5
435,-266.26697,5
436,-190.99632,5
437,-224.54482,5
438,-196.92685,5
439,-162.27277,5
440,-175.00043,5
441,-328.42816,5
442,-251.3358,5
443,-215.9271,5
444,-158.86235,5
445,-147.08673,5
446,-274.06097,5
447,-242.81197,5
448,-350.60153,5
449,-211.29584,5
450,-186.5733,5
451,-127.34495,5
452,-159.07315,5
453,-112.89083,5
454,-189.88925,5
455,-196.30908,5
456,-121.61421,5
457,-187.81534,5
458,-158.13197,5
459,-239.5464,5
460,-168.06396,5
461,-263.51523,5
462,-168.00562,5
463,-236.30121,5
464,-213.10036,5
465,-149.8349,5
466,-281.97635,5
467,-158.18738,5
468,-130.58914,5
469,-299.4718,5
470,-248.27216,5
471,-150.95868,5
472,-200.54095,5
473,-236.78455,5
474,-211.92645,5
475,-279.80005,5
476,-226.7938,5
477,-123.13097,5
478,-203.7059,5
479,-235.36734,5
480,-151.19022,6
481,-129.96497,6
482,-159.64449,6
483,-265.11942,6
484,-126.86859,6
485,-276.33704,6
486,-270.3495,6
487,-369.0,6
488,-398.93448,6
489,-190.63716,6
490,-187.81448,6
491,-142.56337,6
492,-143.69632,6
493,-219.49973,6
494,-237.55458,6
495,-248.495,6
496,-314.96353,6
497,-200.1925,6
498,-139.41243,6
499,-476.74573,6
500,-240.13625,6
501,-186.9316,6
502,-229.11165,6
503,-204.98608,6
504,-266.08145,6
505,-276.74857,6
506,-288.77182,6
507,-250.09473,6
508,-198.91237,6
509,-334.91605,6
510,-236.19846,6
511,-229.27428,6
512,-199.27219,6
513,-226.65866,6
514,-173.68814,6
515,-171.69408,6
516,-296.08865,6
517,-183.14218,6
518,-230.68951,6
519,-159.28537,6
520,-366.0892,6
521,-235.0831,6
522,-159.4531,6
523,-222.70262,6
524,-184.02301,6
525,-210.79062,6
526,-142.96239,6
527,-233.88754,6
528,-192.27899,6
529,-188.00018,6
530,-206.317,6
531,-280.60654,6
532,-321.67273,6
533,-161.0997,6
534,-307.6451,6
535,-317.9423,6
536,-251.68985,6
537,-241.4189,6
538,-176.31421,6
539,-263.43344,6
540,-128.22311,6
541,-196.18195,6
542,-143.11037,6
543,-278.74445,6
544,-224.5526,6
545,-135.70877,6
546,-243.23872,6
547,-145.60852,6
548,-236.57141,6
549,-225.09706,6
550,-294.1865,6
551,-195.82861,6
552,-241.70831,6
553,-294.98807,6
554,-262.44592,6
555,-247.06671,6
556,-281.20712,6
557,-207.58304,6
558,-211.94032,6
559,-211.37819,6
560,-166.09767,7
561,-122.33928,7
562,-71.600296,7
563,-206.42433,7
564,-231.23642,7
565,-244.68576,7
566,-249.3382,7
567,-165.42093,7
568,-167.61557,7
569,-172.96646,7
570,-233.89363,7
571,-145.09827,7
572,-180.8601,7
573,-230.24583,7
574,-182.1626,7
575,-173.60025,7
576,-184.22792,7
577,-149.73045,7
578,-231.06744,7
579,-185.14941,7
580,-130.9775,7
581,-59.88258,7
582,-134.82791,7
583,-174.5956,7
584,-164.30539,7
585,-171.96208,7
586,-179.01845,7
587,-165.14166,7
588,-115.26241,7
589,-151.89575,7
590,-250.33575,7
591,-111.736595,7
592,-126.723885,7
593,-371.7724,7
594,-182.43326,7
595,-226.40921,7
596,-183.3476,7
597,-324.6111,7
598,-143.61612,7
599,-224.2323,7
600,-311.7203,7
601,-160.91243,7
602,-186.20078,7
603,-216.66325,7
604,-188.17151,7
605,-159.18019,7
606,-148.56752,7
607,-214.47063,7
608,-141.67143,7
609,-86.8564,7
610,-247.10277,7
611,-150.92398,7
612,-163.2656,7
613,-150.69305,7
614,-180.72588,7
615,-88.244095,7
616,-187.85077,7
617,-208.0263,7
618,-166.49933,7
619,-288.77438,7
620,-248.16486,7
621,-171.96811,7
622,-130.1919,7
623,-126.0522,7
624,-67.748856,7
625,-177.84998,7
626,-126.60932,7
627,-138.32753,7
628,-95.58344,7
629,-131.10689,7
630,-198.04962,7
631,-106.89618,7
632,-190.83936,7
633,-138.38394,7
634,-175.55087,7
635,-157.25394,7
636,-196.55627,7
637,-187.21307,7
638,-226.61928,7
639,-146.38368,7
640,-387.44937,8
641,-187.88199,8
642,-204.82053,8
643,-185.81888,8
644,-279.12686,8
645,-74.95761,8
646,-272.80283,8
647,-131.90503,8
648,-218.98451,8
649,-147.48952,8
650,-225.85333,8
651,-166.69946,8
652,-344.95706,8
653,-349.17337,8
654,-274.80582,8
655,-196.14636,8
656,-181.72517,8
657,-195.70998,8
658,-149.20966,8
659,-449.2194,8
660,-287.26437,8
661,-182.34677,8
662,-223.75635,8
663,-292.96542,8
664,-405.74442,8
665,-139.56506,8
666,-348.6415,8
667,-127.75863,8
668,-211.58139,8
669,-381.172,8
670,-185.68195,8
671,-102.85341,8
672,-194.1962,8
673,-289.94516,8
674,-217.83247,8
675,-261.12643,8
676,-152.67462,8
677,-183.88219,8
678,-166.10266,8
679,-247.83134,8
680,-233.18631,8
681,-176.40228,8
682,-270.49625,8
683,-210.13464,8
684,-242.9433,8
685,-218.66803,8
686,-218.08267,8
687,-304.7796,8
688,-214.6705,8
689,-155.70175,8
690,-236.38354,8
691,-238.50076,8
692,-234.78741,8
693,-323.46613,8
694,-248.6152,8
695,-173.17172,8
696,-304.1926,8
697,-128.67041,8
698,-189.87363,8
699,-218.7157,8
700,-273.89456,8
701,-209.37418,8
702,-161.33983,8
703,-128.83531,8
704,-264.35638,8
705,-275.56003,8
706,-336.1594,8
707,-189.99391,8
708,-146.0163,8
709,-316.61795,8
710,-91.7725,8
711,-118.49832,8
712,-236.51134,8
713,-182.40686,8
714,-171.63463,8
715,-230.65761,8
716,-210.38338,8
717,-243.36263,8
718,-242.82193,8
719,-150.95667,8
720,-225.45639,9
721,-286.40854,9
722,-235.80606,9
723,-400.63925,9
724,-225.50056,9
725,-144.01039,9
726,-204.28647,9
727,-254.87982,9
728,-214.98065,9
729,-215.62065,9
730,-246.24168,9
731,-167.14766,9
732,-233.71986,9
733,-275.63947,9
734,-146.39267,9
735,-207.53174,9
736,-223.07248,9
737,-328.7734,9
738,-319.3727,9
739,-245.97461,9
740,-326.90332,9
741,-277.75558,9
742,-207.84334,9
743,-297.96823,9
744,-203.33902,9
745,-275.15848,9
746,-141.7111,9
747,-148.42143,9
748,-120.65195,9
749,-175.72192,9
750,-176.34106,9
751,-206.48576,9
752,-411.46265,9
753,-234.50343,9
754,-373.99875,9
755,-169.91196,9
756,-236.233,9
757,-190.31015,9
758,-291.91953,9
759,-138.8729,9
760,-152.64545,9
761,-253.67484,9
762,-233.01811,9
763,-158.13907,9
764,-294.04614,9
765,-227.51367,9
766,-211.18494,9
767,-332.1321,9
768,-123.00867,9
769,-141.20023,9
770,-218.2096,9
771,-176.55347,9
772,-266.6581,9
773,-149.56706,9
774,-172.53221,9
775,-178.6911,9
776,-223.63846,9
777,-193.32101,9
778,-246.45184,9
779,-178.44781,9
780,-342.0073,9
781,-147.77745,9
782,-161.55878,9
783,-169.43034,9
784,-209.92538,9
785,-297.09247,9
786,-213.11578,9
787,-133.19202,9
788,-191.18161,9
789,-223.43094,9
790,-250.79825,9
791,-168.64865,9
792,-223.48724,9
793,-209.0924,9
794,-299.93228,9
795,-227.43512,9
796,-217.82492,9
797,-161.19617,9
798,-309.10587,9
799,-136.32182,9
