Image,Value,Label
0,-61.039185,0
1,-32.692616,0
2,-117.61073,0
3,-422.98566,0
4,-213.8648,0
5,-197.13289,0
6,-272.3555,0
7,-127.97859,0
8,-101.4831,0
9,-240.61232,0
10,-133.96635,0
11,-99.5116,0
12,-273.481,0
13,-62.76728,0
14,-60.17941,0
15,-201.87001,0
16,-192.25546,0
17,-143.83333,0
18,-438.906,0
19,-282.33057,0
20,-344.55576,0
21,-141.80324,0
22,-337.59314,0
23,-154.50237,0
24,-52.821392,0
25,-2.9389694,0
26,-25.984108,0
27,-131.68993,0
28,-167.95622,0
29,-213.46284,0
30,-181.1782,0
31,-66.0178,0
32,-69.40936,0
33,-172.5395,0
34,-221.17679,0
35,-261.5807,0
36,-168.97266,0
37,-259.12546,0
38,-222.77834,0
39,-111.08026,0
40,-119.10945,0
41,-214.78134,0
42,-256.2855,0
43,-160.69588,0
44,-195.20715,0
45,-430.79123,0
46,-328.85068,0
47,-111.859375,0
48,-67.742676,0
49,-95.32427,0
50,-145.36612,0
51,-199.16676,0
52,-214.39308,0
53,-91.66655,0
54,-180.85362,0
55,-162.29956,0
56,-314.8024,0
57,-53.4222,0
58,-475.60968,0
59,0.4545568,0
60,-233.00818,0
61,-140.33354,0
62,-89.51709,0
63,-111.56307,0
64,-201.44998,0
65,-610.34564,0
66,-124.00127,0
67,-59.281868,0
68,-40.89413,0
69,-144.99236,0
70,-245.40578,0
71,-137.77333,0
72,-260.7771,0
73,-243.45428,0
74,-194.73918,0
75,-77.05305,0
76,-299.21237,0
77,-584.8437,0
78,9.433038,0
79,-77.527435,0
80,-38.80908,1
81,-71.57723,1
82,-178.8952,1
83,-179.98164,1
84,-101.81445,1
85,-43.956787,1
86,-113.90548,1
87,-158.20119,1
88,-197.58723,1
89,-52.348576,1
90,-73.88771,1
91,-3.8018844,1
92,4.4316993,1
93,-32.398808,1
94,19.940187,1
95,-82.65194,1
96,-159.27477,1
97,-64.05664,1
98,-21.762459,1
99,-111.071754,1
100,-109.52048,1
101,-45.0859,1
102,-38.865616,1
103,-23.34999,1
104,-49.915752,1
105,-161.30788,1
106,2.0805752,1
107,-4.333527,1
108,-89.04445,1
109,-1.6989542,1
110,-7.632527,1
111,-215.01256,1
112,-3.7317932,1
113,-63.98841,1
114,7.0590396,1
115,29.277,1
116,-227.75473,1
117,-12.899872,1
118,-31.632488,1
119,-30.502832,1
120,-31.431866,1
121,-202.92522,1
122,18.404417,1
123,-64.44233,1
124,-42.25217,1
125,-52.768024,1
126,-168.28069,1
127,-3.9644382,1
128,7.420777,1
129,-131.79195,1
130,-94.96493,1
131,-132.38889,1
132,-82.94442,1
133,3.6729558,1
134,-46.73343,1
135,-13.376077,1
136,-35.47081,1
137,-44.07669,1
138,-17.941895,1
139,-171.60648,1
140,-136.40704,1
141,-94.53429,1
142,-8.269613,1
143,-17.455444,1
144,8.773824,1
145,22.656267,1
146,-22.543724,1
147,-24.434498,1
148,-211.86482,1
149,16.045986,1
150,-79.71151,1
151,6.2564445,1
152,-52.651924,1
153,-17.69973,1
154,-237.50238,1
155,-19.434298,1
156,-115.34636,1
157,-115.867546,1
158,-98.95164,1
159,-148.83966,1
160,27.188522,2
161,158.89224,2
162,-100.84951,2
163,62.316387,2
164,-130.67096,2
165,186.22989,2
166,-105.12982,2
167,-186.55382,2
168,25.539034,2
169,150.868,2
170,25.156582,2
171,76.37316,2
172,-29.32449,2
173,-141.01555,2
174,-218.69005,2
175,213.03717,2
176,21.105936,2
177,91.064,2
178,-333.15607,2
179,-154.89766,2
180,-215.26418,2
181,122.42521,2
182,-17.68668,2
183,159.54028,2
184,-109.505585,2
185,179.16219,2
186,-195.04587,2
187,-328.64648,2
188,73.39404,2
189,30.209675,2
190,-63.46333,2
191,-136.25546,2
192,65.810165,2
193,24.153635,2
194,50.123993,2
195,-293.24707,2
196,67.39019,2
197,-461.66153,2
198,154.77388,2
199,146.66006,2
200,94.71356,2
201,-25.234737,2
202,139.27435,2
203,451.72928,2
204,186.35124,2
205,101.73146,2
206,-204.89708,2
207,22.611452,2
208,-40.225384,2
209,94.79079,2
210,-4.4761014,2
211,134.47812,2
212,-461.14246,2
213,146.41609,2
214,-62.020374,2
215,-79.67861,2
216,-22.000484,2
217,-158.5514,2
218,-166.96605,2
219,153.65666,2
220,127.33964,2
221,181.95511,2
222,31.102203,2
223,-21.935434,2
224,116.95827,2
225,144.5323,2
226,441.70758,2
227,118.586105,2
228,78.38954,2
229,6.384254,2
230,138.77464,2
231,-288.4067,2
232,-39.267056,2
233,164.70648,2
234,-263.1677,2
235,-202.56586,2
236,24.555359,2
237,-62.32928,2
238,29.250792,2
239,-326.52832,2
240,-103.37166,3
241,-15.5544195,3
242,-40.82857,3
243,-293.83768,3
244,-258.37247,3
245,-44.933445,3
246,-252.9993,3
247,-150.42809,3
248,25.267433,3
249,57.962246,3
250,-226.36322,3
251,-104.26778,3
252,-301.9476,3
253,-227.18565,3
254,-98.22402,3
255,-177.91185,3
256,-82.26917,3
257,-237.55766,3
258,-155.75604,3
259,-147.64119,3
260,-119.62933,3
261,-48.899757,3
262,-93.323006,3
263,-102.75218,3
264,-47.219975,3
265,-447.755,3
266,-49.411674,3
267,-64.57343,3
268,-137.20552,3
269,-264.68738,3
270,-63.120914,3
271,-117.34039,3
272,-94.627075,3
273,-144.30026,3
274,-377.4946,3
275,139.02892,3
276,-246.48918,3
277,0.9272703,3
278,-282.82294,3
279,-147.86345,3
280,73.346725,3
281,-28.35136,3
282,-169.6419,3
283,-629.32184,3
284,-89.73811,3
285,-107.91757,3
286,-544.646,3
287,-423.62747,3
288,-272.2743,3
289,-275.83563,3
290,-91.41914,3
291,48.2712,3
292,-275.49033,3
293,2.028519,3
294,-238.48335,3
295,-247.79155,3
296,-182.25044,3
297,-34.44372,3
298,-359.46103,3
299,-475.51736,3
300,41.426773,3
301,-498.08206,3
302,-7.338845,3
303,-87.0847,3
304,-162.6042,3
305,-167.2027,3
306,-185.3032,3
307,52.65771,3
308,-140.46318,3
309,-117.56308,3
310,-385.57214,3
311,-84.32353,3
312,-50.512005,3
313,-216.1823,3
314,-84.67664,3
315,-205.00275,3
316,28.815954,3
317,-229.0386,3
318,-2.3274982,3
319,-171.80356,3
320,-389.79654,4
321,-155.9345,4
322,-224.54004,4
323,-187.80234,4
324,-320.7801,4
325,-161.8813,4
326,-354.759,4
327,-178.94588,4
328,-249.3968,4
329,-92.11547,4
330,-278.9331,4
331,-104.67998,4
332,-176.20947,4
333,-86.13258,4
334,-244.47969,4
335,-105.15646,4
336,-128.383,4
337,-437.91208,4
338,-176.28355,4
339,-295.49228,4
340,-180.04314,4
341,-244.63805,4
342,-355.65817,4
343,-288.39526,4
344,-237.22719,4
345,-201.1126,4
346,-174.69258,4
347,-53.36832,4
348,-62.754734,4
349,-222.06549,4
350,-423.93735,4
351,-196.60573,4
352,-342.9758,4
353,-187.7856,4
354,-126.536804,4
355,-310.97443,4
356,-278.11343,4
357,-208.52103,4
358,-293.06384,4
359,-107.22226,4
360,-270.15488,4
361,-204.72444,4
362,-312.21036,4
363,-114.796036,4
364,-237.65874,4
365,-202.30206,4
366,-396.03726,4
367,-242.3898,4
368,-215.00497,4
369,-117.00908,4
370,-24.878843,4
371,-208.08653,4
372,-84.52238,4
373,-142.0154,4
374,-335.37503,4
375,-306.45892,4
376,-173.70146,4
377,-111.99106,4
378,-373.8942,4
379,-355.57446,4
380,-371.04382,4
381,-112.19474,4
382,-246.8891,4
383,-335.5904,4
384,-226.31856,4
385,-120.65619,4
386,-372.33292,4
387,-231.26721,4
388,-268.66458,4
389,-262.49332,4
390,-91.90982,4
391,-302.3886,4
392,-230.7696,4
393,-250.98726,4
394,-214.22916,4
395,-49.61298,4
396,-303.15042,4
397,-75.7153,4
398,-206.1095,4
399,-312.52502,4
400,-364.30603,5
401,-264.67218,5
402,-256.99313,5
403,-351.7935,5
404,-269.74826,5
405,-396.60785,5
406,-367.53873,5
407,-291.30386,5
408,-335.4807,5
409,-205.41832,5
410,-131.50273,5
411,-320.8884,5
412,0.026326515,5
413,-250.56548,5
414,-447.25766,5
415,-184.471,5
416,-202.05235,5
417,-139.22755,5
418,-265.93106,5
419,-410.8014,5
420,-438.23804,5
421,-124.82008,5
422,-327.80197,5
423,-533.95404,5
424,-189.47173,5
425,-45.945324,5
426,-276.09836,5
427,-435.60947,5
428,-250.26762,5
429,-256.00455,5
430,-630.25,5
431,-279.4512,5
432,-412.26202,5
433,-143.7654,5
434,-223.73035,5
435,-276.89346,5
436,-266.4413,5
437,-304.02948,5
438,-286.89896,5
439,-208.80344,5
440,-161.63777,5
441,-386.11414,5
442,-278.37064,5
443,-173.72182,5
444,-108.17846,5
445,-293.1517,5
446,-416.9023,5
447,-413.17566,5
448,-718.10864,5
449,-207.9758,5
450,-202.28365,5
451,-111.585785,5
452,-459.61545,5
453,-90.78047,5
454,-191.80507,5
455,-334.54572,5
456,-348.3851,5
457,-583.3776,5
458,-399.0099,5
459,-361.0141,5
460,-340.03253,5
461,-369.2623,5
462,-374.18597,5
463,-78.0601,5
464,-435.3755,5
465,-226.2957,5
466,-344.7018,5
467,-341.42108,5
468,-204.88844,5
469,-272.13632,5
470,-115.669075,5
471,-141.48534,5
472,-390.83682,5
473,-392.51257,5
474,-164.3541,5
475,-458.43405,5
476,-253.13785,5
477,-100.9153,5
478,-147.18831,5
479,-183.32474,5
480,-16.60104,6
481,-71.0287,6
482,-158.16151,6
483,-81.55853,6
484,-45.750843,6
485,-173.83766,6
486,-179.42693,6
487,-184.90657,6
488,-171.18898,6
489,-92.98647,6
490,-69.610565,6
491,-148.78316,6
492,-66.12201,6
493,-140.81407,6
494,-77.6542,6
495,-180.3879,6
496,-256.40695,6
497,-156.1212,6
498,-95.12326,6
499,-146.98378,6
500,-111.3384,6
501,-28.214748,6
502,-39.514538,6
503,-61.339947,6
504,-117.25814,6
505,-149.38991,6
506,-152.32063,6
507,-131.32158,6
508,-175.42198,6
509,-24.608278,6
510,-209.43907,6
511,-215.44954,6
512,-48.817097,6
513,-94.46985,6
514,-137.98836,6
515,-113.1875,6
516,-168.49254,6
517,-94.30708,6
518,-86.48861,6
519,-39.283073,6
520,-205.21083,6
521,-200.69365,6
522,-43.06475,6
523,-130.6713,6
524,-193.77065,6
525,-93.57029,6
526,-126.07099,6
527,-97.6223,6
528,-170.00648,6
529,-63.028233,6
530,-137.37006,6
531,-170.28085,6
532,-188.25539,6
533,-73.06317,6
534,-123.85544,6
535,-100.979034,6
536,-84.57231,6
537,-336.47482,6
538,-38.82706,6
539,-61.37619,6
540,-29.98629,6
541,-34.424828,6
542,-25.300005,6
543,-109.0268,6
544,-57.485447,6
545,-75.5237,6
546,-219.97334,6
547,-113.35089,6
548,-204.84245,6
549,-100.51958,6
550,-220.9207,6
551,-109.534294,6
552,-214.4085,6
553,-214.42267,6
554,-222.4622,6
555,-125.97323,6
556,-276.03278,6
557,-72.4563,6
558,-128.96686,6
559,-133.8773,6
560,-471.97968,7
561,-158.4835,7
562,-162.10652,7
563,-385.6514,7
564,-581.82855,7
565,-599.5428,7
566,-501.80704,7
567,-582.5129,7
568,-801.3334,7
569,-359.19736,7
570,-395.18436,7
571,-322.11255,7
572,-384.87753,7
573,-702.5554,7
574,-180.25917,7
575,-375.56998,7
576,-707.6664,7
577,-35.83454,7
578,-456.45084,7
579,-294.30682,7
580,-98.72056,7
581,-292.4429,7
582,-330.50317,7
583,-609.58856,7
584,-440.0826,7
585,-592.5222,7
586,-613.2078,7
587,-447.61942,7
588,-306.3244,7
589,-820.34125,7
590,-1049.2286,7
591,-198.1426,7
592,-498.6486,7
593,-303.07608,7
594,-525.8071,7
595,-407.10562,7
596,-632.4059,7
597,-735.6142,7
598,-409.39453,7
599,-982.4132,7
600,-386.6073,7
601,-173.11574,7
602,-621.1724,7
603,-432.082,7
604,-400.6921,7
605,-576.14124,7
606,-577.23505,7
607,-973.1106,7
608,-439.33328,7
609,-295.75015,7
610,-607.0776,7
611,-572.97394,7
612,-621.5179,7
613,-404.03503,7
614,-697.69574,7
615,-185.86778,7
616,-608.13916,7
617,-528.3431,7
618,33.887665,7
619,-1095.1887,7
620,-205.2794,7
621,-504.26172,7
622,-707.0771,7
623,-221.31099,7
624,-37.168087,7
625,-695.4908,7
626,-145.29509,7
627,-419.61722,7
628,-410.3387,7
629,-458.80545,7
630,-756.7304,7
631,-76.257355,7
632,-301.06485,7
633,-257.21637,7
634,-879.3005,7
635,-556.7258,7
636,-527.61365,7
637,-507.02963,7
638,-176.05807,7
639,-348.62256,7
640,-472.44138,8
641,-138.81451,8
642,-249.14774,8
643,-55.372196,8
644,-289.12042,8
645,-226.97179,8
646,-134.97108,8
647,-102.692764,8
648,-400.75552,8
649,-342.2543,8
650,-314.323,8
651,-197.22765,8
652,-491.61798,8
653,-397.91025,8
654,-376.45987,8
655,-328.8506,8
656,-217.99791,8
657,-249.57779,8
658,-203.66093,8
659,-557.6917,8
660,-628.31226,8
661,-243.65388,8
662,-197.70802,8
663,-220.58786,8
664,-802.8067,8
665,-176.20738,8
666,-561.78436,8
667,-159.58385,8
668,-184.82387,8
669,-542.9355,8
670,-177.36028,8
671,-182.18835,8
672,-402.29974,8
673,-379.43826,8
674,-117.274216,8
675,-369.37445,8
676,-210.85124,8
677,-478.31906,8
678,-187.03326,8
679,-194.41403,8
680,-298.03238,8
681,-299.59845,8
682,-300.77087,8
683,-176.1382,8
684,-143.43877,8
685,-366.10406,8
686,-80.40369,8
687,-445.6935,8
688,-255.53352,8
689,-219.06783,8
690,-433.87933,8
691,-580.0876,8
692,-296.52643,8
693,-425.69498,8
694,-314.4451,8
695,-208.47952,8
696,-388.46573,8
697,-195.51904,8
698,-138.46935,8
699,-452.96902,8
700,-397.89566,8
701,-286.73453,8
702,-218.84747,8
703,-195.32988,8
704,-304.27368,8
705,-366.61404,8
706,-359.11282,8
707,-214.5794,8
708,-131.07213,8
709,-393.23785,8
710,-291.38687,8
711,-179.93437,8
712,-220.52547,8
713,-232.75647,8
714,-351.72842,8
715,-365.40952,8
716,-226.91438,8
717,-132.96423,8
718,-307.18277,8
719,-215.81514,8
720,-281.22964,9
721,-569.88763,9
722,-389.28482,9
723,-780.1338,9
724,-301.60858,9
725,-358.47906,9
726,-244.77225,9
727,-255.34645,9
728,-259.82742,9
729,-419.05774,9
730,-276.63083,9
731,-235.09233,9
732,-317.97247,9
733,-314.46207,9
734,-369.26608,9
735,-191.0519,9
736,-230.07253,9
737,-449.4498,9
738,-279.56223,9
739,-215.1118,9
740,-398.2524,9
741,-461.22208,9
742,-197.45154,9
743,-387.92657,9
744,-226.67932,9
745,-281.95013,9
746,-189.24867,9
747,-299.39636,9
748,-180.68568,9
749,-414.25064,9
750,-292.77676,9
751,-276.83286,9
752,-586.9122,9
753,-320.80466,9
754,-535.8441,9
755,-216.30125,9
756,-188.53212,9
757,-187.50359,9
758,-363.73856,9
759,-72.36273,9
760,-311.21506,9
761,-395.1657,9
762,-269.50186,9
763,-501.2177,9
764,-333.63776,9
765,-250.22742,9
766,-390.0093,9
767,-416.71695,9
768,-279.3263,9
769,-179.16106,9
770,-394.9904,9
771,-352.24808,9
772,-274.05637,9
773,-326.93912,9
774,-301.28653,9
775,-203.66173,9
776,-627.1531,9
777,-294.84464,9
778,-176.59915,9
779,-234.01253,9
780,-441.60452,9
781,-249.05643,9
782,-193.27371,9
783,-315.744,9
784,-276.4427,9
785,-313.34457,9
786,-166.93996,9
787,-186.16396,9
788,-277.7961,9
789,-369.868,9
790,-247.19258,9
791,-187.19098,9
792,-522.2573,9
793,-325.74136,9
794,-368.20886,9
795,-452.72006,9
796,-393.00668,9
797,-273.63327,9
798,-513.8012,9
799,-147.62228,9
