Image,Value,Label
0,-232.52345,0
1,-76.6736,0
2,-221.47894,0
3,-183.25311,0
4,-252.72055,0
5,-224.13806,0
6,-226.18127,0
7,-220.8358,0
8,-181.88916,0
9,-185.32652,0
10,-198.49371,0
11,-181.29997,0
12,-297.1945,0
13,-201.4613,0
14,-185.2846,0
15,-251.25352,0
16,-225.39868,0
17,-235.72598,0
18,-266.30545,0
19,-202.02737,0
20,-276.81955,0
21,-231.39186,0
22,-190.5977,0
23,-214.63077,0
24,-177.48634,0
25,-103.496414,0
26,-192.66249,0
27,-157.19373,0
28,-283.78766,0
29,-115.71545,0
30,-303.20734,0
31,-194.72461,0
32,-140.32567,0
33,-136.36426,0
34,-305.33853,0
35,-175.54794,0
36,-197.6663,0
37,-127.690834,0
38,-266.42703,0
39,-152.08997,0
40,-169.44353,0
41,-267.36765,0
42,-295.74484,0
43,-203.52863,0
44,-277.73685,0
45,-205.17484,0
46,-303.68063,0
47,-193.75267,0
48,-103.96884,0
49,-72.48936,0
50,-149.91554,0
51,-254.83049,0
52,-202.77808,0
53,-238.72748,0
54,-157.18118,0
55,-139.60167,0
56,-266.45932,0
57,-80.92159,0
58,-228.35373,0
59,-188.58218,0
60,-231.01825,0
61,-176.47464,0
62,-164.05591,0
63,-246.98405,0
64,-231.80148,0
65,-249.39758,0
66,-240.94658,0
67,-175.50433,0
68,-168.63597,0
69,-137.9123,0
70,-176.35681,0
71,-209.53703,0
72,-240.06754,0
73,-409.5958,0
74,-246.27615,0
75,-151.45175,0
76,-280.43454,0
77,-256.79868,0
78,-185.41632,0
79,-212.04126,0
80,-129.31184,1
81,-34.471718,1
82,-94.59282,1
83,-81.12785,1
84,-96.331635,1
85,-60.979412,1
86,-68.43613,1
87,-68.91189,1
88,-80.7458,1
89,-102.29115,1
90,-43.946865,1
91,-83.327385,1
92,-79.29766,1
93,-176.27742,1
94,-103.85728,1
95,-71.336914,1
96,-141.27484,1
97,-74.511314,1
98,-90.728165,1
99,-84.8676,1
100,-91.201904,1
101,-62.000374,1
102,-169.68939,1
103,-52.074818,1
104,-72.86592,1
105,-92.7321,1
106,-108.22476,1
107,-153.68158,1
108,-94.208496,1
109,-83.06721,1
110,-129.69695,1
111,-96.55081,1
112,-134.61145,1
113,-143.9755,1
114,-129.91048,1
115,-92.97947,1
116,-115.742325,1
117,-43.526,1
118,-98.828674,1
119,-77.97907,1
120,-102.45297,1
121,-78.38676,1
122,-90.36409,1
123,-96.122055,1
124,-49.016087,1
125,-59.23125,1
126,-106.530266,1
127,-77.14326,1
128,-136.50774,1
129,-90.07538,1
130,-113.108475,1
131,-69.16509,1
132,-79.294525,1
133,-93.346344,1
134,-60.13463,1
135,-92.66801,1
136,-79.9153,1
137,-57.797188,1
138,-129.65271,1
139,-71.588104,1
140,-63.367474,1
141,-49.97034,1
142,-114.329056,1
143,-110.8761,1
144,-97.63982,1
145,-118.89102,1
146,-115.25739,1
147,-107.4079,1
148,-115.514984,1
149,-153.50711,1
150,-145.62054,1
151,-150.32188,1
152,-90.42944,1
153,-128.29012,1
154,-110.42721,1
155,-140.30559,1
156,-185.52069,1
157,-73.99608,1
158,-64.80138,1
159,-89.81649,1
160,-148.86333,2
161,-99.50755,2
162,-138.37988,2
163,-112.20296,2
164,-151.42685,2
165,-240.04738,2
166,-173.03055,2
167,-175.95691,2
168,-230.78354,2
169,-146.19403,2
170,-156.97948,2
171,-146.63226,2
172,-103.50664,2
173,-237.76259,2
174,-205.07028,2
175,-272.86755,2
176,-176.14246,2
177,-151.37141,2
178,-176.49173,2
179,-229.36234,2
180,-105.57742,2
181,-248.05153,2
182,-250.03452,2
183,-230.54016,2
184,-139.23306,2
185,-117.935,2
186,-187.43079,2
187,-135.39731,2
188,-84.49002,2
189,-42.677334,2
190,-111.458115,2
191,-142.99164,2
192,-215.22382,2
193,-168.39511,2
194,-159.89066,2
195,-179.66678,2
196,-239.95248,2
197,-126.75,2
198,-191.12022,2
199,-317.59488,2
200,-86.96197,2
201,-184.71365,2
202,-105.27983,2
203,-244.06265,2
204,-164.5535,2
205,-85.65196,2
206,-202.94608,2
207,-272.47897,2
208,-89.36783,2
209,-330.7691,2
210,-277.48163,2
211,-252.8703,2
212,-246.68138,2
213,-254.14285,2
214,-169.2687,2
215,-196.97076,2
216,-169.06659,2
217,-71.7875,2
218,-184.20474,2
219,-230.22115,2
220,-266.84335,2
221,-230.1447,2
222,-161.38873,2
223,-112.09013,2
224,-206.31825,2
225,-192.88522,2
226,-312.9866,2
227,-234.76782,2
228,-148.65915,2
229,-207.74498,2
230,-146.38828,2
231,-178.17282,2
232,-135.8175,2
233,-242.96896,2
234,-278.3264,2
235,-197.03418,2
236,-104.820435,2
237,-159.10078,2
238,-156.02585,2
239,-136.7024,2
240,-234.7085,3
241,-221.91257,3
242,-117.77866,3
243,-135.7118,3
244,-251.14397,3
245,-247.67006,3
246,-308.33212,3
247,-136.11337,3
248,-145.9729,3
249,-165.02798,3
250,-189.7253,3
251,-219.69618,3
252,-283.10416,3
253,-170.74982,3
254,-212.31302,3
255,-231.4964,3
256,-159.63324,3
257,-161.89664,3
258,-178.01353,3
259,-350.63083,3
260,-287.5459,3
261,-141.5426,3
262,-217.0538,3
263,-201.58208,3
264,-213.48442,3
265,-184.83533,3
266,-159.94989,3
267,-172.65813,3
268,-310.10403,3
269,-190.02423,3
270,-174.9332,3
271,-165.62872,3
272,-154.87683,3
273,-180.74939,3
274,-205.67072,3
275,-197.8404,3
276,-186.01373,3
277,-124.37248,3
278,-208.09349,3
279,-223.8676,3
280,-199.01627,3
281,-229.68036,3
282,-252.55998,3
283,-213.16483,3
284,-226.18399,3
285,-192.42441,3
286,-228.72015,3
287,-273.39386,3
288,-263.84872,3
289,-236.21524,3
290,-221.82568,3
291,-210.66136,3
292,-201.24547,3
293,-175.68561,3
294,-244.71729,3
295,-130.2318,3
296,-248.59357,3
297,-220.16785,3
298,-209.22644,3
299,-227.97578,3
300,-310.87186,3
301,-292.64835,3
302,-149.54573,3
303,-141.97021,3
304,-105.84312,3
305,-161.89139,3
306,-209.31723,3
307,-110.53635,3
308,-138.08228,3
309,-297.9564,3
310,-384.97733,3
311,-88.32418,3
312,-197.73834,3
313,-121.52113,3
314,-215.91791,3
315,-175.64055,3
316,-101.98166,3
317,-144.22461,3
318,-149.95111,3
319,-221.49744,3
320,-261.21527,4
321,-186.07864,4
322,-204.97763,4
323,-202.51703,4
324,-245.9482,4
325,-211.39545,4
326,-284.4377,4
327,-209.2649,4
328,-319.0811,4
329,-126.3779,4
330,-227.77777,4
331,-194.93582,4
332,-199.0695,4
333,-241.93608,4
334,-169.65259,4
335,-158.02786,4
336,-115.55116,4
337,-288.12842,4
338,-235.59445,4
339,-218.30801,4
340,-316.3847,4
341,-142.16693,4
342,-313.61282,4
343,-205.69824,4
344,-220.16428,4
345,-184.13089,4
346,-127.70013,4
347,-125.83656,4
348,-165.77847,4
349,-185.0379,4
350,-244.35222,4
351,-148.64131,4
352,-249.04242,4
353,-158.38657,4
354,-195.88364,4
355,-264.77524,4
356,-301.70444,4
357,-261.7206,4
358,-206.51001,4
359,-153.65895,4
360,-209.02469,4
361,-266.14883,4
362,-175.26491,4
363,-100.178604,4
364,-178.68198,4
365,-272.16983,4
366,-347.6349,4
367,-252.92693,4
368,-193.03268,4
369,-216.37189,4
370,-153.48013,4
371,-249.07306,4
372,-118.298294,4
373,-103.94174,4
374,-269.43228,4
375,-213.63263,4
376,-192.01582,4
377,-222.38249,4
378,-259.23184,4
379,-188.1825,4
380,-227.48462,4
381,-209.97015,4
382,-186.96405,4
383,-134.92412,4
384,-250.4794,4
385,-188.16513,4
386,-183.78372,4
387,-248.08821,4
388,-228.62857,4
389,-279.10507,4
390,-193.88867,4
391,-183.8725,4
392,-196.76099,4
393,-250.59393,4
394,-142.06763,4
395,-228.02997,4
396,-251.50977,4
397,-155.05826,4
398,-206.98204,4
399,-242.81241,4
400,-123.678696,5
401,-201.63849,5
402,-210.73653,5
403,-177.3039,5
404,-282.46036,5
405,-232.33563,5
406,-200.48547,5
407,-200.90097,5
408,-272.46548,5
409,-71.02062,5
410,-250.01558,5
411,-191.55937,5
412,-41.92118,5
413,-190.05899,5
414,-278.80853,5
415,-125.36366,5
416,-294.32132,5
417,-257.11972,5
418,-169.90135,5
419,-168.37494,5
420,-307.92108,5
421,-290.87643,5
422,-295.01892,5
423,-265.28918,5
424,-166.77322,5
425,-77.13506,5
426,-225.61865,5
427,-319.7059,5
428,-263.7713,5
429,-165.16344,5
430,-226.73785,5
431,-186.26193,5
432,-163.25652,5
433,-183.48367,5
434,-218.39297,5
435,-282.0271,5
436,-148.83124,5
437,-205.67891,5
438,-143.73862,5
439,-97.69269,5
440,-171.58664,5
441,-372.91544,5
442,-273.29184,5
443,-226.41891,5
444,-161.04709,5
445,-193.46124,5
446,-218.19255,5
447,-240.83968,5
448,-326.6677,5
449,-170.50314,5
450,-198.77786,5
451,-125.9404,5
452,-114.26223,5
453,-210.54721,5
454,-170.87335,5
455,-183.23416,5
456,-187.79706,5
457,-210.48044,5
458,-184.57939,5
459,-209.56842,5
460,-151.59747,5
461,-272.20804,5
462,-165.02097,5
463,-252.12929,5
464,-193.65268,5
465,-134.14336,5
466,-309.38254,5
467,-112.98113,5
468,-148.17288,5
469,-343.77594,5
470,-274.3945,5
471,-157.82674,5
472,-264.97018,5
473,-140.15997,5
474,-216.37544,5
475,-207.39471,5
476,-290.2546,5
477,-142.43974,5
478,-167.65689,5
479,-254.77151,5
480,-149.9253,6
481,-158.25522,6
482,-188.91376,6
483,-145.51358,6
484,-131.69304,6
485,-251.28384,6
486,-248.5819,6
487,-394.7238,6
488,-303.37485,6
489,-129.87279,6
490,-95.78937,6
491,-125.88629,6
492,-122.64542,6
493,-250.93005,6
494,-157.89563,6
495,-253.24812,6
496,-177.71666,6
497,-281.31003,6
498,-91.73697,6
499,-306.27512,6
500,-223.29489,6
501,-152.98303,6
502,-249.21286,6
503,-126.762146,6
504,-239.8714,6
505,-228.86531,6
506,-194.88376,6
507,-200.77946,6
508,-234.46863,6
509,-266.1981,6
510,-167.35635,6
511,-264.61548,6
512,-156.36261,6
513,-277.25113,6
514,-112.64354,6
515,-162.67319,6
516,-250.43845,6
517,-127.99533,6
518,-163.03235,6
519,-171.0595,6
520,-259.43362,6
521,-234.06198,6
522,-119.414055,6
523,-188.48123,6
524,-242.83328,6
525,-174.61803,6
526,-166.61691,6
527,-177.01274,6
528,-218.65701,6
529,-203.84268,6
530,-138.64813,6
531,-190.25745,6
532,-280.12183,6
533,-90.740074,6
534,-227.7701,6
535,-218.98573,6
536,-246.17993,6
537,-263.5456,6
538,-207.42969,6
539,-182.79688,6
540,-144.24773,6
541,-142.09229,6
542,-97.540146,6
543,-168.57312,6
544,-144.36212,6
545,-137.25989,6
546,-236.6214,6
547,-138.53386,6
548,-243.32523,6
549,-187.35803,6
550,-280.0831,6
551,-167.61922,6
552,-155.0486,6
553,-244.24995,6
554,-256.23196,6
555,-198.30562,6
556,-205.05695,6
557,-203.95499,6
558,-187.68408,6
559,-109.974014,6
560,-175.85652,7
561,-109.8523,7
562,-70.661835,7
563,-143.2517,7
564,-180.9179,7
565,-170.9943,7
566,-101.138855,7
567,-122.980446,7
568,-144.05234,7
569,-179.0137,7
570,-187.18097,7
571,-136.71658,7
572,-117.35605,7
573,-186.82639,7
574,-149.72745,7
575,-120.698456,7
576,-129.35815,7
577,-109.263885,7
578,-201.57639,7
579,-126.76845,7
580,-144.37053,7
581,-101.63908,7
582,-136.46344,7
583,-167.95354,7
584,-130.60121,7
585,-68.46147,7
586,-163.89218,7
587,-126.77757,7
588,-99.76395,7
589,-136.46242,7
590,-169.88422,7
591,-74.51738,7
592,-113.83109,7
593,-249.15045,7
594,-90.44681,7
595,-178.02858,7
596,-123.92641,7
597,-238.7103,7
598,-117.106224,7
599,-182.00314,7
600,-228.4897,7
601,-102.17386,7
602,-130.5183,7
603,-172.28264,7
604,-142.49303,7
605,-111.15928,7
606,-137.58116,7
607,-139.97241,7
608,-136.73734,7
609,-106.938194,7
610,-161.56743,7
611,-136.583,7
612,-79.72185,7
613,-182.7328,7
614,-110.47854,7
615,-67.71534,7
616,-130.92374,7
617,-162.98425,7
618,-146.18259,7
619,-219.12402,7
620,-190.46184,7
621,-111.68915,7
622,-139.05103,7
623,-95.041466,7
624,-61.00124,7
625,-190.70387,7
626,-145.89359,7
627,-87.43543,7
628,-66.54819,7
629,-158.49562,7
630,-171.54523,7
631,-99.70882,7
632,-170.56369,7
633,-129.9927,7
634,-125.91081,7
635,-166.78189,7
636,-133.9113,7
637,-170.20532,7
638,-101.81092,7
639,-109.98214,7
640,-313.3762,8
641,-208.19473,8
642,-197.3512,8
643,-152.4115,8
644,-245.85374,8
645,-80.76283,8
646,-289.14352,8
647,-167.53674,8
648,-150.95735,8
649,-130.53723,8
650,-236.54913,8
651,-155.49644,8
652,-331.54407,8
653,-354.6709,8
654,-276.50174,8
655,-179.45033,8
656,-150.52841,8
657,-240.25836,8
658,-145.00145,8
659,-369.8575,8
660,-270.26935,8
661,-203.27106,8
662,-277.31943,8
663,-228.73111,8
664,-281.03317,8
665,-120.08256,8
666,-291.4006,8
667,-144.52362,8
668,-202.03416,8
669,-368.4481,8
670,-191.24399,8
671,-158.1368,8
672,-164.53275,8
673,-309.39456,8
674,-161.29652,8
675,-209.35167,8
676,-193.9021,8
677,-233.0453,8
678,-152.3876,8
679,-231.39671,8
680,-229.00214,8
681,-197.25066,8
682,-251.96048,8
683,-240.11871,8
684,-248.73051,8
685,-201.13077,8
686,-179.00801,8
687,-293.8012,8
688,-223.0582,8
689,-166.68747,8
690,-189.09282,8
691,-259.75674,8
692,-198.27202,8
693,-294.14734,8
694,-216.14386,8
695,-149.70155,8
696,-252.86719,8
697,-124.06871,8
698,-186.34714,8
699,-197.17386,8
700,-264.1098,8
701,-138.78278,8
702,-182.03285,8
703,-150.70628,8
704,-228.43568,8
705,-255.88123,8
706,-194.89484,8
707,-195.02682,8
708,-128.03494,8
709,-291.32864,8
710,-140.35611,8
711,-116.73941,8
712,-230.23132,8
713,-215.2311,8
714,-160.27017,8
715,-199.09016,8
716,-241.26746,8
717,-220.32654,8
718,-229.71841,8
719,-152.4303,8
720,-211.7929,9
721,-266.95047,9
722,-174.20944,9
723,-270.79666,9
724,-182.06125,9
725,-142.68234,9
726,-159.48761,9
727,-168.02538,9
728,-219.118,9
729,-209.57878,9
730,-210.6486,9
731,-188.04666,9
732,-244.88756,9
733,-238.99059,9
734,-126.83217,9
735,-171.43611,9
736,-170.49088,9
737,-289.39047,9
738,-282.68625,9
739,-229.40065,9
740,-250.31691,9
741,-242.37758,9
742,-147.10019,9
743,-239.16438,9
744,-97.28376,9
745,-190.93622,9
746,-147.05963,9
747,-176.00446,9
748,-140.69629,9
749,-178.53137,9
750,-198.71672,9
751,-244.17819,9
752,-244.57285,9
753,-210.08371,9
754,-271.66116,9
755,-181.60533,9
756,-222.65298,9
757,-194.97723,9
758,-222.22348,9
759,-123.52857,9
760,-150.51263,9
761,-245.62013,9
762,-203.09113,9
763,-52.155163,9
764,-293.07974,9
765,-154.6796,9
766,-193.21838,9
767,-261.81927,9
768,-94.969986,9
769,-98.38594,9
770,-204.23438,9
771,-122.193146,9
772,-253.89375,9
773,-161.80557,9
774,-143.84222,9
775,-166.037,9
776,-216.88394,9
777,-175.23752,9
778,-168.74028,9
779,-211.01898,9
780,-265.431,9
781,-121.734634,9
782,-123.43712,9
783,-156.84146,9
784,-208.94904,9
785,-264.32712,9
786,-97.08129,9
787,-142.34183,9
788,-199.64862,9
789,-204.10622,9
790,-167.7913,9
791,-177.95935,9
792,-218.60797,9
793,-204.7245,9
794,-268.49854,9
795,-240.46458,9
796,-221.87537,9
797,-119.8855,9
798,-266.1138,9
799,-169.65128,9
