Image,Value,Label
0,-289.9162,0
1,-163.43161,0
2,-243.59595,0
3,-372.28394,0
4,-293.91104,0
5,-226.45923,0
6,-308.03308,0
7,-386.2621,0
8,-230.07285,0
9,-365.14542,0
10,-247.51758,0
11,-249.77206,0
12,-410.0872,0
13,-293.9909,0
14,-188.40886,0
15,-312.12772,0
16,-240.32928,0
17,-396.67426,0
18,-317.32584,0
19,-327.90906,0
20,-473.41235,0
21,-209.51698,0
22,-385.21054,0
23,-251.84372,0
24,-278.9709,0
25,-128.84772,0
26,-235.60092,0
27,-274.06473,0
28,-439.3612,0
29,-228.19337,0
30,-262.1535,0
31,-282.32462,0
32,-168.69685,0
33,-268.03424,0
34,-417.2902,0
35,-248.4488,0
36,-200.09877,0
37,-97.535904,0
38,-360.38574,0
39,-230.6955,0
40,-207.35654,0
41,-321.77963,0
42,-484.92978,0
43,-199.8797,0
44,-311.68808,0
45,-423.79266,0
46,-414.0965,0
47,-251.206,0
48,-205.98837,0
49,-207.63223,0
50,-205.97018,0
51,-313.1851,0
52,-260.62173,0
53,-292.75534,0
54,-153.81895,0
55,-230.29846,0
56,-365.31,0
57,-114.54363,0
58,-347.60562,0
59,-196.19955,0
60,-404.14062,0
61,-276.9505,0
62,-226.39859,0
63,-454.16165,0
64,-338.34225,0
65,-383.2989,0
66,-302.73,0
67,-225.68468,0
68,-212.03903,0
69,-167.12906,0
70,-334.4334,0
71,-329.72552,0
72,-308.5146,0
73,-516.7891,0
74,-374.18683,0
75,-246.61807,0
76,-364.17117,0
77,-348.05197,0
78,-222.12457,0
79,-247.77994,0
80,-132.24661,1
81,-74.94901,1
82,-115.37875,1
83,-98.64361,1
84,-95.42481,1
85,-159.86484,1
86,-84.062035,1
87,-108.69894,1
88,-143.20906,1
89,-199.02917,1
90,-67.83134,1
91,-74.88601,1
92,-132.87646,1
93,-175.30017,1
94,-172.40747,1
95,-50.942596,1
96,-169.26645,1
97,-92.29194,1
98,-101.02856,1
99,-142.66908,1
100,-88.44558,1
101,-83.77696,1
102,-227.05792,1
103,-70.013504,1
104,-84.47082,1
105,-86.689896,1
106,-187.08124,1
107,-149.94186,1
108,-112.85763,1
109,-127.19885,1
110,-200.81967,1
111,-120.925186,1
112,-125.51191,1
113,-194.45671,1
114,-133.15042,1
115,-118.26498,1
116,-163.13777,1
117,-71.32552,1
118,-184.93655,1
119,-101.595375,1
120,-115.01194,1
121,-98.55693,1
122,-89.57142,1
123,-117.13619,1
124,-140.95795,1
125,-77.03556,1
126,-133.84544,1
127,-126.57871,1
128,-121.95151,1
129,-81.229385,1
130,-132.47021,1
131,-95.82274,1
132,-118.26338,1
133,-91.24585,1
134,-64.06899,1
135,-137.2356,1
136,-132.66144,1
137,-84.07536,1
138,-152.73883,1
139,-142.32352,1
140,-103.63044,1
141,-95.877106,1
142,-184.16835,1
143,-149.805,1
144,-117.96775,1
145,-181.47191,1
146,-136.26715,1
147,-163.9256,1
148,-131.70341,1
149,-179.12306,1
150,-209.2055,1
151,-214.66418,1
152,-244.28175,1
153,-197.00342,1
154,-168.19852,1
155,-152.20215,1
156,-266.34674,1
157,-84.39022,1
158,-87.041115,1
159,-155.44351,1
160,-159.16393,2
161,-290.69315,2
162,-242.81042,2
163,-153.2116,2
164,-262.63718,2
165,-295.83606,2
166,-196.02754,2
167,-271.35413,2
168,-216.56952,2
169,-312.91296,2
170,-238.14462,2
171,-290.29797,2
172,-190.95345,2
173,-279.21655,2
174,-244.74289,2
175,-410.0613,2
176,-141.2895,2
177,-246.39735,2
178,-302.5436,2
179,-326.8495,2
180,-44.70659,2
181,-375.35736,2
182,-400.93683,2
183,-285.13516,2
184,-196.22949,2
185,-201.75658,2
186,-239.75848,2
187,-210.64621,2
188,-147.46902,2
189,-118.53103,2
190,-223.33551,2
191,-187.83847,2
192,-251.76126,2
193,-289.52878,2
194,-178.14941,2
195,-191.72476,2
196,-310.06067,2
197,-217.99945,2
198,-217.0321,2
199,-355.71503,2
200,-144.93819,2
201,-301.8781,2
202,-152.5195,2
203,-304.25934,2
204,-175.87506,2
205,-132.93488,2
206,-169.86328,2
207,-387.64395,2
208,-296.90027,2
209,-451.03955,2
210,-327.84088,2
211,-349.99707,2
212,-380.00018,2
213,-228.23257,2
214,-249.44856,2
215,-305.6752,2
216,-208.74466,2
217,-133.01584,2
218,-285.14255,2
219,-285.71802,2
220,-329.7159,2
221,-391.11697,2
222,-247.57147,2
223,-170.8769,2
224,-205.27911,2
225,-225.10268,2
226,-245.36354,2
227,-309.1587,2
228,-233.77069,2
229,-199.86493,2
230,-252.35255,2
231,-216.23596,2
232,-147.1683,2
233,-337.31625,2
234,-350.46985,2
235,-285.46378,2
236,-193.36111,2
237,-233.18616,2
238,-130.63042,2
239,-337.04932,2
240,-227.15524,3
241,-197.47427,3
242,-129.5505,3
243,-139.42659,3
244,-332.6699,3
245,-199.22769,3
246,-330.80353,3
247,-128.79152,3
248,-314.83282,3
249,-173.58322,3
250,-304.40005,3
251,-237.6883,3
252,-209.66402,3
253,-311.64468,3
254,-210.06012,3
255,-321.43558,3
256,-179.0075,3
257,-175.31659,3
258,-216.57605,3
259,-336.88422,3
260,-278.93762,3
261,-292.73547,3
262,-302.47385,3
263,-168.14465,3
264,-178.24394,3
265,-301.73453,3
266,-273.60175,3
267,-239.18867,3
268,-443.97293,3
269,-178.24048,3
270,-230.31248,3
271,-233.13379,3
272,-276.7854,3
273,-218.59363,3
274,-183.15826,3
275,-173.88492,3
276,-344.84473,3
277,-145.55396,3
278,-251.35385,3
279,-234.58281,3
280,-300.8916,3
281,-267.73865,3
282,-325.2296,3
283,-250.06439,3
284,-288.12015,3
285,-183.0593,3
286,-358.61627,3
287,-354.11984,3
288,-192.17958,3
289,-351.63745,3
290,-218.7886,3
291,-207.28452,3
292,-317.68823,3
293,-224.11743,3
294,-333.92902,3
295,-266.238,3
296,-229.35452,3
297,-232.39188,3
298,-292.0192,3
299,-348.38336,3
300,-371.34567,3
301,-393.87427,3
302,-136.60104,3
303,-175.20163,3
304,-218.2643,3
305,-189.24026,3
306,-192.64006,3
307,-159.1412,3
308,-66.17423,3
309,-306.31488,3
310,-324.63867,3
311,-223.59097,3
312,-249.23595,3
313,-135.93542,3
314,-279.3728,3
315,-310.49982,3
316,-159.39001,3
317,-296.65295,3
318,-240.73329,3
319,-285.3342,3
320,-313.87793,4
321,-202.70361,4
322,-203.90933,4
323,-218.42944,4
324,-239.54468,4
325,-185.84546,4
326,-263.1798,4
327,-187.94986,4
328,-267.78854,4
329,-189.88559,4
330,-189.61835,4
331,-204.73807,4
332,-175.6043,4
333,-181.97852,4
334,-226.31905,4
335,-199.26445,4
336,-145.89655,4
337,-259.77655,4
338,-204.86932,4
339,-294.09467,4
340,-392.46875,4
341,-157.14784,4
342,-307.8356,4
343,-234.30557,4
344,-227.86386,4
345,-257.80823,4
346,-185.0137,4
347,-235.87778,4
348,-141.51834,4
349,-217.37471,4
350,-294.26053,4
351,-259.20206,4
352,-260.63928,4
353,-282.6688,4
354,-245.68384,4
355,-288.23676,4
356,-334.75665,4
357,-277.04572,4
358,-232.79779,4
359,-146.21216,4
360,-233.62154,4
361,-249.0561,4
362,-188.96329,4
363,-190.99348,4
364,-268.549,4
365,-200.24728,4
366,-416.8593,4
367,-231.10101,4
368,-261.87186,4
369,-139.56892,4
370,-152.06854,4
371,-196.63658,4
372,-133.09937,4
373,-171.02007,4
374,-259.64157,4
375,-262.42053,4
376,-196.84195,4
377,-140.10254,4
378,-221.47922,4
379,-197.92505,4
380,-278.79593,4
381,-133.68155,4
382,-165.93039,4
383,-203.82625,4
384,-320.00552,4
385,-202.4343,4
386,-238.88992,4
387,-259.8899,4
388,-196.19646,4
389,-312.0069,4
390,-250.74265,4
391,-194.41846,4
392,-272.82635,4
393,-241.94247,4
394,-129.34235,4
395,-256.79327,4
396,-329.80914,4
397,-248.25743,4
398,-172.3409,4
399,-221.66885,4
400,-237.96849,5
401,-153.66232,5
402,-222.55336,5
403,-154.96811,5
404,-213.12285,5
405,-311.04242,5
406,-200.70383,5
407,-276.6782,5
408,-189.4295,5
409,-225.32324,5
410,-263.9655,5
411,-222.36954,5
412,-70.5919,5
413,-173.15402,5
414,-321.4477,5
415,-162.71783,5
416,-281.88184,5
417,-310.04828,5
418,-185.46739,5
419,-153.50844,5
420,-264.88544,5
421,-299.44916,5
422,-268.45154,5
423,-292.33725,5
424,-121.907005,5
425,-161.91888,5
426,-201.60591,5
427,-344.88904,5
428,-263.8635,5
429,-224.74069,5
430,-312.50757,5
431,-263.7618,5
432,-268.23813,5
433,-302.3105,5
434,-213.70374,5
435,-219.54257,5
436,-139.86333,5
437,-230.52144,5
438,-152.90207,5
439,-209.19066,5
440,-179.89017,5
441,-443.2366,5
442,-278.25574,5
443,-210.90402,5
444,-100.34173,5
445,-223.29472,5
446,-212.43529,5
447,-389.27924,5
448,-294.5954,5
449,-208.96292,5
450,-146.84186,5
451,-124.801445,5
452,-151.41437,5
453,-198.64914,5
454,-163.46735,5
455,-193.479,5
456,-253.25,5
457,-241.35248,5
458,-159.14809,5
459,-196.88391,5
460,-204.56093,5
461,-320.3867,5
462,-367.17435,5
463,-208.15747,5
464,-165.47888,5
465,-139.11597,5
466,-248.74995,5
467,-187.0863,5
468,-207.4632,5
469,-251.5419,5
470,-190.71985,5
471,-259.14694,5
472,-299.1732,5
473,-204.47174,5
474,-234.65865,5
475,-292.15005,5
476,-328.66852,5
477,-178.29596,5
478,-262.67087,5
479,-298.61554,5
480,-182.27612,6
481,-281.59952,6
482,-217.91595,6
483,-249.27692,6
484,-98.54663,6
485,-299.72528,6
486,-334.1563,6
487,-394.7373,6
488,-482.11823,6
489,-273.9112,6
490,-246.68988,6
491,-159.38101,6
492,-237.72408,6
493,-217.4153,6
494,-343.22595,6
495,-397.68063,6
496,-410.70413,6
497,-269.72668,6
498,-202.05017,6
499,-505.38678,6
500,-257.2342,6
501,-251.3803,6
502,-206.05899,6
503,-331.0644,6
504,-239.07117,6
505,-306.5476,6
506,-379.0302,6
507,-353.14017,6
508,-317.72827,6
509,-407.25934,6
510,-273.10553,6
511,-261.64908,6
512,-207.98619,6
513,-254.40024,6
514,-169.78186,6
515,-227.79895,6
516,-331.359,6
517,-147.36607,6
518,-214.21355,6
519,-137.91476,6
520,-453.13425,6
521,-180.99213,6
522,-263.51483,6
523,-332.8694,6
524,-356.69504,6
525,-236.45212,6
526,-266.63535,6
527,-209.69678,6
528,-321.13715,6
529,-209.37204,6
530,-290.99545,6
531,-315.89703,6
532,-465.83453,6
533,-119.98594,6
534,-415.84302,6
535,-299.17102,6
536,-261.8524,6
537,-329.5138,6
538,-213.87018,6
539,-353.41528,6
540,-252.4019,6
541,-186.7854,6
542,-165.5918,6
543,-213.32382,6
544,-251.08752,6
545,-143.13266,6
546,-285.61493,6
547,-253.7787,6
548,-346.79663,6
549,-241.92947,6
550,-333.59808,6
551,-331.69266,6
552,-208.41434,6
553,-338.6941,6
554,-334.23212,6
555,-323.9247,6
556,-304.54507,6
557,-248.69669,6
558,-323.04248,6
559,-240.61816,6
560,-180.67651,7
561,-162.1175,7
562,-122.29205,7
563,-186.9385,7
564,-250.61855,7
565,-232.59412,7
566,-250.67293,7
567,-144.05836,7
568,-197.52188,7
569,-309.12543,7
570,-226.42609,7
571,-173.87778,7
572,-163.03964,7
573,-208.7149,7
574,-211.97055,7
575,-143.76491,7
576,-174.0874,7
577,-161.96289,7
578,-232.54889,7
579,-133.92038,7
580,-148.70741,7
581,-115.97505,7
582,-102.980804,7
583,-198.8476,7
584,-149.8053,7
585,-189.68837,7
586,-159.54869,7
587,-209.04097,7
588,-113.94472,7
589,-142.4928,7
590,-273.36572,7
591,-77.22958,7
592,-148.75766,7
593,-291.8107,7
594,-160.20474,7
595,-231.26936,7
596,-227.65268,7
597,-288.37256,7
598,-140.50313,7
599,-230.03625,7
600,-277.34775,7
601,-175.70038,7
602,-182.98434,7
603,-177.85522,7
604,-207.87979,7
605,-166.71349,7
606,-141.38986,7
607,-230.45663,7
608,-156.35202,7
609,-148.049,7
610,-280.4946,7
611,-202.04623,7
612,-219.89146,7
613,-174.6554,7
614,-141.38489,7
615,-98.24946,7
616,-158.9318,7
617,-194.73547,7
618,-180.83401,7
619,-309.92877,7
620,-194.54625,7
621,-174.23439,7
622,-190.81807,7
623,-210.28024,7
624,-83.67822,7
625,-219.86484,7
626,-187.2081,7
627,-127.91558,7
628,-148.42917,7
629,-168.2493,7
630,-196.46321,7
631,-167.11801,7
632,-148.7793,7
633,-132.43546,7
634,-181.95694,7
635,-181.63412,7
636,-153.9009,7
637,-140.0708,7
638,-275.37976,7
639,-153.39595,7
640,-486.15506,8
641,-220.68973,8
642,-286.855,8
643,-199.5922,8
644,-343.65533,8
645,-166.45691,8
646,-329.48785,8
647,-172.68912,8
648,-198.74805,8
649,-221.72476,8
650,-361.10834,8
651,-197.96799,8
652,-366.48468,8
653,-367.229,8
654,-299.11896,8
655,-237.00598,8
656,-228.63101,8
657,-189.909,8
658,-174.13962,8
659,-475.0653,8
660,-372.4428,8
661,-243.72748,8
662,-333.32324,8
663,-348.74152,8
664,-404.08688,8
665,-170.73813,8
666,-380.69,8
667,-159.8049,8
668,-139.87692,8
669,-369.9184,8
670,-317.01358,8
671,-180.68654,8
672,-327.1892,8
673,-348.903,8
674,-206.32779,8
675,-314.21655,8
676,-228.1175,8
677,-230.43166,8
678,-233.51524,8
679,-276.64478,8
680,-335.53412,8
681,-222.98474,8
682,-347.3184,8
683,-308.81635,8
684,-307.57117,8
685,-267.60834,8
686,-335.00983,8
687,-426.05597,8
688,-248.2026,8
689,-233.6246,8
690,-281.72827,8
691,-324.41046,8
692,-288.57242,8
693,-392.62537,8
694,-280.12515,8
695,-206.10867,8
696,-337.36987,8
697,-206.28802,8
698,-181.01811,8
699,-234.29987,8
700,-337.14813,8
701,-247.33899,8
702,-244.33502,8
703,-225.60835,8
704,-313.06372,8
705,-342.5704,8
706,-270.55856,8
707,-238.4036,8
708,-164.65149,8
709,-337.1352,8
710,-159.475,8
711,-228.21573,8
712,-238.83879,8
713,-206.7535,8
714,-167.71536,8
715,-344.61743,8
716,-201.16534,8
717,-245.56104,8
718,-147.46097,8
719,-221.86935,8
720,-206.5352,9
721,-291.91125,9
722,-159.40422,9
723,-385.8064,9
724,-181.18312,9
725,-178.2811,9
726,-202.81345,9
727,-171.21146,9
728,-189.85602,9
729,-194.07437,9
730,-301.54175,9
731,-99.69009,9
732,-186.73404,9
733,-184.23082,9
734,-210.02576,9
735,-202.2023,9
736,-176.6337,9
737,-243.44315,9
738,-249.82593,9
739,-247.24338,9
740,-251.75609,9
741,-172.41591,9
742,-191.17648,9
743,-183.47324,9
744,-227.5494,9
745,-248.91098,9
746,-132.52849,9
747,-233.88312,9
748,-149.3259,9
749,-217.8221,9
750,-215.84702,9
751,-160.85425,9
752,-362.0717,9
753,-249.97284,9
754,-297.01917,9
755,-169.60172,9
756,-194.85822,9
757,-192.28836,9
758,-292.98834,9
759,-104.56848,9
760,-196.6013,9
761,-222.65488,9
762,-209.50937,9
763,-193.93854,9
764,-248.59666,9
765,-255.38115,9
766,-143.22878,9
767,-210.1339,9
768,-152.85487,9
769,-159.1966,9
770,-205.53656,9
771,-183.9025,9
772,-279.3826,9
773,-192.39822,9
774,-187.57059,9
775,-184.7323,9
776,-286.27905,9
777,-146.5885,9
778,-185.50876,9
779,-157.69594,9
780,-313.70712,9
781,-225.06166,9
782,-102.80721,9
783,-192.64531,9
784,-209.03189,9
785,-291.19925,9
786,-238.66937,9
787,-141.42026,9
788,-160.11978,9
789,-224.21619,9
790,-251.54222,9
791,-192.08789,9
792,-298.59174,9
793,-215.99747,9
794,-258.84647,9
795,-184.44333,9
796,-188.84418,9
797,-210.40085,9
798,-262.70105,9
799,-135.87375,9
