Image,Value,Label
0,-339.59845,0
1,-107.52294,0
2,-226.2387,0
3,-346.02698,0
4,-238.42715,0
5,-240.99149,0
6,-231.79628,0
7,-313.57587,0
8,-181.84705,0
9,-343.85342,0
10,-162.26518,0
11,-227.51344,0
12,-352.72382,0
13,-237.67299,0
14,-134.29613,0
15,-244.47752,0
16,-170.52444,0
17,-304.03174,0
18,-267.49677,0
19,-317.98804,0
20,-465.9505,0
21,-264.95068,0
22,-375.72308,0
23,-215.1078,0
24,-332.1718,0
25,-139.56303,0
26,-198.30412,0
27,-225.17163,0
28,-376.4726,0
29,-96.66711,0
30,-205.14748,0
31,-227.88405,0
32,-132.04181,0
33,-221.5081,0
34,-332.4585,0
35,-242.73183,0
36,-218.15303,0
37,-147.03105,0
38,-311.011,0
39,-226.26042,0
40,-193.63757,0
41,-318.10403,0
42,-392.08936,0
43,-148.06522,0
44,-293.99542,0
45,-397.01367,0
46,-334.91617,0
47,-239.55052,0
48,-154.76605,0
49,-131.74208,0
50,-200.82658,0
51,-296.2735,0
52,-182.80228,0
53,-299.417,0
54,-188.78079,0
55,-242.34526,0
56,-260.2375,0
57,-100.12379,0
58,-406.918,0
59,-121.43074,0
60,-274.55478,0
61,-210.09705,0
62,-226.49443,0
63,-396.68408,0
64,-270.38797,0
65,-380.3291,0
66,-233.89963,0
67,-195.1191,0
68,-165.55713,0
69,-251.75285,0
70,-288.0315,0
71,-356.9774,0
72,-259.9961,0
73,-430.64014,0
74,-323.0808,0
75,-210.57957,0
76,-264.31354,0
77,-395.8623,0
78,-267.39383,0
79,-227.15611,0
80,-107.65366,1
81,-75.70908,1
82,-124.79364,1
83,-100.73124,1
84,-109.55299,1
85,-103.84562,1
86,-78.56157,1
87,-114.97488,1
88,-134.97575,1
89,-109.86231,1
90,-80.75705,1
91,-74.43412,1
92,-38.123264,1
93,-142.07027,1
94,-164.44238,1
95,-70.42744,1
96,-130.10228,1
97,-101.46114,1
98,-62.430412,1
99,-145.96135,1
100,-106.13153,1
101,-82.208885,1
102,-135.99197,1
103,-64.74052,1
104,-86.45271,1
105,-127.09227,1
106,-124.40773,1
107,-127.28426,1
108,-107.84919,1
109,-116.03593,1
110,-132.36494,1
111,-133.1044,1
112,-117.57714,1
113,-114.55446,1
114,-127.35105,1
115,-79.225746,1
116,-128.54071,1
117,-79.36944,1
118,-110.083244,1
119,-100.085976,1
120,-82.45546,1
121,-129.60266,1
122,-64.98283,1
123,-78.156944,1
124,-92.605385,1
125,-99.50518,1
126,-148.44426,1
127,-83.277,1
128,-124.83109,1
129,-99.047455,1
130,-94.664276,1
131,-112.100555,1
132,-149.26044,1
133,-102.16363,1
134,-80.84917,1
135,-95.690285,1
136,-75.47426,1
137,-58.33209,1
138,-141.05984,1
139,-112.99279,1
140,-62.96036,1
141,-76.08637,1
142,-94.905075,1
143,-100.93645,1
144,-91.04401,1
145,-116.792885,1
146,-50.203552,1
147,-86.57537,1
148,-121.275276,1
149,-150.52208,1
150,-97.11642,1
151,-147.41052,1
152,-248.5773,1
153,-96.237404,1
154,-151.56493,1
155,-151.51701,1
156,-181.72273,1
157,-102.2609,1
158,-80.51064,1
159,-129.8527,1
160,-67.521126,2
161,-189.28023,2
162,-260.5048,2
163,-126.548744,2
164,-236.99747,2
165,-276.09955,2
166,-139.00842,2
167,-251.07594,2
168,-112.44962,2
169,-227.44942,2
170,-164.32533,2
171,-230.9659,2
172,-187.1538,2
173,-261.41873,2
174,-224.45901,2
175,-257.478,2
176,-115.74082,2
177,-188.46095,2
178,-283.79834,2
179,-298.8603,2
180,-50.234955,2
181,-325.9322,2
182,-304.82495,2
183,-221.7577,2
184,-116.34511,2
185,-228.85786,2
186,-257.67215,2
187,-199.87067,2
188,-104.616585,2
189,-77.09539,2
190,-111.738,2
191,-165.51631,2
192,-227.55763,2
193,-290.22772,2
194,-132.12523,2
195,-97.89161,2
196,-270.98242,2
197,-235.93176,2
198,-157.84663,2
199,-257.83234,2
200,-142.61427,2
201,-176.06367,2
202,-122.782585,2
203,-209.07358,2
204,-189.61745,2
205,-110.5973,2
206,-176.81126,2
207,-378.5846,2
208,-202.90018,2
209,-337.602,2
210,-244.52438,2
211,-296.05005,2
212,-485.0791,2
213,-216.96315,2
214,-266.01562,2
215,-252.9191,2
216,-204.09679,2
217,-58.697052,2
218,-221.95273,2
219,-368.59302,2
220,-255.58769,2
221,-323.06073,2
222,-265.34668,2
223,-136.40466,2
224,-153.5887,2
225,-258.69836,2
226,-295.87448,2
227,-181.56056,2
228,-246.35526,2
229,-196.3785,2
230,-182.89955,2
231,-136.92403,2
232,-131.61469,2
233,-335.06424,2
234,-270.48822,2
235,-261.80072,2
236,-185.53554,2
237,-197.55608,2
238,-191.96013,2
239,-250.68758,2
240,-173.33403,3
241,-140.20627,3
242,-52.518753,3
243,-109.72296,3
244,-263.15903,3
245,-155.35469,3
246,-191.17595,3
247,-100.10622,3
248,-175.63525,3
249,-76.675316,3
250,-193.38104,3
251,-193.66928,3
252,-201.7168,3
253,-194.5915,3
254,-116.6831,3
255,-195.48137,3
256,-159.36102,3
257,-151.50514,3
258,-142.46808,3
259,-245.69191,3
260,-219.86653,3
261,-152.10698,3
262,-204.73918,3
263,-179.92462,3
264,-189.11472,3
265,-183.95598,3
266,-105.12672,3
267,-184.64807,3
268,-358.51105,3
269,-206.84253,3
270,-120.28471,3
271,-160.38565,3
272,-166.91306,3
273,-165.82861,3
274,-204.25105,3
275,-159.6464,3
276,-206.90749,3
277,-90.77218,3
278,-204.9813,3
279,-214.42628,3
280,-184.64847,3
281,-185.56566,3
282,-211.03436,3
283,-214.2101,3
284,-227.51762,3
285,-135.90544,3
286,-134.56361,3
287,-263.63647,3
288,-188.45815,3
289,-287.8499,3
290,-130.10413,3
291,-162.46664,3
292,-201.21413,3
293,-126.94201,3
294,-248.45622,3
295,-259.02484,3
296,-218.06866,3
297,-120.91566,3
298,-226.11797,3
299,-271.00482,3
300,-236.61961,3
301,-276.96655,3
302,-63.447212,3
303,-113.38294,3
304,-146.60197,3
305,-130.69508,3
306,-130.65948,3
307,-64.49339,3
308,-122.06292,3
309,-242.28688,3
310,-339.79938,3
311,-113.82107,3
312,-163.52754,3
313,-105.998024,3
314,-192.96344,3
315,-219.36168,3
316,-119.92797,3
317,-195.8932,3
318,-131.5808,3
319,-333.84964,3
320,-238.13692,4
321,-144.13084,4
322,-139.52168,4
323,-184.33492,4
324,-140.2483,4
325,-118.78767,4
326,-163.0576,4
327,-131.31877,4
328,-190.57968,4
329,-70.13891,4
330,-131.46983,4
331,-246.79482,4
332,-121.12467,4
333,-216.7526,4
334,-149.47153,4
335,-185.75139,4
336,-42.98093,4
337,-172.05305,4
338,-135.14598,4
339,-200.19882,4
340,-326.73865,4
341,-46.585884,4
342,-169.16312,4
343,-138.83833,4
344,-129.07268,4
345,-150.7415,4
346,-121.26975,4
347,-216.08952,4
348,-121.56652,4
349,-138.38272,4
350,-163.16464,4
351,-150.01454,4
352,-148.0778,4
353,-161.97499,4
354,-183.78923,4
355,-216.94435,4
356,-203.67836,4
357,-179.4917,4
358,-162.14125,4
359,-134.28752,4
360,-157.18314,4
361,-153.342,4
362,-139.15262,4
363,-92.165054,4
364,-165.17842,4
365,-121.965126,4
366,-318.3476,4
367,-93.156105,4
368,-117.33755,4
369,-143.4842,4
370,-166.53796,4
371,-155.21318,4
372,-103.60294,4
373,-82.67537,4
374,-164.41805,4
375,-136.22348,4
376,-165.27623,4
377,-157.49269,4
378,-123.74163,4
379,-130.13358,4
380,-183.18005,4
381,-144.81941,4
382,-132.5371,4
383,-107.80587,4
384,-132.25978,4
385,-133.3845,4
386,-165.1627,4
387,-181.78893,4
388,-161.38751,4
389,-232.36082,4
390,-143.04938,4
391,-99.527916,4
392,-139.74174,4
393,-206.27473,4
394,-110.97345,4
395,-159.23724,4
396,-212.19756,4
397,-117.257904,4
398,-158.6797,4
399,-178.92123,4
400,-183.4875,5
401,-161.06146,5
402,-228.28105,5
403,-207.64746,5
404,-231.02133,5
405,-237.92949,5
406,-188.92558,5
407,-235.8088,5
408,-171.03563,5
409,-256.02994,5
410,-234.81204,5
411,-189.76634,5
412,-49.278267,5
413,-136.89218,5
414,-313.56995,5
415,-156.4911,5
416,-297.63403,5
417,-254.6949,5
418,-201.67073,5
419,-186.15749,5
420,-291.24158,5
421,-179.60468,5
422,-275.72418,5
423,-216.03297,5
424,-134.82817,5
425,-93.46119,5
426,-191.76814,5
427,-280.35535,5
428,-177.98904,5
429,-120.002365,5
430,-207.09563,5
431,-168.70018,5
432,-252.18864,5
433,-274.3621,5
434,-181.62825,5
435,-195.2111,5
436,-168.03703,5
437,-218.598,5
438,-162.43935,5
439,-178.16435,5
440,-197.15993,5
441,-372.77222,5
442,-220.39944,5
443,-133.14049,5
444,-123.32885,5
445,-174.58041,5
446,-226.44777,5
447,-300.05634,5
448,-301.88086,5
449,-238.80025,5
450,-155.53972,5
451,-68.09657,5
452,-126.05071,5
453,-187.1985,5
454,-153.58786,5
455,-163.72548,5
456,-253.27872,5
457,-205.59767,5
458,-153.18794,5
459,-135.69064,5
460,-126.05491,5
461,-234.14902,5
462,-278.68552,5
463,-127.14292,5
464,-196.93755,5
465,-107.4499,5
466,-259.7807,5
467,-150.19557,5
468,-122.97675,5
469,-246.55984,5
470,-171.54076,5
471,-152.04811,5
472,-246.6624,5
473,-225.60452,5
474,-188.4016,5
475,-245.91875,5
476,-213.25487,5
477,-204.11864,5
478,-236.40985,5
479,-199.16916,5
480,-172.78778,6
481,-141.52649,6
482,-285.79645,6
483,-160.40706,6
484,-160.82515,6
485,-261.50446,6
486,-328.51123,6
487,-382.098,6
488,-388.10632,6
489,-194.20831,6
490,-190.79742,6
491,-189.60179,6
492,-130.7771,6
493,-245.28116,6
494,-240.35089,6
495,-317.56638,6
496,-273.5958,6
497,-275.36844,6
498,-195.75737,6
499,-418.29248,6
500,-233.69759,6
501,-184.8205,6
502,-208.5363,6
503,-212.12875,6
504,-211.74644,6
505,-270.7378,6
506,-303.55313,6
507,-281.82382,6
508,-172.83752,6
509,-350.4079,6
510,-299.713,6
511,-306.05634,6
512,-209.1744,6
513,-299.7896,6
514,-145.16158,6
515,-202.4686,6
516,-250.19057,6
517,-116.53451,6
518,-171.63304,6
519,-164.27425,6
520,-306.5512,6
521,-199.78642,6
522,-216.70738,6
523,-303.20447,6
524,-289.97766,6
525,-190.36665,6
526,-180.04065,6
527,-220.73466,6
528,-279.5228,6
529,-208.89049,6
530,-170.48656,6
531,-252.19186,6
532,-368.08008,6
533,-112.61808,6
534,-247.83972,6
535,-230.56715,6
536,-271.83017,6
537,-256.4513,6
538,-188.78899,6
539,-227.52971,6
540,-153.44814,6
541,-132.66278,6
542,-116.21227,6
543,-210.70415,6
544,-207.39314,6
545,-159.43434,6
546,-243.53568,6
547,-172.76753,6
548,-259.17224,6
549,-216.80846,6
550,-266.90933,6
551,-246.84753,6
552,-179.58873,6
553,-251.27545,6
554,-306.56287,6
555,-269.4024,6
556,-274.68677,6
557,-289.7726,6
558,-263.53625,6
559,-186.80147,6
560,-149.53131,7
561,-121.09605,7
562,-81.27358,7
563,-117.64143,7
564,-165.31468,7
565,-123.17461,7
566,-155.68549,7
567,-116.75189,7
568,-124.43658,7
569,-192.0789,7
570,-193.71165,7
571,-89.94619,7
572,-96.1007,7
573,-229.06764,7
574,-130.75258,7
575,-92.3089,7
576,-162.85088,7
577,-85.835365,7
578,-201.27754,7
579,-119.71222,7
580,-151.08731,7
581,-43.999996,7
582,-82.37606,7
583,-212.97986,7
584,-139.56224,7
585,-141.49797,7
586,-101.5849,7
587,-142.83165,7
588,-79.34602,7
589,-116.84652,7
590,-216.7593,7
591,-63.74398,7
592,-63.227226,7
593,-203.44981,7
594,-120.470474,7
595,-168.11986,7
596,-121.164345,7
597,-205.09721,7
598,-85.413155,7
599,-165.07265,7
600,-202.6579,7
601,-116.025055,7
602,-138.48427,7
603,-172.54031,7
604,-141.10158,7
605,-112.12145,7
606,-129.14714,7
607,-182.91121,7
608,-100.4847,7
609,-69.56245,7
610,-181.27022,7
611,-144.23868,7
612,-150.359,7
613,-95.28414,7
614,-136.98082,7
615,-90.996475,7
616,-110.843544,7
617,-138.79535,7
618,-129.55905,7
619,-204.70178,7
620,-160.40804,7
621,-123.4356,7
622,-101.42051,7
623,-148.1243,7
624,-55.786057,7
625,-211.79344,7
626,-96.20449,7
627,-58.057632,7
628,-98.87089,7
629,-128.3268,7
630,-120.7933,7
631,-88.289604,7
632,-141.40883,7
633,-89.00387,7
634,-197.86803,7
635,-124.39918,7
636,-124.04788,7
637,-141.64189,7
638,-172.05855,7
639,-101.477745,7
640,-346.19244,8
641,-142.14287,8
642,-178.65096,8
643,-156.45216,8
644,-306.68866,8
645,-91.55906,8
646,-253.62752,8
647,-102.53467,8
648,-156.91087,8
649,-124.85696,8
650,-232.68616,8
651,-126.78429,8
652,-252.86821,8
653,-293.7798,8
654,-252.31378,8
655,-166.65358,8
656,-123.777985,8
657,-158.07457,8
658,-128.52258,8
659,-398.05994,8
660,-242.32744,8
661,-173.69217,8
662,-260.6753,8
663,-246.12143,8
664,-391.81546,8
665,-115.87368,8
666,-250.93141,8
667,-99.13196,8
668,-197.40752,8
669,-300.57013,8
670,-199.37292,8
671,-147.46138,8
672,-222.0864,8
673,-233.32092,8
674,-171.6764,8
675,-247.14613,8
676,-122.31991,8
677,-152.998,8
678,-86.884285,8
679,-148.29457,8
680,-194.82114,8
681,-168.3455,8
682,-212.82921,8
683,-178.90776,8
684,-235.99828,8
685,-179.15685,8
686,-177.49187,8
687,-253.91658,8
688,-235.69778,8
689,-121.23679,8
690,-208.24974,8
691,-228.6306,8
692,-177.58617,8
693,-280.378,8
694,-148.5959,8
695,-141.01897,8
696,-263.9123,8
697,-111.39243,8
698,-163.21602,8
699,-199.88208,8
700,-242.48393,8
701,-158.53203,8
702,-122.653015,8
703,-139.86555,8
704,-203.35048,8
705,-211.59248,8
706,-255.80139,8
707,-242.30417,8
708,-137.25835,8
709,-280.45694,8
710,-172.18813,8
711,-161.42545,8
712,-244.69026,8
713,-194.90126,8
714,-140.07375,8
715,-220.91641,8
716,-236.42995,8
717,-213.66927,8
718,-164.55287,8
719,-158.70259,8
720,-131.37094,9
721,-242.70346,9
722,-167.23692,9
723,-323.76205,9
724,-113.43575,9
725,-87.51392,9
726,-107.86648,9
727,-85.57929,9
728,-148.06854,9
729,-187.8492,9
730,-212.89214,9
731,-84.81997,9
732,-215.94157,9
733,-129.70174,9
734,-80.00928,9
735,-124.476654,9
736,-115.0265,9
737,-172.96101,9
738,-187.15913,9
739,-191.77509,9
740,-145.13329,9
741,-192.39305,9
742,-157.07603,9
743,-129.93901,9
744,-221.26956,9
745,-208.29692,9
746,-108.813576,9
747,-129.77486,9
748,-116.14489,9
749,-169.79767,9
750,-176.84573,9
751,-127.25131,9
752,-305.18896,9
753,-131.67075,9
754,-283.5241,9
755,-110.48584,9
756,-191.6927,9
757,-135.37733,9
758,-220.69298,9
759,-87.5964,9
760,-126.85296,9
761,-146.47539,9
762,-183.53093,9
763,-103.32788,9
764,-212.847,9
765,-212.43578,9
766,-205.25229,9
767,-150.3046,9
768,-40.337566,9
769,-85.589806,9
770,-141.14908,9
771,-70.69854,9
772,-248.27858,9
773,-84.107056,9
774,-90.28814,9
775,-107.865265,9
776,-187.99937,9
777,-97.42314,9
778,-174.09657,9
779,-112.78231,9
780,-283.09,9
781,-185.53163,9
782,-96.97878,9
783,-137.38518,9
784,-170.4804,9
785,-208.63602,9
786,-179.61992,9
787,-86.03838,9
788,-121.259056,9
789,-131.4101,9
790,-158.29301,9
791,-174.59055,9
792,-147.57744,9
793,-153.97961,9
794,-125.83178,9
795,-118.14234,9
796,-109.2749,9
797,-104.14709,9
798,-166.18506,9
799,-119.014305,9
