Image,Value,Label
0,-354.12112,0
1,-175.28639,0
2,-202.47247,0
3,-413.81375,0
4,-406.09155,0
5,-330.05804,0
6,-382.90924,0
7,-388.2843,0
8,-343.87,0
9,-344.86517,0
10,-248.93695,0
11,-322.74075,0
12,-464.88293,0
13,-351.38474,0
14,-284.41364,0
15,-271.2389,0
16,-309.91736,0
17,-365.1629,0
18,-456.9556,0
19,-352.41858,0
20,-575.96765,0
21,-315.79242,0
22,-413.88177,0
23,-248.0675,0
24,-371.62558,0
25,-194.91374,0
26,-314.065,0
27,-294.184,0
28,-441.96146,0
29,-223.75563,0
30,-305.56207,0
31,-274.02597,0
32,-208.71118,0
33,-288.83063,0
34,-455.7292,0
35,-346.11496,0
36,-249.99858,0
37,-213.39655,0
38,-400.15283,0
39,-250.50621,0
40,-304.58716,0
41,-414.35962,0
42,-534.90717,0
43,-282.11493,0
44,-300.22815,0
45,-375.48486,0
46,-396.29535,0
47,-368.51562,0
48,-220.69646,0
49,-224.50407,0
50,-261.63477,0
51,-314.8979,0
52,-243.31259,0
53,-326.26733,0
54,-288.44083,0
55,-247.60988,0
56,-415.5117,0
57,-148.31944,0
58,-463.35223,0
59,-293.70654,0
60,-315.80148,0
61,-351.30017,0
62,-278.5241,0
63,-408.57227,0
64,-297.05722,0
65,-489.4119,0
66,-322.48846,0
67,-298.37958,0
68,-217.8834,0
69,-289.51007,0
70,-334.33026,0
71,-366.19446,0
72,-367.7141,0
73,-474.5384,0
74,-403.94778,0
75,-255.85347,0
76,-402.7439,0
77,-516.51685,0
78,-247.28249,0
79,-289.33734,0
80,-161.46643,1
81,-75.792305,1
82,-180.91022,1
83,-170.68562,1
84,-146.5179,1
85,-98.651764,1
86,-124.31653,1
87,-157.0786,1
88,-183.05159,1
89,-146.0363,1
90,-129.51367,1
91,-124.47132,1
92,-104.71733,1
93,-164.92863,1
94,-123.058426,1
95,-86.185684,1
96,-204.46744,1
97,-118.54389,1
98,-104.84429,1
99,-182.40276,1
100,-138.87323,1
101,-123.65897,1
102,-179.72523,1
103,-110.03266,1
104,-137.51077,1
105,-175.41205,1
106,-140.0493,1
107,-140.27621,1
108,-155.58324,1
109,-80.59664,1
110,-153.16557,1
111,-183.59695,1
112,-141.09685,1
113,-144.20372,1
114,-128.72272,1
115,-89.02118,1
116,-210.86943,1
117,-118.332695,1
118,-145.45683,1
119,-122.571846,1
120,-107.6485,1
121,-161.21774,1
122,-88.40477,1
123,-152.53711,1
124,-92.30811,1
125,-123.13907,1
126,-188.88435,1
127,-69.20591,1
128,-91.336174,1
129,-133.29637,1
130,-156.92528,1
131,-143.10315,1
132,-138.93364,1
133,-149.8611,1
134,-98.58008,1
135,-78.99443,1
136,-131.12564,1
137,-134.47694,1
138,-135.83208,1
139,-197.60413,1
140,-160.12793,1
141,-138.5534,1
142,-136.37451,1
143,-107.29018,1
144,-86.54496,1
145,-117.7447,1
146,-106.08427,1
147,-117.05783,1
148,-214.89171,1
149,-116.53588,1
150,-172.17789,1
151,-173.51744,1
152,-203.58351,1
153,-142.31679,1
154,-245.97578,1
155,-122.86768,1
156,-230.63005,1
157,-143.8224,1
158,-126.2041,1
159,-221.2461,1
160,-155.0606,2
161,-213.68393,2
162,-211.63304,2
163,-198.73602,2
164,-235.31837,2
165,-349.16754,2
166,-241.18875,2
167,-296.3927,2
168,-269.77374,2
169,-210.34914,2
170,-164.60228,2
171,-238.41554,2
172,-156.33687,2
173,-215.11064,2
174,-272.45605,2
175,-367.33035,2
176,-236.55095,2
177,-225.63307,2
178,-285.68042,2
179,-298.26154,2
180,-97.02378,2
181,-345.3151,2
182,-317.89835,2
183,-241.91496,2
184,-151.63506,2
185,-220.78336,2
186,-246.24232,2
187,-234.1746,2
188,-127.38795,2
189,-101.57963,2
190,-122.26107,2
191,-261.28726,2
192,-259.59988,2
193,-278.57074,2
194,-201.66078,2
195,-220.41171,2
196,-317.76596,2
197,-314.9258,2
198,-205.28079,2
199,-420.76196,2
200,-241.09076,2
201,-278.90778,2
202,-155.56554,2
203,-334.63678,2
204,-175.03055,2
205,-84.23727,2
206,-267.71213,2
207,-431.77985,2
208,-227.4875,2
209,-375.3991,2
210,-331.966,2
211,-342.87878,2
212,-417.27426,2
213,-249.86717,2
214,-195.74124,2
215,-346.65012,2
216,-213.06706,2
217,-120.62524,2
218,-276.3818,2
219,-325.75232,2
220,-263.96915,2
221,-410.24115,2
222,-261.5515,2
223,-148.07959,2
224,-259.69342,2
225,-250.12025,2
226,-312.63055,2
227,-220.69756,2
228,-169.56721,2
229,-218.5991,2
230,-263.8655,2
231,-269.40063,2
232,-151.92384,2
233,-375.60168,2
234,-288.83075,2
235,-199.9988,2
236,-143.61261,2
237,-225.49257,2
238,-148.3501,2
239,-255.96133,2
240,-349.526,3
241,-260.38638,3
242,-129.14957,3
243,-153.28912,3
244,-341.60983,3
245,-244.67967,3
246,-394.7094,3
247,-172.8427,3
248,-248.2046,3
249,-203.18156,3
250,-344.34576,3
251,-257.75632,3
252,-303.9986,3
253,-281.75012,3
254,-254.7058,3
255,-300.8216,3
256,-188.69281,3
257,-227.38182,3
258,-258.76306,3
259,-394.89648,3
260,-283.5137,3
261,-224.83827,3
262,-260.86365,3
263,-285.20535,3
264,-186.3556,3
265,-310.86185,3
266,-260.61432,3
267,-246.79507,3
268,-389.95685,3
269,-265.65668,3
270,-184.20374,3
271,-261.38486,3
272,-192.59563,3
273,-235.93744,3
274,-243.29054,3
275,-244.18373,3
276,-329.3051,3
277,-201.08873,3
278,-288.82202,3
279,-289.55103,3
280,-255.92961,3
281,-344.70053,3
282,-384.05652,3
283,-372.98462,3
284,-301.3053,3
285,-155.84352,3
286,-388.59842,3
287,-411.0732,3
288,-324.8129,3
289,-405.7701,3
290,-257.19507,3
291,-224.92574,3
292,-270.36826,3
293,-277.82867,3
294,-299.47186,3
295,-296.31372,3
296,-267.94092,3
297,-296.98004,3
298,-259.98138,3
299,-430.0938,3
300,-333.9025,3
301,-496.85944,3
302,-130.17712,3
303,-193.86656,3
304,-191.53209,3
305,-204.18466,3
306,-280.05942,3
307,-137.96255,3
308,-134.33775,3
309,-314.04443,3
310,-537.7027,3
311,-199.01775,3
312,-179.52464,3
313,-129.80312,3
314,-208.16875,3
315,-316.0465,3
316,-105.20337,3
317,-307.26428,3
318,-246.97432,3
319,-288.98666,3
320,-425.5099,4
321,-247.64645,4
322,-201.82639,4
323,-219.21114,4
324,-330.1694,4
325,-264.7614,4
326,-348.81015,4
327,-253.3366,4
328,-397.75842,4
329,-187.47636,4
330,-269.7987,4
331,-247.51897,4
332,-256.94644,4
333,-324.28064,4
334,-235.23228,4
335,-215.46193,4
336,-147.10185,4
337,-370.38873,4
338,-230.51204,4
339,-306.83276,4
340,-441.71204,4
341,-151.48584,4
342,-363.1941,4
343,-288.55896,4
344,-295.1183,4
345,-204.8389,4
346,-160.18474,4
347,-236.30956,4
348,-153.69849,4
349,-242.20134,4
350,-335.51727,4
351,-304.04193,4
352,-278.12347,4
353,-237.69283,4
354,-289.40936,4
355,-346.91486,4
356,-433.12585,4
357,-347.12518,4
358,-259.39948,4
359,-199.16602,4
360,-211.6823,4
361,-384.72354,4
362,-253.01607,4
363,-151.36487,4
364,-254.1758,4
365,-304.2513,4
366,-478.29877,4
367,-340.6744,4
368,-203.15602,4
369,-146.05446,4
370,-216.30327,4
371,-302.3896,4
372,-127.73597,4
373,-153.91368,4
374,-391.53705,4
375,-289.44897,4
376,-246.09059,4
377,-214.88683,4
378,-301.10205,4
379,-241.11241,4
380,-373.30103,4
381,-143.53554,4
382,-207.50557,4
383,-176.54439,4
384,-355.72223,4
385,-199.48405,4
386,-276.3059,4
387,-307.1947,4
388,-282.28085,4
389,-392.3945,4
390,-332.34332,4
391,-188.44594,4
392,-286.1899,4
393,-324.95355,4
394,-166.03542,4
395,-359.91663,4
396,-309.5784,4
397,-177.66158,4
398,-259.98663,4
399,-309.61835,4
400,-185.43782,5
401,-196.37639,5
402,-241.36774,5
403,-237.75513,5
404,-247.60983,5
405,-195.54549,5
406,-306.36395,5
407,-260.1217,5
408,-341.37512,5
409,-212.03426,5
410,-264.19077,5
411,-237.47688,5
412,-39.78204,5
413,-184.88123,5
414,-325.92432,5
415,-170.0241,5
416,-353.76282,5
417,-356.86096,5
418,-219.74512,5
419,-251.97688,5
420,-377.40332,5
421,-364.6066,5
422,-362.53314,5
423,-309.54065,5
424,-202.16576,5
425,-106.03222,5
426,-233.78932,5
427,-425.8183,5
428,-340.2599,5
429,-297.46637,5
430,-389.9037,5
431,-291.4439,5
432,-299.91132,5
433,-245.9633,5
434,-262.73892,5
435,-344.4146,5
436,-166.40756,5
437,-267.25024,5
438,-258.74182,5
439,-157.66206,5
440,-203.7884,5
441,-357.91052,5
442,-345.35995,5
443,-239.4886,5
444,-169.39172,5
445,-231.00401,5
446,-300.47818,5
447,-357.33167,5
448,-382.2154,5
449,-157.5103,5
450,-219.59904,5
451,-167.50537,5
452,-166.20757,5
453,-252.06935,5
454,-195.21217,5
455,-258.73715,5
456,-253.76949,5
457,-289.2503,5
458,-239.2428,5
459,-310.69846,5
460,-217.20184,5
461,-311.7955,5
462,-290.89966,5
463,-310.48566,5
464,-260.12274,5
465,-193.80827,5
466,-367.3086,5
467,-170.75957,5
468,-222.30052,5
469,-356.04404,5
470,-310.3106,5
471,-219.22089,5
472,-333.30008,5
473,-316.86243,5
474,-233.05849,5
475,-274.53787,5
476,-308.52765,5
477,-142.70946,5
478,-218.66254,5
479,-315.32428,5
480,-127.06829,6
481,-236.19028,6
482,-179.18686,6
483,-287.09662,6
484,-98.2127,6
485,-358.40714,6
486,-282.3899,6
487,-440.65112,6
488,-435.2982,6
489,-251.24806,6
490,-171.18242,6
491,-145.9861,6
492,-160.34221,6
493,-215.4695,6
494,-224.20158,6
495,-307.79688,6
496,-329.11334,6
497,-306.57635,6
498,-185.04645,6
499,-573.20074,6
500,-209.45052,6
501,-199.66728,6
502,-201.70457,6
503,-284.69733,6
504,-239.8864,6
505,-321.95715,6
506,-324.78003,6
507,-255.98796,6
508,-304.06757,6
509,-378.5033,6
510,-263.52377,6
511,-259.46695,6
512,-256.5042,6
513,-261.88855,6
514,-218.74533,6
515,-147.1075,6
516,-259.49576,6
517,-151.48941,6
518,-190.1073,6
519,-118.13942,6
520,-407.1537,6
521,-249.45651,6
522,-230.9033,6
523,-267.04562,6
524,-343.17703,6
525,-216.92857,6
526,-295.96893,6
527,-243.9546,6
528,-337.18408,6
529,-177.06741,6
530,-203.12738,6
531,-261.09302,6
532,-455.37653,6
533,-127.567474,6
534,-322.346,6
535,-276.42834,6
536,-301.31934,6
537,-249.14183,6
538,-192.51497,6
539,-269.28867,6
540,-187.25822,6
541,-138.01222,6
542,-121.88395,6
543,-192.08302,6
544,-246.45337,6
545,-140.98073,6
546,-272.5708,6
547,-231.1067,6
548,-234.4463,6
549,-216.86833,6
550,-317.1134,6
551,-248.84619,6
552,-184.56839,6
553,-314.19977,6
554,-325.80954,6
555,-246.03532,6
556,-324.28577,6
557,-261.85876,6
558,-265.66336,6
559,-182.29276,6
560,-212.01677,7
561,-189.88687,7
562,-183.93744,7
563,-234.81636,7
564,-250.82234,7
565,-253.92381,7
566,-337.65552,7
567,-130.2163,7
568,-183.6455,7
569,-301.71423,7
570,-276.9303,7
571,-217.90904,7
572,-192.59218,7
573,-323.1552,7
574,-269.00012,7
575,-217.16321,7
576,-200.10567,7
577,-191.91325,7
578,-230.60185,7
579,-236.88835,7
580,-179.16727,7
581,-137.70308,7
582,-170.71013,7
583,-190.69423,7
584,-162.98792,7
585,-170.17284,7
586,-165.82262,7
587,-178.7338,7
588,-125.6764,7
589,-165.07552,7
590,-326.57825,7
591,-130.19563,7
592,-178.01328,7
593,-398.48267,7
594,-175.28401,7
595,-272.92706,7
596,-208.25963,7
597,-338.83887,7
598,-198.46346,7
599,-230.20766,7
600,-332.6114,7
601,-242.93227,7
602,-253.0778,7
603,-224.7419,7
604,-180.46028,7
605,-180.25157,7
606,-146.69252,7
607,-256.32806,7
608,-158.71423,7
609,-180.95494,7
610,-284.3589,7
611,-205.55156,7
612,-207.95575,7
613,-185.23518,7
614,-134.31003,7
615,-83.96276,7
616,-214.77864,7
617,-257.28064,7
618,-199.23969,7
619,-284.682,7
620,-290.10458,7
621,-230.1595,7
622,-163.27498,7
623,-187.14691,7
624,-80.14626,7
625,-289.8736,7
626,-189.46184,7
627,-129.04025,7
628,-144.07771,7
629,-206.77675,7
630,-269.50146,7
631,-149.21146,7
632,-198.35521,7
633,-177.2707,7
634,-168.31447,7
635,-198.63144,7
636,-163.93178,7
637,-212.8029,7
638,-268.32974,7
639,-155.97023,7
640,-500.64038,8
641,-201.98624,8
642,-204.48215,8
643,-198.55595,8
644,-309.9897,8
645,-126.38825,8
646,-361.94183,8
647,-220.97794,8
648,-187.3485,8
649,-211.06947,8
650,-330.57263,8
651,-226.29695,8
652,-371.96088,8
653,-514.21,8
654,-335.23013,8
655,-283.50604,8
656,-235.46352,8
657,-229.27245,8
658,-117.58276,8
659,-568.1325,8
660,-473.68732,8
661,-244.31029,8
662,-344.05652,8
663,-303.44037,8
664,-481.59747,8
665,-209.90794,8
666,-427.5605,8
667,-177.5198,8
668,-289.98462,8
669,-415.25845,8
670,-265.49622,8
671,-180.58862,8
672,-314.74493,8
673,-371.19873,8
674,-248.7382,8
675,-337.9397,8
676,-189.2295,8
677,-224.4396,8
678,-205.41464,8
679,-298.1136,8
680,-330.4209,8
681,-199.96045,8
682,-299.68378,8
683,-339.38907,8
684,-320.7028,8
685,-260.2008,8
686,-356.2849,8
687,-430.2373,8
688,-291.37146,8
689,-196.15584,8
690,-309.56012,8
691,-322.37903,8
692,-335.53546,8
693,-410.13702,8
694,-293.789,8
695,-188.9384,8
696,-414.62326,8
697,-187.90825,8
698,-267.86578,8
699,-252.59819,8
700,-356.90903,8
701,-216.12805,8
702,-259.5217,8
703,-186.963,8
704,-333.7635,8
705,-298.1975,8
706,-326.77008,8
707,-279.79846,8
708,-163.13026,8
709,-328.6789,8
710,-216.4022,8
711,-174.21466,8
712,-326.86957,8
713,-246.58105,8
714,-167.96953,8
715,-281.81424,8
716,-300.61392,8
717,-242.01366,8
718,-216.37292,8
719,-207.4198,8
720,-283.63367,9
721,-317.363,9
722,-268.64172,9
723,-454.99615,9
724,-257.9743,9
725,-160.07188,9
726,-223.22366,9
727,-294.03693,9
728,-261.62775,9
729,-312.46545,9
730,-271.55823,9
731,-193.30725,9
732,-323.3731,9
733,-292.2788,9
734,-164.7271,9
735,-261.0607,9
736,-235.29335,9
737,-390.28882,9
738,-375.6778,9
739,-277.64526,9
740,-368.7345,9
741,-347.70544,9
742,-168.48479,9
743,-311.61725,9
744,-301.5782,9
745,-318.25687,9
746,-165.7552,9
747,-212.99727,9
748,-154.47621,9
749,-227.56561,9
750,-259.2484,9
751,-256.13538,9
752,-444.65463,9
753,-289.63446,9
754,-409.75397,9
755,-191.14375,9
756,-273.41977,9
757,-214.87343,9
758,-365.18344,9
759,-157.5813,9
760,-205.1505,9
761,-325.33936,9
762,-301.24387,9
763,-180.34103,9
764,-354.3545,9
765,-219.747,9
766,-241.81638,9
767,-367.8695,9
768,-133.23502,9
769,-136.81963,9
770,-207.16089,9
771,-143.13718,9
772,-295.8473,9
773,-203.01979,9
774,-242.09633,9
775,-194.47105,9
776,-256.965,9
777,-173.25926,9
778,-306.025,9
779,-173.04094,9
780,-378.48093,9
781,-211.81068,9
782,-168.74588,9
783,-221.01836,9
784,-263.07828,9
785,-319.35956,9
786,-195.94339,9
787,-144.4117,9
788,-224.64015,9
789,-242.8636,9
790,-265.3077,9
791,-212.4146,9
792,-281.38452,9
793,-273.51163,9
794,-377.59372,9
795,-274.4782,9
796,-262.48657,9
797,-196.92009,9
798,-353.909,9
799,-227.40399,9
