Image,Value,Label
0,-297.21024,0
1,-140.20578,0
2,-222.71123,0
3,-292.6155,0
4,-251.10059,0
5,-220.69629,0
6,-293.63687,0
7,-335.3624,0
8,-272.17526,0
9,-362.46704,0
10,-255.16931,0
11,-294.61768,0
12,-350.65445,0
13,-242.47098,0
14,-218.4897,0
15,-200.10938,0
16,-208.76646,0
17,-371.2457,0
18,-364.32138,0
19,-246.3685,0
20,-396.62955,0
21,-224.53595,0
22,-313.9632,0
23,-164.5004,0
24,-246.10107,0
25,-71.2608,0
26,-225.79562,0
27,-192.23155,0
28,-391.638,0
29,-230.02193,0
30,-248.81665,0
31,-270.58084,0
32,-172.16556,0
33,-228.31807,0
34,-366.2944,0
35,-250.72919,0
36,-215.29716,0
37,-150.9451,0
38,-285.47043,0
39,-232.19556,0
40,-261.65744,0
41,-276.62735,0
42,-413.93652,0
43,-185.87558,0
44,-235.27782,0
45,-297.65494,0
46,-376.2939,0
47,-282.1308,0
48,-103.0875,0
49,-135.87097,0
50,-256.563,0
51,-225.31622,0
52,-206.41772,0
53,-244.79851,0
54,-183.33972,0
55,-210.79205,0
56,-352.5413,0
57,-117.61951,0
58,-341.74686,0
59,-229.56317,0
60,-279.19012,0
61,-211.08379,0
62,-215.43988,0
63,-333.19998,0
64,-268.13745,0
65,-372.75504,0
66,-215.32925,0
67,-174.28175,0
68,-166.59999,0
69,-174.76334,0
70,-282.61783,0
71,-288.23315,0
72,-254.38162,0
73,-500.5116,0
74,-282.67688,0
75,-203.72174,0
76,-333.9799,0
77,-385.8616,0
78,-242.00853,0
79,-170.1635,0
80,-175.62811,1
81,-49.166176,1
82,-124.63083,1
83,-97.05043,1
84,-157.95601,1
85,-99.97734,1
86,-69.16225,1
87,-70.52046,1
88,-99.40435,1
89,-151.40897,1
90,-80.509026,1
91,-139.77496,1
92,-127.42195,1
93,-221.18747,1
94,-175.29765,1
95,-62.386948,1
96,-172.1079,1
97,-130.28905,1
98,-137.25972,1
99,-135.94672,1
100,-63.752846,1
101,-125.15523,1
102,-196.67192,1
103,-120.59241,1
104,-141.75443,1
105,-92.72836,1
106,-155.09695,1
107,-220.3519,1
108,-165.73392,1
109,-149.75659,1
110,-151.60242,1
111,-109.75879,1
112,-205.91507,1
113,-132.51483,1
114,-217.35367,1
115,-114.61568,1
116,-153.14828,1
117,-126.48467,1
118,-137.39735,1
119,-141.07976,1
120,-126.872765,1
121,-99.7051,1
122,-98.98404,1
123,-169.9549,1
124,-91.7926,1
125,-118.18365,1
126,-148.96281,1
127,-91.75393,1
128,-132.71176,1
129,-132.32773,1
130,-170.60687,1
131,-94.639725,1
132,-104.565926,1
133,-158.1482,1
134,-100.73416,1
135,-118.93782,1
136,-161.55127,1
137,-123.17375,1
138,-165.06618,1
139,-86.39374,1
140,-94.85466,1
141,-93.01309,1
142,-158.26956,1
143,-140.38339,1
144,-103.921616,1
145,-163.70746,1
146,-129.2547,1
147,-136.90079,1
148,-126.6545,1
149,-163.03792,1
150,-194.57254,1
151,-162.0607,1
152,-210.76863,1
153,-183.81291,1
154,-115.318695,1
155,-200.31293,1
156,-186.21747,1
157,-134.1502,1
158,-64.57057,1
159,-120.70631,1
160,-94.90504,2
161,-170.3224,2
162,-143.43605,2
163,-135.53409,2
164,-245.37312,2
165,-297.55435,2
166,-204.40292,2
167,-256.48013,2
168,-189.5311,2
169,-222.44724,2
170,-162.84885,2
171,-260.32724,2
172,-247.77438,2
173,-271.03525,2
174,-234.88937,2
175,-382.4072,2
176,-167.02576,2
177,-255.93251,2
178,-308.77762,2
179,-274.31638,2
180,-68.16921,2
181,-272.60245,2
182,-298.4587,2
183,-201.63713,2
184,-208.98787,2
185,-176.34186,2
186,-246.62497,2
187,-161.25024,2
188,-106.5482,2
189,-109.52814,2
190,-159.96526,2
191,-188.78583,2
192,-151.65213,2
193,-275.35715,2
194,-163.77814,2
195,-227.22614,2
196,-293.0768,2
197,-221.65,2
198,-248.67184,2
199,-370.5748,2
200,-158.35962,2
201,-208.80289,2
202,-89.768394,2
203,-241.1084,2
204,-167.90479,2
205,-98.795135,2
206,-159.02875,2
207,-377.51852,2
208,-274.24756,2
209,-294.5283,2
210,-270.07648,2
211,-357.637,2
212,-377.64304,2
213,-176.70305,2
214,-240.76381,2
215,-292.44034,2
216,-263.5159,2
217,-122.643234,2
218,-314.54105,2
219,-288.32104,2
220,-275.51294,2
221,-315.55667,2
222,-238.12956,2
223,-106.62003,2
224,-119.03504,2
225,-258.96097,2
226,-259.30447,2
227,-204.7103,2
228,-226.48415,2
229,-133.06323,2
230,-131.42807,2
231,-169.90047,2
232,-191.03426,2
233,-319.86447,2
234,-321.5314,2
235,-291.58142,2
236,-174.75192,2
237,-253.33075,2
238,-148.58557,2
239,-227.35425,2
240,-273.64755,3
241,-204.48526,3
242,-98.87744,3
243,-164.78067,3
244,-280.6592,3
245,-217.75455,3
246,-301.7186,3
247,-179.817,3
248,-214.56036,3
249,-139.47444,3
250,-292.85715,3
251,-186.85596,3
252,-279.73868,3
253,-204.36348,3
254,-216.73265,3
255,-348.42746,3
256,-176.83987,3
257,-203.14764,3
258,-324.54434,3
259,-315.13425,3
260,-287.53928,3
261,-234.67691,3
262,-253.64728,3
263,-213.27905,3
264,-236.1798,3
265,-296.3761,3
266,-188.91672,3
267,-254.4988,3
268,-318.77286,3
269,-162.13171,3
270,-197.84021,3
271,-213.52393,3
272,-190.0632,3
273,-199.6875,3
274,-241.65541,3
275,-121.64589,3
276,-293.10495,3
277,-129.12341,3
278,-229.43091,3
279,-295.12564,3
280,-245.7742,3
281,-317.84558,3
282,-311.4458,3
283,-218.55278,3
284,-254.06459,3
285,-223.42316,3
286,-216.21136,3
287,-322.45963,3
288,-292.59613,3
289,-309.90378,3
290,-185.699,3
291,-230.79405,3
292,-291.84128,3
293,-205.64536,3
294,-274.74905,3
295,-317.61453,3
296,-239.50917,3
297,-227.29062,3
298,-296.16284,3
299,-352.9584,3
300,-267.69452,3
301,-330.19193,3
302,-132.74353,3
303,-131.88739,3
304,-236.61584,3
305,-167.8266,3
306,-205.50348,3
307,-109.265335,3
308,-149.68927,3
309,-282.113,3
310,-423.07626,3
311,-194.2842,3
312,-241.87088,3
313,-135.78967,3
314,-262.2455,3
315,-253.39062,3
316,-102.53952,3
317,-301.6232,3
318,-156.61699,3
319,-290.8936,3
320,-266.0528,4
321,-111.06592,4
322,-164.62114,4
323,-146.93071,4
324,-210.83435,4
325,-193.36592,4
326,-267.50998,4
327,-137.17426,4
328,-226.22867,4
329,-97.659096,4
330,-206.81892,4
331,-213.28447,4
332,-165.12317,4
333,-173.76775,4
334,-168.34076,4
335,-151.19328,4
336,-126.89579,4
337,-279.44235,4
338,-175.03885,4
339,-207.66464,4
340,-273.5485,4
341,-122.213394,4
342,-228.4802,4
343,-210.25043,4
344,-183.21347,4
345,-191.95645,4
346,-60.28578,4
347,-228.08945,4
348,-115.61601,4
349,-156.7221,4
350,-231.1587,4
351,-173.73088,4
352,-265.7339,4
353,-166.63669,4
354,-213.71393,4
355,-198.06995,4
356,-255.97691,4
357,-203.09482,4
358,-274.67838,4
359,-145.04053,4
360,-193.46043,4
361,-236.77142,4
362,-157.31279,4
363,-51.172325,4
364,-199.83606,4
365,-132.2341,4
366,-319.1727,4
367,-159.80899,4
368,-189.52707,4
369,-109.49487,4
370,-167.52411,4
371,-239.75998,4
372,-132.24701,4
373,-113.39215,4
374,-250.37491,4
375,-288.74496,4
376,-161.47078,4
377,-143.06662,4
378,-193.19681,4
379,-192.08374,4
380,-253.2153,4
381,-181.24292,4
382,-145.77255,4
383,-174.50613,4
384,-284.61618,4
385,-101.33979,4
386,-219.97327,4
387,-179.24501,4
388,-226.99931,4
389,-238.2496,4
390,-174.02283,4
391,-202.66011,4
392,-246.75168,4
393,-248.63235,4
394,-101.29526,4
395,-216.2305,4
396,-299.26364,4
397,-96.17384,4
398,-200.96185,4
399,-221.34827,4
400,-185.0548,5
401,-143.39836,5
402,-187.51456,5
403,-212.93541,5
404,-179.66306,5
405,-252.48724,5
406,-174.05348,5
407,-216.90619,5
408,-218.348,5
409,-202.11745,5
410,-263.62576,5
411,-149.1648,5
412,-65.20888,5
413,-105.259766,5
414,-274.25357,5
415,-219.0285,5
416,-358.23343,5
417,-281.0318,5
418,-190.78542,5
419,-245.44199,5
420,-254.16803,5
421,-228.49252,5
422,-239.12964,5
423,-190.93819,5
424,-146.39296,5
425,-121.9357,5
426,-177.08466,5
427,-307.9863,5
428,-254.47379,5
429,-181.81967,5
430,-252.39859,5
431,-195.0358,5
432,-200.80573,5
433,-224.64694,5
434,-199.51385,5
435,-289.37796,5
436,-187.61023,5
437,-189.93954,5
438,-206.41287,5
439,-181.70059,5
440,-144.18024,5
441,-327.90103,5
442,-249.75708,5
443,-151.3641,5
444,-158.9703,5
445,-200.25333,5
446,-196.4685,5
447,-316.37375,5
448,-346.5201,5
449,-158.7549,5
450,-127.61572,5
451,-163.26535,5
452,-92.96192,5
453,-234.82996,5
454,-134.02835,5
455,-163.7526,5
456,-231.45166,5
457,-273.30667,5
458,-188.09482,5
459,-203.37234,5
460,-193.28534,5
461,-303.43054,5
462,-241.97818,5
463,-231.7078,5
464,-207.55077,5
465,-126.52426,5
466,-221.87729,5
467,-176.32487,5
468,-111.107086,5
469,-200.08981,5
470,-175.71268,5
471,-244.79364,5
472,-260.02933,5
473,-195.1749,5
474,-239.0468,5
475,-235.83957,5
476,-252.84077,5
477,-153.11984,5
478,-155.97131,5
479,-263.1807,5
480,-195.0547,6
481,-173.10583,6
482,-202.15501,6
483,-162.77208,6
484,-158.17834,6
485,-205.32346,6
486,-211.33966,6
487,-328.73886,6
488,-309.54724,6
489,-193.06848,6
490,-188.80692,6
491,-224.7478,6
492,-92.21976,6
493,-126.281845,6
494,-162.53094,6
495,-282.1426,6
496,-254.92783,6
497,-167.21976,6
498,-177.48927,6
499,-387.7136,6
500,-176.29187,6
501,-153.05322,6
502,-179.25409,6
503,-125.979935,6
504,-202.48412,6
505,-281.15677,6
506,-212.8557,6
507,-216.8741,6
508,-261.38828,6
509,-263.75424,6
510,-234.79248,6
511,-187.33427,6
512,-205.00644,6
513,-178.2864,6
514,-166.89526,6
515,-118.6445,6
516,-229.09799,6
517,-154.65826,6
518,-157.52835,6
519,-154.13708,6
520,-281.1993,6
521,-200.43668,6
522,-174.7532,6
523,-180.33682,6
524,-193.63202,6
525,-105.02475,6
526,-163.3533,6
527,-178.27264,6
528,-243.57932,6
529,-268.72787,6
530,-100.50725,6
531,-229.76364,6
532,-282.6223,6
533,-144.18295,6
534,-251.66386,6
535,-172.66783,6
536,-269.2943,6
537,-204.4909,6
538,-129.49689,6
539,-176.60178,6
540,-104.12293,6
541,-124.12575,6
542,-94.57324,6
543,-204.51883,6
544,-151.88184,6
545,-145.89532,6
546,-171.19794,6
547,-232.63315,6
548,-204.53452,6
549,-164.26768,6
550,-250.22081,6
551,-179.93481,6
552,-208.58212,6
553,-214.83449,6
554,-256.78455,6
555,-173.56035,6
556,-244.606,6
557,-259.65097,6
558,-247.34903,6
559,-159.15405,6
560,-175.13068,7
561,-166.60626,7
562,-179.07275,7
563,-158.3538,7
564,-197.86545,7
565,-244.04309,7
566,-220.3902,7
567,-157.61766,7
568,-112.986496,7
569,-260.309,7
570,-252.26381,7
571,-184.1636,7
572,-207.70358,7
573,-243.88147,7
574,-220.0021,7
575,-171.47223,7
576,-179.05124,7
577,-201.7015,7
578,-174.00089,7
579,-230.50345,7
580,-152.25621,7
581,-121.21983,7
582,-116.916336,7
583,-238.12137,7
584,-146.53125,7
585,-197.9736,7
586,-141.86246,7
587,-226.69531,7
588,-100.482994,7
589,-149.31647,7
590,-326.60654,7
591,-150.69485,7
592,-176.3951,7
593,-363.65344,7
594,-197.00586,7
595,-193.42053,7
596,-172.11313,7
597,-304.47253,7
598,-149.37349,7
599,-184.79785,7
600,-230.28252,7
601,-202.24512,7
602,-219.82622,7
603,-199.62149,7
604,-160.67838,7
605,-164.04391,7
606,-206.26523,7
607,-249.21204,7
608,-111.83288,7
609,-153.61917,7
610,-288.5247,7
611,-225.6947,7
612,-240.19304,7
613,-156.66656,7
614,-128.63495,7
615,-90.93395,7
616,-191.77934,7
617,-224.17593,7
618,-222.75287,7
619,-290.19113,7
620,-196.8239,7
621,-158.52702,7
622,-186.85248,7
623,-139.25044,7
624,-55.41913,7
625,-269.86954,7
626,-196.28728,7
627,-78.39562,7
628,-156.73788,7
629,-156.76825,7
630,-203.12207,7
631,-158.08269,7
632,-175.733,7
633,-127.367676,7
634,-224.52277,7
635,-172.21335,7
636,-152.94618,7
637,-145.94394,7
638,-292.44705,7
639,-175.74854,7
640,-429.11395,8
641,-167.98074,8
642,-206.06221,8
643,-220.03891,8
644,-285.8919,8
645,-149.62123,8
646,-276.33484,8
647,-171.00401,8
648,-203.99582,8
649,-194.05502,8
650,-287.76328,8
651,-184.90648,8
652,-335.64835,8
653,-396.83383,8
654,-269.56076,8
655,-192.17679,8
656,-160.54184,8
657,-226.95085,8
658,-203.19897,8
659,-481.14587,8
660,-271.4842,8
661,-238.55206,8
662,-279.5432,8
663,-288.04434,8
664,-437.82895,8
665,-220.01503,8
666,-322.92386,8
667,-136.72113,8
668,-261.47662,8
669,-335.1981,8
670,-251.5002,8
671,-152.27682,8
672,-306.5879,8
673,-304.07184,8
674,-134.71826,8
675,-266.5341,8
676,-171.88084,8
677,-204.5105,8
678,-220.77457,8
679,-218.54173,8
680,-297.00067,8
681,-280.45248,8
682,-301.87808,8
683,-187.8335,8
684,-235.75777,8
685,-225.53523,8
686,-197.00314,8
687,-309.82596,8
688,-175.11005,8
689,-156.16182,8
690,-211.94011,8
691,-308.868,8
692,-224.65916,8
693,-394.43353,8
694,-245.28127,8
695,-206.495,8
696,-449.05365,8
697,-124.37303,8
698,-173.99942,8
699,-208.03714,8
700,-314.6882,8
701,-170.24983,8
702,-168.9135,8
703,-183.8291,8
704,-283.12643,8
705,-326.99872,8
706,-306.58316,8
707,-234.12982,8
708,-132.51114,8
709,-306.25003,8
710,-213.25708,8
711,-177.63745,8
712,-243.66049,8
713,-210.6731,8
714,-194.05765,8
715,-268.82266,8
716,-220.63907,8
717,-225.09547,8
718,-187.61032,8
719,-204.82217,8
720,-184.72269,9
721,-255.55981,9
722,-187.42644,9
723,-366.32706,9
724,-167.1925,9
725,-161.72266,9
726,-125.667786,9
727,-240.14314,9
728,-122.48567,9
729,-208.18933,9
730,-193.41197,9
731,-82.457344,9
732,-225.13873,9
733,-197.60281,9
734,-146.5004,9
735,-205.10764,9
736,-151.82971,9
737,-256.43198,9
738,-207.00873,9
739,-217.6243,9
740,-268.77158,9
741,-240.25323,9
742,-225.2363,9
743,-214.25659,9
744,-218.43576,9
745,-238.16286,9
746,-73.677155,9
747,-206.95435,9
748,-113.08465,9
749,-220.91986,9
750,-204.95409,9
751,-172.36234,9
752,-335.8689,9
753,-232.15381,9
754,-359.498,9
755,-176.11078,9
756,-145.21664,9
757,-124.839035,9
758,-304.38205,9
759,-108.297424,9
760,-141.29468,9
761,-239.85083,9
762,-202.72089,9
763,-165.85027,9
764,-190.80891,9
765,-220.36017,9
766,-224.14041,9
767,-211.60846,9
768,-89.09223,9
769,-79.905975,9
770,-147.61377,9
771,-150.32796,9
772,-311.6065,9
773,-79.34004,9
774,-200.05998,9
775,-133.45613,9
776,-228.29851,9
777,-115.47545,9
778,-174.03357,9
779,-148.39075,9
780,-301.77005,9
781,-221.35648,9
782,-123.663055,9
783,-151.2373,9
784,-188.52115,9
785,-225.04056,9
786,-261.67264,9
787,-75.00961,9
788,-78.06703,9
789,-150.21925,9
790,-182.54953,9
791,-189.749,9
792,-228.78636,9
793,-211.09529,9
794,-244.68604,9
795,-219.91647,9
796,-198.03876,9
797,-131.01517,9
798,-226.31381,9
799,-143.69977,9
