Image,Value,Label
0,-149.09312,0
1,106.03207,0
2,114.97714,0
3,-11.586083,0
4,155.1545,0
5,179.55447,0
6,84.827545,0
7,110.340225,0
8,60.791092,0
9,66.40843,0
10,78.50236,0
11,62.84103,0
12,39.535892,0
13,103.99385,0
14,10.932282,0
15,163.83185,0
16,134.88538,0
17,65.81861,0
18,52.927166,0
19,-4.280269,0
20,82.16034,0
21,143.61832,0
22,-3.524751,0
23,166.98276,0
24,-212.57559,0
25,157.44095,0
26,-64.27107,0
27,156.7439,0
28,96.96305,0
29,-9.32434,0
30,159.36816,0
31,148.81665,0
32,-24.719095,0
33,149.23518,0
34,185.86362,0
35,228.90929,0
36,113.07022,0
37,103.01434,0
38,138.29636,0
39,157.05202,0
40,37.122723,0
41,144.41281,0
42,134.14555,0
43,136.03122,0
44,187.26184,0
45,111.27513,0
46,123.81737,0
47,112.85528,0
48,96.32325,0
49,123.54685,0
50,148.30713,0
51,129.0546,0
52,153.8772,0
53,188.91312,0
54,-115.26876,0
55,-6.271213,0
56,111.631714,0
57,84.11304,0
58,101.469406,0
59,35.43663,0
60,32.702892,0
61,110.1519,0
62,143.40335,0
63,90.912964,0
64,117.66394,0
65,83.06448,0
66,132.28496,0
67,157.46738,0
68,129.69962,0
69,3.7767322,0
70,42.00465,0
71,57.966652,0
72,56.23354,0
73,145.81415,0
74,110.73033,0
75,24.206541,0
76,142.09079,0
77,32.064705,0
78,-302.10376,0
79,-169.0558,0
80,-4.468797,1
81,37.97897,1
82,-94.60324,1
83,-70.37287,1
84,-84.79753,1
85,4.685803,1
86,-59.467583,1
87,-77.79382,1
88,-104.3127,1
89,-15.0934105,1
90,-72.89215,1
91,-39.94674,1
92,-33.176685,1
93,-14.060769,1
94,27.803272,1
95,-34.084385,1
96,-41.947067,1
97,-32.629337,1
98,24.267124,1
99,-130.41946,1
100,-75.15253,1
101,-26.328865,1
102,-21.230547,1
103,-41.566715,1
104,-36.635754,1
105,-95.237144,1
106,-35.23556,1
107,-51.32332,1
108,-26.195532,1
109,-18.966621,1
110,-57.646908,1
111,-73.79561,1
112,-35.95281,1
113,0.3054091,1
114,-48.15859,1
115,-11.412173,1
116,-59.77018,1
117,-61.674168,1
118,-23.214043,1
119,-36.579037,1
120,-2.1770747,1
121,-64.57145,1
122,-40.672245,1
123,-11.947118,1
124,-23.214273,1
125,-53.551678,1
126,-62.395435,1
127,2.0433118,1
128,-23.926863,1
129,-46.535408,1
130,-55.900784,1
131,-71.24593,1
132,-88.95073,1
133,-48.03892,1
134,-15.468993,1
135,19.184763,1
136,3.6176288,1
137,14.387351,1
138,-55.892567,1
139,-97.34073,1
140,-69.77548,1
141,-78.32326,1
142,-51.298466,1
143,-11.236835,1
144,22.940351,1
145,-35.27011,1
146,19.17761,1
147,-4.7724347,1
148,-77.14555,1
149,-56.3902,1
150,-7.528541,1
151,-80.60997,1
152,-244.37387,1
153,-31.982191,1
154,-87.79457,1
155,-40.55672,1
156,-38.64153,1
157,-35.720974,1
158,-66.23217,1
159,-57.270798,1
160,-44.209053,2
161,-195.96321,2
162,-152.59158,2
163,-74.26425,2
164,-103.31293,2
165,-142.80565,2
166,-178.11208,2
167,-286.35608,2
168,-122.67715,2
169,-176.0095,2
170,-116.05708,2
171,-248.94931,2
172,-98.218025,2
173,-93.02564,2
174,-19.817503,2
175,-194.81216,2
176,-3.66595,2
177,-175.58902,2
178,-95.81147,2
179,-294.8716,2
180,53.15832,2
181,-231.33527,2
182,-62.27992,2
183,-167.07512,2
184,-125.36756,2
185,-441.25394,2
186,84.067535,2
187,-118.44984,2
188,-39.743893,2
189,-66.97503,2
190,-1.7576421,2
191,-13.369737,2
192,-186.93855,2
193,-296.49173,2
194,-83.45337,2
195,51.352367,2
196,-228.41034,2
197,-167.4837,2
198,-214.66443,2
199,-73.28549,2
200,-6.4480767,2
201,-175.46727,2
202,-13.7367525,2
203,-217.22884,2
204,-259.66165,2
205,-130.077,2
206,-0.092494346,2
207,-236.60605,2
208,-145.30698,2
209,-64.490685,2
210,-19.94036,2
211,-219.51894,2
212,-263.36157,2
213,-140.43547,2
214,-185.23666,2
215,-149.5389,2
216,-250.24017,2
217,-22.18561,2
218,-126.73099,2
219,-378.6647,2
220,-311.73117,2
221,-327.55338,2
222,-280.9034,2
223,-31.38128,2
224,-187.69742,2
225,-358.45523,2
226,-641.95245,2
227,-48.407337,2
228,-222.30276,2
229,-57.31706,2
230,-157.82468,2
231,-54.867393,2
232,-119.35232,2
233,-591.5276,2
234,-223.81152,2
235,-150.76541,2
236,-68.51034,2
237,-194.39484,2
238,-2.7903378,2
239,-69.81833,2
240,-112.640144,3
241,-85.43543,3
242,44.50452,3
243,79.36464,3
244,26.000973,3
245,53.236725,3
246,15.423644,3
247,-101.52939,3
248,-91.81468,3
249,-9.633905,3
250,-68.02105,3
251,-108.19868,3
252,-21.542048,3
253,11.865912,3
254,-28.460442,3
255,1.1299826,3
256,37.38942,3
257,-72.81848,3
258,-123.03222,3
259,22.316496,3
260,58.33544,3
261,11.07006,3
262,-100.03105,3
263,-64.13166,3
264,-234.97655,3
265,-108.49517,3
266,17.34041,3
267,-31.699745,3
268,-86.11273,3
269,-174.63881,3
270,-62.713963,3
271,-45.527416,3
272,-11.345714,3
273,11.510766,3
274,-73.043495,3
275,65.85604,3
276,-69.58849,3
277,-48.498795,3
278,-62.391495,3
279,-38.306614,3
280,-14.39571,3
281,-115.909615,3
282,-69.154854,3
283,22.441164,3
284,-182.8292,3
285,-115.15259,3
286,-93.58646,3
287,43.587284,3
288,-19.67755,3
289,-69.423904,3
290,-0.78541315,3
291,36.73084,3
292,91.395615,3
293,-94.136566,3
294,9.010547,3
295,12.015164,3
296,-120.877945,3
297,-137.16464,3
298,-5.546538,3
299,-137.52408,3
300,-129.15024,3
301,29.025988,3
302,32.826054,3
303,27.113441,3
304,-17.203207,3
305,8.402133,3
306,-63.271107,3
307,30.373997,3
308,-161.93076,3
309,-50.702805,3
310,-152.02905,3
311,-62.211315,3
312,-9.938565,3
313,61.362476,3
314,-58.801525,3
315,-25.346586,3
316,-37.287434,3
317,-75.93208,3
318,-27.030882,3
319,-279.87357,3
320,220.17134,4
321,102.14673,4
322,141.85904,4
323,137.8669,4
324,212.02425,4
325,179.48581,4
326,176.62572,4
327,160.08142,4
328,44.13075,4
329,144.36441,4
330,103.45546,4
331,156.9385,4
332,148.54208,4
333,76.69528,4
334,123.760864,4
335,130.35619,4
336,38.452526,4
337,52.562836,4
338,106.25507,4
339,215.46802,4
340,66.486084,4
341,129.7836,4
342,153.74707,4
343,155.57062,4
344,174.89833,4
345,193.93124,4
346,123.5675,4
347,-34.833763,4
348,54.12797,4
349,101.11882,4
350,214.74707,4
351,-164.4566,4
352,173.35196,4
353,71.577805,4
354,11.289386,4
355,143.199,4
356,-63.05731,4
357,230.79916,4
358,172.97371,4
359,96.6199,4
360,76.173515,4
361,208.57118,4
362,10.134519,4
363,143.88382,4
364,158.68417,4
365,157.69962,4
366,117.33284,4
367,148.32422,4
368,174.89017,4
369,140.44803,4
370,60.91663,4
371,169.80664,4
372,113.44945,4
373,90.61321,4
374,98.648415,4
375,153.08582,4
376,162.49023,4
377,140.51962,4
378,143.93169,4
379,108.90611,4
380,195.59389,4
381,100.14465,4
382,158.20932,4
383,93.48866,4
384,199.51044,4
385,157.03348,4
386,140.33383,4
387,176.64151,4
388,179.20392,4
389,250.80655,4
390,12.690675,4
391,135.11145,4
392,146.85826,4
393,43.177288,4
394,37.74892,4
395,-4.966513,4
396,184.75296,4
397,160.07446,4
398,153.41542,4
399,197.83708,4
400,-110.6665,5
401,15.666613,5
402,81.23782,5
403,138.11476,5
404,66.23039,5
405,-40.388325,5
406,117.84822,5
407,-149.26147,5
408,127.856384,5
409,109.12326,5
410,-44.962154,5
411,159.01854,5
412,126.460686,5
413,77.933716,5
414,36.729183,5
415,90.8558,5
416,-114.58325,5
417,119.39298,5
418,167.80847,5
419,20.705963,5
420,165.28287,5
421,-116.35003,5
422,131.69476,5
423,196.09294,5
424,78.70327,5
425,189.23048,5
426,156.49716,5
427,83.20823,5
428,53.027927,5
429,30.808825,5
430,103.13446,5
431,56.047447,5
432,19.903906,5
433,-100.48479,5
434,50.35335,5
435,45.955845,5
436,32.023026,5
437,55.93299,5
438,112.485916,5
439,88.031845,5
440,177.73848,5
441,23.823917,5
442,115.86102,5
443,48.077244,5
444,171.77443,5
445,136.50375,5
446,214.81058,5
447,-29.211306,5
448,187.05084,5
449,7.3679395,5
450,229.5183,5
451,55.746548,5
452,86.43257,5
453,-10.8266,5
454,128.15741,5
455,239.60773,5
456,-134.16481,5
457,111.07502,5
458,139.05508,5
459,159.60533,5
460,92.940865,5
461,90.74231,5
462,-41.681854,5
463,14.665456,5
464,23.624151,5
465,122.90225,5
466,116.07653,5
467,95.350105,5
468,55.985767,5
469,130.41617,5
470,179.65607,5
471,41.258366,5
472,-85.071175,5
473,-12.050678,5
474,109.939896,5
475,93.798225,5
476,70.33413,5
477,-10.910689,5
478,78.90416,5
479,67.0231,5
480,-8.96247,6
481,-76.445724,6
482,-0.15122542,6
483,-51.989346,6
484,-1.7619137,6
485,-44.225307,6
486,77.90132,6
487,-47.184437,6
488,-158.27432,6
489,-188.54309,6
490,-22.585579,6
491,14.791997,6
492,17.083506,6
493,36.08845,6
494,-35.78364,6
495,1.3572985,6
496,-40.88558,6
497,15.75647,6
498,-67.74602,6
499,-279.07925,6
500,10.857104,6
501,-109.99124,6
502,-13.618058,6
503,-96.26734,6
504,-44.879715,6
505,-0.70404375,6
506,-114.68011,6
507,-87.1848,6
508,-11.99735,6
509,-145.01146,6
510,-57.243862,6
511,52.731808,6
512,-75.512146,6
513,-13.490516,6
514,21.670801,6
515,-18.095602,6
516,-66.918625,6
517,-5.046556,6
518,-47.36771,6
519,16.74822,6
520,-90.43523,6
521,14.004851,6
522,-174.11115,6
523,41.940388,6
524,-198.44553,6
525,9.937751,6
526,-78.54808,6
527,-17.84157,6
528,-128.49986,6
529,-53.616627,6
530,-33.439205,6
531,-98.47725,6
532,-105.06767,6
533,-50.06068,6
534,-8.906065,6
535,-74.901535,6
536,-70.12942,6
537,94.52944,6
538,20.45154,6
539,-4.6877265,6
540,-46.280567,6
541,-20.544046,6
542,-15.842698,6
543,-90.464424,6
544,-30.815672,6
545,-42.319225,6
546,55.912804,6
547,-10.169805,6
548,113.03734,6
549,7.631413,6
550,-14.025497,6
551,-33.15228,6
552,54.27195,6
553,8.221801,6
554,57.7641,6
555,-30.073198,6
556,-88.23616,6
557,-365.0751,6
558,-56.283108,6
559,-20.985807,6
560,-15.4713125,7
561,-50.69572,7
562,-39.203915,7
563,74.315605,7
564,137.6522,7
565,42.21577,7
566,68.5199,7
567,41.526707,7
568,26.501684,7
569,-158.00128,7
570,37.456398,7
571,-18.795048,7
572,7.553866,7
573,-49.334827,7
574,-27.96612,7
575,8.880175,7
576,10.599261,7
577,-41.022816,7
578,-28.114204,7
579,9.913596,7
580,-111.4962,7
581,-0.41241392,7
582,13.412607,7
583,-53.92035,7
584,-33.369793,7
585,-36.65896,7
586,-3.1432288,7
587,-10.974515,7
588,38.755997,7
589,48.65666,7
590,-23.916307,7
591,31.347937,7
592,27.215857,7
593,17.10745,7
594,37.131313,7
595,-26.385017,7
596,99.68767,7
597,20.55697,7
598,50.102646,7
599,7.702887,7
600,227.37418,7
601,-49.484684,7
602,57.530155,7
603,-89.67458,7
604,-28.270432,7
605,48.1768,7
606,-55.166378,7
607,-76.565186,7
608,115.28991,7
609,26.929083,7
610,-53.32404,7
611,-21.650682,7
612,-16.251146,7
613,82.90107,7
614,10.730027,7
615,31.365028,7
616,15.497208,7
617,-10.160326,7
618,-128.63339,7
619,16.646273,7
620,-43.083683,7
621,-19.025244,7
622,78.16859,7
623,60.260925,7
624,-66.58691,7
625,-61.751873,7
626,4.935427,7
627,7.594357,7
628,3.9847095,7
629,-48.40223,7
630,-3.0383227,7
631,4.1113153,7
632,-35.53477,7
633,37.922794,7
634,-5.2529426,7
635,-4.9911895,7
636,68.54354,7
637,-30.011549,7
638,-60.293488,7
639,38.215805,7
640,44.131992,8
641,42.784504,8
642,-14.976731,8
643,-122.620026,8
644,-30.885418,8
645,-83.479256,8
646,-72.30802,8
647,-22.559694,8
648,-1.4737009,8
649,-5.417558,8
650,12.460259,8
651,18.277845,8
652,47.80595,8
653,-151.65082,8
654,54.19253,8
655,28.979105,8
656,-34.710125,8
657,11.137788,8
658,-1.1143411,8
659,12.622382,8
660,-97.29573,8
661,64.13223,8
662,-57.91128,8
663,25.486202,8
664,-209.23102,8
665,21.663006,8
666,106.77684,8
667,-9.174938,8
668,-23.55432,8
669,-10.956883,8
670,38.5096,8
671,-32.32292,8
672,-98.82482,8
673,112.31816,8
674,-123.77193,8
675,-9.834113,8
676,117.07226,8
677,17.272121,8
678,-6.0740294,8
679,20.96304,8
680,30.868395,8
681,-4.060207,8
682,7.8853574,8
683,20.429289,8
684,-141.2016,8
685,25.633024,8
686,-92.81911,8
687,183.10934,8
688,70.35542,8
689,32.766087,8
690,-44.0837,8
691,-86.996025,8
692,-42.085194,8
693,39.62513,8
694,41.278984,8
695,-47.957966,8
696,-199.79019,8
697,-119.46324,8
698,-77.97322,8
699,104.62795,8
700,27.748804,8
701,75.60986,8
702,33.813305,8
703,45.237305,8
704,-77.868675,8
705,19.568398,8
706,-7.879415,8
707,52.039417,8
708,-0.14606413,8
709,-19.71288,8
710,33.716095,8
711,-50.27685,8
712,53.072895,8
713,-96.477745,8
714,48.33314,8
715,-65.644035,8
716,-130.4475,8
717,-16.939142,8
718,-3.9131444,8
719,-21.928709,8
720,79.47397,9
721,37.382595,9
722,42.853687,9
723,-81.18617,9
724,84.16484,9
725,32.89217,9
726,16.134686,9
727,-12.155877,9
728,64.90229,9
729,156.54016,9
730,80.11546,9
731,34.545006,9
732,-65.59,9
733,38.32651,9
734,34.81876,9
735,46.322025,9
736,42.892548,9
737,42.07063,9
738,130.00943,9
739,38.25104,9
740,42.3052,9
741,77.87973,9
742,-152.18202,9
743,51.22884,9
744,-39.647297,9
745,-21.211359,9
746,44.789516,9
747,31.453806,9
748,-10.825089,9
749,23.915678,9
750,-7.8881145,9
751,50.02977,9
752,-170.96823,9
753,50.770847,9
754,-140.51778,9
755,46.086956,9
756,69.14113,9
757,-15.954265,9
758,16.500994,9
759,-0.19147596,9
760,24.930088,9
761,30.632309,9
762,-174.38672,9
763,26.343222,9
764,39.514133,9
765,-6.9403605,9
766,11.716046,9
767,65.479706,9
768,59.39011,9
769,51.022327,9
770,97.705765,9
771,77.509705,9
772,55.771435,9
773,71.18785,9
774,56.294704,9
775,23.436186,9
776,70.03623,9
777,99.14203,9
778,-41.4102,9
779,9.822618,9
780,105.31992,9
781,-55.76266,9
782,50.772816,9
783,-9.919614,9
784,21.09192,9
785,21.254576,9
786,-93.94438,9
787,39.13696,9
788,64.52986,9
789,47.107487,9
790,81.69054,9
791,10.459355,9
792,68.91406,9
793,-85.950066,9
794,64.501396,9
795,58.264896,9
796,49.216908,9
797,19.596346,9
798,96.443085,9
799,-13.764493,9
