Image,Value,Label
0,-210.14565,0
1,-173.81839,0
2,-124.976326,0
3,-252.6374,0
4,-190.45631,0
5,-231.1799,0
6,-300.84116,0
7,-302.30624,0
8,-247.62299,0
9,-252.39612,0
10,-219.45378,0
11,-191.2653,0
12,-293.90173,0
13,-254.66862,0
14,-166.1065,0
15,-108.1583,0
16,-214.32045,0
17,-231.39798,0
18,-266.70535,0
19,-188.72615,0
20,-324.79788,0
21,-229.00945,0
22,-270.65872,0
23,-165.77669,0
24,-197.67763,0
25,-162.48705,0
26,-176.91252,0
27,-235.62657,0
28,-266.80048,0
29,-136.00224,0
30,-243.5363,0
31,-128.21825,0
32,-130.64867,0
33,-113.37477,0
34,-389.4466,0
35,-198.26292,0
36,-234.73427,0
37,-127.03828,0
38,-307.90536,0
39,-113.15397,0
40,-179.45897,0
41,-277.72797,0
42,-318.72928,0
43,-233.27293,0
44,-183.967,0
45,-292.7944,0
46,-294.90527,0
47,-263.3511,0
48,-182.11528,0
49,-186.20447,0
50,-154.59796,0
51,-241.89609,0
52,-213.24883,0
53,-175.41504,0
54,-122.37443,0
55,-139.48961,0
56,-253.67647,0
57,-161.98083,0
58,-272.63614,0
59,-240.17255,0
60,-162.59825,0
61,-240.57973,0
62,-237.68901,0
63,-258.3538,0
64,-307.4166,0
65,-308.10788,0
66,-236.76262,0
67,-218.9777,0
68,-183.95505,0
69,-155.9434,0
70,-216.63036,0
71,-165.47466,0
72,-218.11736,0
73,-355.2432,0
74,-291.40518,0
75,-162.7954,0
76,-246.37146,0
77,-316.7514,0
78,-127.32003,0
79,-115.70564,0
80,-102.76561,1
81,-99.05614,1
82,-178.94115,1
83,-115.278694,1
84,-138.76512,1
85,-79.72484,1
86,-116.05753,1
87,-134.56526,1
88,-141.19106,1
89,-130.77037,1
90,-105.83356,1
91,-64.1029,1
92,-83.68122,1
93,-135.4793,1
94,-148.32585,1
95,-104.70463,1
96,-177.44542,1
97,-110.23675,1
98,-50.593292,1
99,-179.65634,1
100,-150.58354,1
101,-109.345146,1
102,-169.77083,1
103,-77.63637,1
104,-81.34273,1
105,-155.74565,1
106,-154.59993,1
107,-116.9222,1
108,-119.65825,1
109,-57.15458,1
110,-162.38655,1
111,-163.38411,1
112,-107.79325,1
113,-132.47261,1
114,-90.61261,1
115,-44.561478,1
116,-209.11606,1
117,-92.836266,1
118,-120.63033,1
119,-89.28981,1
120,-59.18496,1
121,-135.66978,1
122,-103.26056,1
123,-104.23202,1
124,-44.729927,1
125,-85.79348,1
126,-188.60208,1
127,-58.12155,1
128,-106.02043,1
129,-109.21853,1
130,-126.38035,1
131,-119.80677,1
132,-162.59654,1
133,-90.14649,1
134,-51.43074,1
135,-54.58101,1
136,-78.20581,1
137,-69.52029,1
138,-123.12519,1
139,-144.58858,1
140,-115.804794,1
141,-101.94142,1
142,-153.57907,1
143,-93.60673,1
144,-102.68052,1
145,-141.86176,1
146,-47.25551,1
147,-73.801895,1
148,-216.66605,1
149,-151.01257,1
150,-121.60785,1
151,-162.52205,1
152,-256.21127,1
153,-94.069695,1
154,-242.29681,1
155,-117.96286,1
156,-174.99757,1
157,-99.97915,1
158,-102.82916,1
159,-188.70268,1
160,-99.63319,2
161,-214.132,2
162,-185.2136,2
163,-169.60922,2
164,-228.53886,2
165,-284.7665,2
166,-254.95898,2
167,-240.97897,2
168,-220.26039,2
169,-255.36916,2
170,-132.542,2
171,-293.11533,2
172,-181.25996,2
173,-239.4135,2
174,-286.27246,2
175,-303.5292,2
176,-193.32426,2
177,-174.40991,2
178,-240.31984,2
179,-267.666,2
180,-134.57979,2
181,-361.11096,2
182,-154.38461,2
183,-202.0931,2
184,-142.8503,2
185,-176.90956,2
186,-193.66072,2
187,-191.93568,2
188,-99.260826,2
189,-115.4577,2
190,-174.61656,2
191,-222.92683,2
192,-229.90834,2
193,-274.50327,2
194,-219.25166,2
195,-212.87947,2
196,-236.92117,2
197,-217.06035,2
198,-215.67549,2
199,-323.11246,2
200,-190.5837,2
201,-202.3785,2
202,-139.7723,2
203,-183.3157,2
204,-180.64235,2
205,-118.271996,2
206,-175.82812,2
207,-330.67032,2
208,-277.69113,2
209,-214.7306,2
210,-257.09317,2
211,-213.59285,2
212,-377.49313,2
213,-203.62788,2
214,-207.48387,2
215,-287.4012,2
216,-159.56364,2
217,-152.35216,2
218,-274.60828,2
219,-270.98016,2
220,-218.76274,2
221,-338.1218,2
222,-231.83902,2
223,-159.30818,2
224,-171.72743,2
225,-238.07042,2
226,-321.01175,2
227,-237.25435,2
228,-179.73848,2
229,-208.82607,2
230,-195.55997,2
231,-191.05783,2
232,-174.77217,2
233,-296.51657,2
234,-289.48593,2
235,-218.71275,2
236,-217.42674,2
237,-229.95961,2
238,-132.63765,2
239,-191.74014,2
240,-263.17447,3
241,-227.41408,3
242,-117.878815,3
243,-136.04927,3
244,-302.24725,3
245,-236.37222,3
246,-361.03598,3
247,-207.54546,3
248,-262.93057,3
249,-129.74623,3
250,-243.51378,3
251,-236.85487,3
252,-287.9014,3
253,-262.7571,3
254,-233.96289,3
255,-281.87747,3
256,-127.888725,3
257,-231.13316,3
258,-259.18365,3
259,-358.12335,3
260,-273.68613,3
261,-238.22206,3
262,-277.49582,3
263,-255.05376,3
264,-168.72336,3
265,-269.3682,3
266,-230.37138,3
267,-250.37534,3
268,-323.02255,3
269,-115.31217,3
270,-177.73003,3
271,-271.896,3
272,-239.88411,3
273,-195.5964,3
274,-247.33595,3
275,-189.42027,3
276,-259.27484,3
277,-163.41605,3
278,-209.32799,3
279,-213.06242,3
280,-267.91086,3
281,-322.6707,3
282,-330.56442,3
283,-304.98773,3
284,-221.62904,3
285,-197.6302,3
286,-277.69742,3
287,-360.15994,3
288,-276.69882,3
289,-366.58017,3
290,-235.05576,3
291,-197.94527,3
292,-268.40866,3
293,-215.12552,3
294,-289.6943,3
295,-336.78726,3
296,-231.92583,3
297,-228.24185,3
298,-270.021,3
299,-349.11002,3
300,-320.5547,3
301,-378.32077,3
302,-126.96966,3
303,-163.98439,3
304,-161.38454,3
305,-180.83281,3
306,-204.87866,3
307,-130.95555,3
308,-136.50078,3
309,-320.37167,3
310,-429.14252,3
311,-179.44646,3
312,-183.48549,3
313,-162.71962,3
314,-263.63834,3
315,-282.744,3
316,-114.82209,3
317,-210.96492,3
318,-209.17357,3
319,-200.93803,3
320,-322.37717,4
321,-240.76112,4
322,-241.26753,4
323,-257.4319,4
324,-308.6401,4
325,-223.0902,4
326,-255.54802,4
327,-217.09212,4
328,-331.85907,4
329,-128.99318,4
330,-266.81396,4
331,-248.52249,4
332,-253.93211,4
333,-183.12581,4
334,-245.30269,4
335,-229.50517,4
336,-105.525665,4
337,-351.75327,4
338,-225.51115,4
339,-240.92668,4
340,-381.4374,4
341,-173.73964,4
342,-386.47696,4
343,-206.65918,4
344,-287.48465,4
345,-155.53358,4
346,-205.17867,4
347,-175.25652,4
348,-129.96729,4
349,-266.2022,4
350,-342.4758,4
351,-208.75249,4
352,-206.33527,4
353,-135.82861,4
354,-216.18237,4
355,-310.5126,4
356,-290.2928,4
357,-211.59189,4
358,-191.9338,4
359,-164.66725,4
360,-276.27383,4
361,-293.53967,4
362,-236.76788,4
363,-61.309692,4
364,-254.11078,4
365,-257.29633,4
366,-390.05603,4
367,-301.09015,4
368,-161.67929,4
369,-131.1067,4
370,-176.39961,4
371,-215.5588,4
372,-163.99847,4
373,-129.36871,4
374,-333.54953,4
375,-266.37643,4
376,-195.53719,4
377,-227.3452,4
378,-297.6971,4
379,-218.23274,4
380,-315.9621,4
381,-213.87582,4
382,-239.02385,4
383,-180.47003,4
384,-258.1293,4
385,-125.41251,4
386,-284.45438,4
387,-278.80545,4
388,-204.7731,4
389,-286.5993,4
390,-166.43697,4
391,-220.93828,4
392,-227.08588,4
393,-297.10617,4
394,-178.48299,4
395,-252.69014,4
396,-251.21269,4
397,-76.8302,4
398,-211.00664,4
399,-283.42014,4
400,-144.3166,5
401,-147.58063,5
402,-202.09721,5
403,-226.48126,5
404,-202.27985,5
405,-168.698,5
406,-215.33867,5
407,-187.2198,5
408,-233.75636,5
409,-239.95186,5
410,-302.5354,5
411,-180.63501,5
412,-63.80802,5
413,-152.58624,5
414,-310.29898,5
415,-191.2953,5
416,-277.4363,5
417,-268.94183,5
418,-158.24408,5
419,-247.17183,5
420,-341.84247,5
421,-267.61133,5
422,-221.82619,5
423,-286.93063,5
424,-174.32996,5
425,-78.80353,5
426,-211.7606,5
427,-365.86868,5
428,-254.44615,5
429,-241.4116,5
430,-292.57968,5
431,-223.91902,5
432,-260.0344,5
433,-255.43977,5
434,-215.07297,5
435,-329.9277,5
436,-125.59776,5
437,-205.81699,5
438,-213.31502,5
439,-138.77495,5
440,-152.86263,5
441,-307.12943,5
442,-291.7239,5
443,-215.98756,5
444,-110.36007,5
445,-262.8032,5
446,-210.04979,5
447,-237.95775,5
448,-384.86142,5
449,-153.18016,5
450,-134.09033,5
451,-85.8119,5
452,-176.24586,5
453,-211.34709,5
454,-144.02415,5
455,-249.49611,5
456,-215.64311,5
457,-298.21957,5
458,-211.79182,5
459,-262.55887,5
460,-254.43944,5
461,-340.85266,5
462,-228.96828,5
463,-254.8521,5
464,-216.44485,5
465,-133.75514,5
466,-277.13058,5
467,-117.633446,5
468,-209.4584,5
469,-295.53775,5
470,-257.67807,5
471,-185.74315,5
472,-277.313,5
473,-221.21387,5
474,-180.42613,5
475,-246.4134,5
476,-280.48642,5
477,-161.41615,5
478,-167.39342,5
479,-290.21207,5
480,-196.36418,6
481,-176.97401,6
482,-250.83437,6
483,-271.1468,6
484,-145.16762,6
485,-296.6711,6
486,-241.53899,6
487,-360.223,6
488,-406.84845,6
489,-181.98647,6
490,-209.71036,6
491,-191.67584,6
492,-142.00276,6
493,-236.25003,6
494,-216.15782,6
495,-323.57858,6
496,-355.24088,6
497,-228.47423,6
498,-137.52473,6
499,-360.35168,6
500,-244.08214,6
501,-175.99211,6
502,-222.52162,6
503,-211.30179,6
504,-259.2591,6
505,-278.88644,6
506,-262.88254,6
507,-229.6663,6
508,-237.907,6
509,-317.6181,6
510,-281.1229,6
511,-223.12471,6
512,-188.72029,6
513,-262.74252,6
514,-195.03645,6
515,-186.82265,6
516,-294.61923,6
517,-174.12134,6
518,-202.0895,6
519,-178.77809,6
520,-374.25107,6
521,-248.92911,6
522,-232.47644,6
523,-263.87616,6
524,-199.8065,6
525,-202.83148,6
526,-191.1068,6
527,-240.90921,6
528,-272.32196,6
529,-232.9669,6
530,-168.81845,6
531,-246.2045,6
532,-352.86642,6
533,-182.90326,6
534,-281.04352,6
535,-299.3734,6
536,-249.15178,6
537,-307.64536,6
538,-217.3743,6
539,-243.23143,6
540,-148.21867,6
541,-163.03813,6
542,-162.9135,6
543,-270.17188,6
544,-196.4676,6
545,-197.5624,6
546,-261.88525,6
547,-166.40236,6
548,-262.209,6
549,-234.26251,6
550,-183.45045,6
551,-209.32097,6
552,-127.34056,6
553,-263.3138,6
554,-291.7537,6
555,-252.49461,6
556,-337.11536,6
557,-220.9178,6
558,-127.14617,6
559,-214.78635,6
560,-249.28313,7
561,-99.60035,7
562,-130.41696,7
563,-263.22525,7
564,-315.13187,7
565,-239.23163,7
566,-241.5432,7
567,-231.53656,7
568,-240.63231,7
569,-273.05466,7
570,-244.86818,7
571,-221.54614,7
572,-214.69398,7
573,-284.85178,7
574,-203.6646,7
575,-179.25537,7
576,-174.52504,7
577,-178.98898,7
578,-158.12062,7
579,-186.80489,7
580,-139.12451,7
581,-164.73051,7
582,-203.29979,7
583,-233.91728,7
584,-187.58067,7
585,-231.98921,7
586,-237.03842,7
587,-291.30228,7
588,-183.43138,7
589,-259.75082,7
590,-288.53513,7
591,-113.30258,7
592,-216.02708,7
593,-304.82913,7
594,-183.23732,7
595,-292.91608,7
596,-187.56795,7
597,-424.70493,7
598,-231.14024,7
599,-306.95804,7
600,-288.03445,7
601,-178.21083,7
602,-183.05853,7
603,-181.75471,7
604,-131.53363,7
605,-201.01048,7
606,-190.35574,7
607,-255.62422,7
608,-212.96614,7
609,-139.3838,7
610,-268.41202,7
611,-180.09154,7
612,-217.08542,7
613,-238.94365,7
614,-204.89796,7
615,-144.26059,7
616,-229.32379,7
617,-210.55669,7
618,-134.52837,7
619,-310.899,7
620,-280.98172,7
621,-194.15074,7
622,-261.75922,7
623,-168.67944,7
624,-39.450047,7
625,-280.07614,7
626,-188.14287,7
627,-187.88545,7
628,-153.51917,7
629,-267.28513,7
630,-299.0619,7
631,-83.93011,7
632,-148.11745,7
633,-86.81388,7
634,-212.70522,7
635,-268.20615,7
636,-208.93355,7
637,-249.71141,7
638,-206.4029,7
639,-209.64723,7
640,-412.88028,8
641,-218.83156,8
642,-205.5943,8
643,-167.83934,8
644,-365.49454,8
645,-145.77786,8
646,-269.67886,8
647,-179.77823,8
648,-235.32556,8
649,-259.54938,8
650,-306.39294,8
651,-220.2787,8
652,-389.82895,8
653,-456.88492,8
654,-337.59927,8
655,-213.91806,8
656,-221.78351,8
657,-239.65428,8
658,-221.97711,8
659,-428.6755,8
660,-343.85977,8
661,-254.52591,8
662,-254.74236,8
663,-303.00153,8
664,-479.41287,8
665,-183.785,8
666,-367.45352,8
667,-135.60529,8
668,-249.41988,8
669,-428.2654,8
670,-283.95572,8
671,-187.21353,8
672,-299.3067,8
673,-312.1849,8
674,-244.8048,8
675,-243.8661,8
676,-169.22963,8
677,-233.61801,8
678,-173.40721,8
679,-315.15158,8
680,-272.6381,8
681,-244.00732,8
682,-322.18878,8
683,-281.19626,8
684,-250.99495,8
685,-297.98346,8
686,-268.8498,8
687,-379.1009,8
688,-247.97307,8
689,-188.17973,8
690,-258.32886,8
691,-329.74063,8
692,-297.74585,8
693,-423.48718,8
694,-223.86424,8
695,-196.63257,8
696,-380.9031,8
697,-171.48125,8
698,-156.02806,8
699,-239.62746,8
700,-347.01175,8
701,-221.77544,8
702,-236.29343,8
703,-148.54146,8
704,-339.10422,8
705,-266.377,8
706,-329.20914,8
707,-201.3802,8
708,-204.72786,8
709,-283.31943,8
710,-171.9254,8
711,-165.69214,8
712,-221.56064,8
713,-242.27794,8
714,-202.82762,8
715,-263.85446,8
716,-277.00998,8
717,-237.23015,8
718,-233.60315,8
719,-133.17879,8
720,-249.31065,9
721,-367.51126,9
722,-214.22038,9
723,-406.03992,9
724,-264.5145,9
725,-230.81212,9
726,-254.27858,9
727,-243.4389,9
728,-246.40489,9
729,-213.28056,9
730,-265.44553,9
731,-164.83278,9
732,-276.53726,9
733,-293.7366,9
734,-213.82428,9
735,-164.4717,9
736,-257.7034,9
737,-335.0899,9
738,-337.61417,9
739,-284.12604,9
740,-243.63364,9
741,-316.4673,9
742,-184.22821,9
743,-344.1666,9
744,-206.03587,9
745,-271.01804,9
746,-202.96962,9
747,-289.608,9
748,-105.85562,9
749,-215.86824,9
750,-257.06924,9
751,-258.74802,9
752,-397.56247,9
753,-234.12056,9
754,-339.97272,9
755,-232.70741,9
756,-242.84837,9
757,-213.08537,9
758,-356.68494,9
759,-141.29558,9
760,-216.40578,9
761,-351.84482,9
762,-262.30795,9
763,-197.0021,9
764,-314.1255,9
765,-249.9218,9
766,-258.15176,9
767,-271.28616,9
768,-169.42897,9
769,-167.34517,9
770,-271.77472,9
771,-206.52702,9
772,-303.42447,9
773,-187.03978,9
774,-242.14288,9
775,-246.03333,9
776,-318.2483,9
777,-205.22363,9
778,-205.59413,9
779,-234.34062,9
780,-296.27155,9
781,-221.21724,9
782,-165.60924,9
783,-242.60677,9
784,-264.49792,9
785,-340.5905,9
786,-178.85811,9
787,-184.63965,9
788,-217.95332,9
789,-293.67743,9
790,-320.165,9
791,-227.6675,9
792,-345.59323,9
793,-277.95627,9
794,-277.62448,9
795,-291.97516,9
796,-270.83505,9
797,-210.2678,9
798,-327.7352,9
799,-82.958084,9
