Image,Value,Label
0,-61.30301,0
1,106.09582,0
2,58.661175,0
3,163.02533,0
4,177.30452,0
5,175.43456,0
6,172.0942,0
7,93.2873,0
8,8.044345,0
9,89.477806,0
10,114.5004,0
11,159.6218,0
12,8.665069,0
13,3.7552018,0
14,22.255697,0
15,120.73089,0
16,186.68573,0
17,93.14428,0
18,53.815388,0
19,148.45663,0
20,190.09409,0
21,156.62976,0
22,143.59973,0
23,147.85596,0
24,32.61733,0
25,156.8905,0
26,7.5752177,0
27,152.95018,0
28,156.85577,0
29,-7.341429,0
30,160.0138,0
31,242.70569,0
32,-6.809321,0
33,175.5195,0
34,90.64739,0
35,26.732893,0
36,12.092435,0
37,52.68505,0
38,133.46542,0
39,195.52739,0
40,57.03187,0
41,165.2134,0
42,145.47302,0
43,137.21426,0
44,225.3782,0
45,199.19858,0
46,189.51561,0
47,81.18845,0
48,139.19089,0
49,138.35182,0
50,66.22288,0
51,154.65814,0
52,57.018215,0
53,203.73247,0
54,56.079758,0
55,56.692688,0
56,131.62996,0
57,11.575706,0
58,113.14469,0
59,147.46707,0
60,77.593834,0
61,-3.7635627,0
62,72.50589,0
63,188.64474,0
64,171.62839,0
65,205.64777,0
66,-31.052553,0
67,68.57314,0
68,110.33006,0
69,74.39562,0
70,105.58338,0
71,159.04326,0
72,30.791073,0
73,140.33737,0
74,109.173965,0
75,-37.59428,0
76,177.18864,0
77,48.57076,0
78,-76.98689,0
79,17.768835,0
80,-35.093296,1
81,-54.59264,1
82,-95.02334,1
83,-76.538315,1
84,-75.52112,1
85,-26.910757,1
86,-43.03551,1
87,-84.40069,1
88,-116.7676,1
89,-27.595736,1
90,-23.605307,1
91,-42.408005,1
92,-34.541332,1
93,-53.088337,1
94,67.42294,1
95,-16.183716,1
96,-130.39958,1
97,-37.172123,1
98,-37.887806,1
99,-130.98291,1
100,-120.58601,1
101,-18.194693,1
102,-47.134823,1
103,-42.822792,1
104,-26.030561,1
105,-150.08624,1
106,18.096174,1
107,-77.44691,1
108,-54.469334,1
109,-7.037581,1
110,3.0097175,1
111,-137.1686,1
112,-57.300983,1
113,-44.9484,1
114,-46.560905,1
115,7.4404693,1
116,-161.47475,1
117,-33.920006,1
118,-65.515465,1
119,-39.23273,1
120,-15.93574,1
121,-77.25642,1
122,-18.728737,1
123,-28.28151,1
124,-20.719099,1
125,-21.287027,1
126,-120.036705,1
127,22.801966,1
128,-24.953485,1
129,-53.01913,1
130,-91.43532,1
131,-72.61811,1
132,-102.82938,1
133,-54.641144,1
134,-3.2765508,1
135,22.359156,1
136,-44.844536,1
137,-22.307003,1
138,-19.73733,1
139,-100.09457,1
140,-62.888065,1
141,-18.885502,1
142,-6.51166,1
143,-15.770247,1
144,20.95948,1
145,-73.99424,1
146,-37.446472,1
147,-11.471965,1
148,-143.1557,1
149,-40.410053,1
150,-29.9397,1
151,4.045879,1
152,-220.59616,1
153,-32.004196,1
154,-171.22223,1
155,-28.711096,1
156,-21.922537,1
157,-22.383661,1
158,-49.126965,1
159,-130.50854,1
160,-153.64598,2
161,-43.498543,2
162,-95.06014,2
163,-26.42795,2
164,-287.3855,2
165,-86.87473,2
166,-190.1607,2
167,-426.13474,2
168,-68.114525,2
169,-2.8499413,2
170,-64.91367,2
171,-239.65022,2
172,-229.21942,2
173,-100.81669,2
174,-163.5001,2
175,-202.60352,2
176,-7.32004,2
177,-98.75707,2
178,-58.951694,2
179,-235.32863,2
180,-10.932269,2
181,-101.015175,2
182,-64.50803,2
183,-109.45901,2
184,-284.20053,2
185,-383.82727,2
186,42.599426,2
187,-117.162025,2
188,-105.855385,2
189,-18.650848,2
190,-122.94045,2
191,-19.659235,2
192,-247.68231,2
193,-374.04984,2
194,-0.7055803,2
195,-99.68686,2
196,-170.33153,2
197,-354.95084,2
198,-88.088066,2
199,-196.76308,2
200,-42.408424,2
201,-216.89215,2
202,-36.086872,2
203,-37.226215,2
204,-78.247444,2
205,-8.266318,2
206,-83.691185,2
207,-402.87784,2
208,-168.67273,2
209,-34.667194,2
210,-52.906525,2
211,-198.8612,2
212,-467.25656,2
213,-254.36667,2
214,-189.21362,2
215,-7.9436345,2
216,-397.25748,2
217,-136.3887,2
218,-339.77228,2
219,-227.44772,2
220,-223.98386,2
221,-97.76037,2
222,-269.0206,2
223,-125.42841,2
224,-36.637493,2
225,-213.95729,2
226,-297.34268,2
227,-54.437664,2
228,-195.73032,2
229,13.613788,2
230,-132.03697,2
231,35.907883,2
232,-38.44189,2
233,-329.40884,2
234,-267.25745,2
235,-127.49819,2
236,-99.596306,2
237,-424.72992,2
238,-9.497645,2
239,-27.663338,2
240,-219.41422,3
241,-242.3129,3
242,-28.9,3
243,-86.690414,3
244,-186.2185,3
245,-178.18507,3
246,-138.58603,3
247,-143.36617,3
248,-152.8625,3
249,-116.42368,3
250,-106.246895,3
251,-97.56281,3
252,-269.06207,3
253,14.393571,3
254,-224.7351,3
255,-143.67757,3
256,-82.56537,3
257,-100.05387,3
258,-168.53816,3
259,-174.44337,3
260,-197.11064,3
261,-22.873064,3
262,-52.700665,3
263,-212.58429,3
264,-62.492535,3
265,-181.91426,3
266,-30.576124,3
267,-81.10548,3
268,-116.22278,3
269,-180.108,3
270,-76.12171,3
271,-217.32698,3
272,2.3844733,3
273,-58.799606,3
274,-254.57468,3
275,-65.45618,3
276,-166.08948,3
277,-161.21378,3
278,-132.43935,3
279,-3.3137841,3
280,-29.266108,3
281,-306.1314,3
282,-326.71793,3
283,-66.195274,3
284,-97.930046,3
285,-114.75574,3
286,-84.873085,3
287,-52.425034,3
288,-246.9231,3
289,-250.67139,3
290,-122.08368,3
291,20.055029,3
292,-0.33173233,3
293,-148.53001,3
294,-87.68621,3
295,-123.67845,3
296,-265.10452,3
297,-148.49596,3
298,-40.24607,3
299,-236.57,3
300,-253.66284,3
301,-78.20518,3
302,-47.639,3
303,-60.336693,3
304,-35.5199,3
305,-53.838146,3
306,-164.60849,3
307,-60.82491,3
308,-44.53903,3
309,-267.7839,3
310,-375.05765,3
311,-92.271866,3
312,-72.70377,3
313,-17.149008,3
314,-70.07838,3
315,-38.63181,3
316,-52.72482,3
317,-130.80731,3
318,-25.63039,3
319,-31.048058,3
320,11.025079,4
321,-127.06901,4
322,-97.81736,4
323,-136.43204,4
324,-37.20078,4
325,-32.039078,4
326,-112.03874,4
327,-46.61629,4
328,19.750467,4
329,-34.131897,4
330,-96.37769,4
331,-89.78358,4
332,-89.21429,4
333,29.280771,4
334,-70.58919,4
335,-114.182816,4
336,-68.40623,4
337,-186.31566,4
338,-129.03334,4
339,-83.56295,4
340,-152.90634,4
341,-21.047558,4
342,-97.66569,4
343,-95.53023,4
344,-76.01665,4
345,-35.065674,4
346,-65.65678,4
347,-86.305305,4
348,-44.559555,4
349,-100.825195,4
350,-49.871082,4
351,-133.18993,4
352,-132.3753,4
353,-44.761055,4
354,-72.08695,4
355,-107.24661,4
356,-0.31219918,4
357,-2.4207273,4
358,-15.143708,4
359,-21.308699,4
360,-154.74802,4
361,-9.755073,4
362,-44.07526,4
363,-16.471876,4
364,-155.45897,4
365,-49.536915,4
366,-145.02142,4
367,-65.48295,4
368,-68.26946,4
369,-5.1898675,4
370,-75.18909,4
371,-43.617336,4
372,-120.89767,4
373,-30.225317,4
374,-57.509888,4
375,-37.233883,4
376,-34.317497,4
377,-10.041419,4
378,-156.1286,4
379,-71.41415,4
380,-130.75336,4
381,-80.7345,4
382,30.239687,4
383,-63.974773,4
384,-37.17248,4
385,-16.404673,4
386,-74.342964,4
387,-54.486465,4
388,-30.211233,4
389,22.26122,4
390,-16.315565,4
391,-105.20841,4
392,-71.386215,4
393,-81.27946,4
394,9.28655,4
395,-96.11028,4
396,-19.545973,4
397,19.584,4
398,-49.662914,4
399,-46.56756,4
400,-101.103455,5
401,23.661589,5
402,-32.66847,5
403,-83.43241,5
404,-26.595804,5
405,-136.25508,5
406,-52.813168,5
407,-142.79869,5
408,-99.93878,5
409,-86.58586,5
410,-243.24158,5
411,-61.02475,5
412,18.867998,5
413,-21.960295,5
414,-240.0625,5
415,-6.512507,5
416,-86.06734,5
417,75.245,5
418,-29.329866,5
419,-154.73233,5
420,-169.63734,5
421,-293.45966,5
422,28.019804,5
423,-123.99905,5
424,-126.44247,5
425,115.28141,5
426,1.4699682,5
427,-173.27461,5
428,-31.589708,5
429,-75.97538,5
430,-80.01182,5
431,-80.36713,5
432,-266.5142,5
433,-233.05038,5
434,-57.261707,5
435,-308.01596,5
436,48.35164,5
437,-29.352144,5
438,3.5265403,5
439,-24.531467,5
440,0.45909637,5
441,-56.512447,5
442,-142.15378,5
443,-77.48971,5
444,58.407772,5
445,-219.7055,5
446,-46.98737,5
447,-100.185555,5
448,-186.15813,5
449,19.413446,5
450,-35.280872,5
451,-151.42015,5
452,-76.89325,5
453,-101.52027,5
454,-95.55341,5
455,-72.8601,5
456,-211.19022,5
457,-74.69828,5
458,-43.887676,5
459,-99.46175,5
460,-62.795654,5
461,-33.055466,5
462,-65.17897,5
463,-256.35284,5
464,-44.72376,5
465,10.043254,5
466,-116.807274,5
467,49.85334,5
468,-106.17787,5
469,-90.68414,5
470,-67.917336,5
471,-105.33192,5
472,-146.98055,5
473,-187.21371,5
474,-42.45206,5
475,-87.21531,5
476,-122.612,5
477,-151.25159,5
478,-40.27278,5
479,-214.28165,5
480,-106.558784,6
481,-137.35117,6
482,-98.09156,6
483,-265.32986,6
484,-78.48383,6
485,-309.36588,6
486,-6.4030843,6
487,-134.85718,6
488,-214.42352,6
489,-135.93282,6
490,-137.32637,6
491,-135.81555,6
492,-13.870437,6
493,-112.616905,6
494,-114.24807,6
495,-71.521065,6
496,-203.3059,6
497,-140.03242,6
498,-90.334335,6
499,-211.1958,6
500,-79.485344,6
501,-175.9009,6
502,-78.66648,6
503,-175.70407,6
504,-161.33682,6
505,-54.446613,6
506,-182.64325,6
507,-166.889,6
508,-198.19928,6
509,-143.77126,6
510,-151.81259,6
511,-119.84411,6
512,-11.023128,6
513,-141.92546,6
514,-227.92293,6
515,-113.67681,6
516,-182.96774,6
517,-184.52075,6
518,-209.34537,6
519,-36.51233,6
520,-283.10495,6
521,-206.85773,6
522,-266.60587,6
523,24.895334,6
524,-148.87613,6
525,-92.41445,6
526,-230.99792,6
527,-186.71411,6
528,-264.12692,6
529,-152.79887,6
530,-78.12203,6
531,-211.36,6
532,-241.53065,6
533,-138.07072,6
534,-104.15652,6
535,-228.64246,6
536,-123.50897,6
537,-29.310175,6
538,-63.97311,6
539,-110.85009,6
540,-139.17517,6
541,-89.09695,6
542,-11.400836,6
543,-208.53831,6
544,-155.40799,6
545,-216.85391,6
546,-254.20178,6
547,-196.77988,6
548,-59.92192,6
549,-170.24254,6
550,-91.919525,6
551,-28.924252,6
552,-14.008235,6
553,-246.51971,6
554,-54.654354,6
555,-142.89597,6
556,-273.9832,6
557,-27.50408,6
558,-60.10143,6
559,-113.42985,6
560,-92.29868,7
561,-79.11875,7
562,-101.8023,7
563,88.83385,7
564,25.570272,7
565,-39.027386,7
566,115.40801,7
567,-9.8877325,7
568,22.558027,7
569,-262.5806,7
570,-8.122424,7
571,-150.23665,7
572,-53.869843,7
573,23.670265,7
574,-119.20227,7
575,7.6441226,7
576,15.169328,7
577,-55.91048,7
578,-48.740387,7
579,-13.249464,7
580,-85.97556,7
581,-59.748753,7
582,11.756968,7
583,-131.89693,7
584,-43.38351,7
585,-101.726944,7
586,68.432785,7
587,-96.6546,7
588,-12.795496,7
589,1.8759779,7
590,53.4027,7
591,8.957178,7
592,-34.57381,7
593,-123.463974,7
594,-0.8153787,7
595,-164.12828,7
596,199.28824,7
597,-227.73967,7
598,20.10745,7
599,1.4374441,7
600,164.78073,7
601,-73.007675,7
602,21.45825,7
603,-57.168602,7
604,-66.09438,7
605,37.976906,7
606,-117.813156,7
607,64.71491,7
608,9.359648,7
609,-78.44189,7
610,-106.18268,7
611,36.14313,7
612,-92.12949,7
613,-15.668292,7
614,-28.055223,7
615,-14.913622,7
616,15.484735,7
617,-43.031055,7
618,-122.66555,7
619,-72.56922,7
620,-239.4491,7
621,-62.761536,7
622,-63.748768,7
623,-93.826904,7
624,-52.09788,7
625,-14.805409,7
626,-103.66508,7
627,14.956685,7
628,-101.46754,7
629,-39.566006,7
630,-36.199444,7
631,-47.182655,7
632,-10.659251,7
633,25.897367,7
634,-24.564615,7
635,-38.242695,7
636,15.207536,7
637,-6.8545747,7
638,-24.57443,7
639,-116.20461,7
640,-194.75732,8
641,-112.3745,8
642,-220.9357,8
643,-78.5212,8
644,-97.91666,8
645,-82.75553,8
646,-34.284336,8
647,-19.445005,8
648,-207.9843,8
649,-187.6574,8
650,-80.21815,8
651,-194.14427,8
652,-171.54666,8
653,-267.75528,8
654,-186.2551,8
655,-181.03723,8
656,-144.6429,8
657,-240.02612,8
658,-154.8949,8
659,-243.73111,8
660,-67.63648,8
661,-159.1573,8
662,-57.330925,8
663,-181.56683,8
664,-478.7068,8
665,-204.35315,8
666,-249.43362,8
667,-79.676476,8
668,-198.8674,8
669,-175.586,8
670,-119.926605,8
671,-143.12549,8
672,-229.78818,8
673,-86.47829,8
674,-90.04296,8
675,-117.54834,8
676,-118.26381,8
677,-66.58074,8
678,-94.95607,8
679,-115.172264,8
680,-133.35376,8
681,-270.63815,8
682,-171.03406,8
683,-164.99615,8
684,-9.100055,8
685,-204.77286,8
686,-144.99036,8
687,-183.56912,8
688,-37.903557,8
689,-121.16834,8
690,-18.284037,8
691,-173.44156,8
692,-110.96623,8
693,-172.33969,8
694,-73.92155,8
695,-139.04724,8
696,-240.14816,8
697,-87.74954,8
698,-2.3251195,8
699,39.663662,8
700,-140.47418,8
701,-32.465,8
702,-246.76178,8
703,-63.992107,8
704,-211.67989,8
705,-104.532524,8
706,-214.60326,8
707,41.11942,8
708,-53.861984,8
709,-107.38525,8
710,-182.13675,8
711,-93.206184,8
712,3.5409923,8
713,-332.10306,8
714,-27.03768,8
715,-187.38579,8
716,-149.49901,8
717,-227.37187,8
718,-194.6124,8
719,-82.48077,8
720,-47.91119,9
721,-184.11969,9
722,-17.903236,9
723,-308.81744,9
724,-25.790491,9
725,-32.708042,9
726,-149.04913,9
727,-61.432568,9
728,-55.456177,9
729,-41.918144,9
730,-87.47355,9
731,-25.43798,9
732,-59.836136,9
733,-87.16076,9
734,-7.2990174,9
735,-46.00091,9
736,-54.122616,9
737,-55.423088,9
738,-6.0343575,9
739,-128.31209,9
740,-39.013634,9
741,-119.93415,9
742,-110.719826,9
743,-48.64081,9
744,-125.57743,9
745,-160.26389,9
746,21.129978,9
747,-65.4517,9
748,-66.071014,9
749,-62.979774,9
750,-144.0622,9
751,-87.40072,9
752,-311.81076,9
753,-50.000557,9
754,-45.638485,9
755,-84.71034,9
756,-80.0693,9
757,-152.14612,9
758,-80.88673,9
759,-62.650978,9
760,-127.45223,9
761,-151.52603,9
762,-157.14029,9
763,4.474668,9
764,-123.36849,9
765,-179.44933,9
766,-141.96701,9
767,21.421118,9
768,-2.4247632,9
769,-125.64939,9
770,23.18896,9
771,10.6565,9
772,9.995633,9
773,-19.232279,9
774,-22.164045,9
775,-111.057945,9
776,-67.260506,9
777,31.13906,9
778,-120.98164,9
779,-151.34888,9
780,178.24207,9
781,-83.19837,9
782,-49.627434,9
783,-138.38539,9
784,-97.927475,9
785,-180.09541,9
786,-111.326225,9
787,-43.860405,9
788,-19.137037,9
789,-96.38714,9
790,-55.36647,9
791,-73.027824,9
792,-139.22191,9
793,-218.54752,9
794,-41.580982,9
795,-25.720255,9
796,-72.49985,9
797,-61.326206,9
798,-34.857586,9
799,-59.008804,9
