Image,Value,Label
0,-371.8076,0
1,-224.27419,0
2,-155.60173,0
3,-288.72763,0
4,-217.67557,0
5,-180.00124,0
6,-175.40836,0
7,-345.03226,0
8,-325.76025,0
9,-259.64026,0
10,-89.56481,0
11,-206.79668,0
12,-440.23672,0
13,-364.25674,0
14,-339.0533,0
15,-257.06186,0
16,-54.18057,0
17,-263.09192,0
18,-294.9537,0
19,-277.74472,0
20,-339.26648,0
21,-109.89051,0
22,-412.2477,0
23,-143.72128,0
24,-454.43686,0
25,-212.45657,0
26,-324.27872,0
27,-269.49667,0
28,-254.43977,0
29,-211.12029,0
30,-54.530186,0
31,0.21311578,0
32,-288.8567,0
33,-8.561244,0
34,-228.69087,0
35,-71.01945,0
36,-284.4166,0
37,-47.55767,0
38,-107.37455,0
39,50.455124,0
40,-385.14792,0
41,-277.15128,0
42,-264.47083,0
43,-135.99112,0
44,-191.48148,0
45,-378.95062,0
46,-152.78944,0
47,-289.48154,0
48,-164.78311,0
49,-256.95535,0
50,-11.473609,0
51,-173.49582,0
52,-177.93304,0
53,3.905488,0
54,-155.85808,0
55,-221.94377,0
56,-222.85268,0
57,-272.58646,0
58,-220.62836,0
59,-2.23701,0
60,-297.58286,0
61,-352.17273,0
62,-273.18338,0
63,-253.51526,0
64,-188.2285,0
65,-398.079,0
66,-250.29808,0
67,-318.81647,0
68,-197.53383,0
69,-161.65831,0
70,-270.7527,0
71,-6.6015596,0
72,-382.1004,0
73,-181.11897,0
74,-368.48285,0
75,-317.67343,0
76,12.693578,0
77,-154.1979,0
78,-394.1185,0
79,-243.46461,0
80,-96.34764,1
81,-48.78239,1
82,-52.920418,1
83,-58.03917,1
84,-74.02519,1
85,-45.915424,1
86,-81.74663,1
87,-106.47512,1
88,-93.31302,1
89,-17.770847,1
90,-80.45449,1
91,-69.43181,1
92,-82.6274,1
93,-118.87696,1
94,-159.28647,1
95,-56.41691,1
96,-69.768616,1
97,-94.78524,1
98,-79.4546,1
99,-107.768684,1
100,-89.55145,1
101,-30.135202,1
102,-85.513824,1
103,-50.471752,1
104,-109.54472,1
105,-79.12128,1
106,-32.73081,1
107,-46.05825,1
108,-90.117195,1
109,-76.46929,1
110,-72.49132,1
111,-122.80532,1
112,-68.459785,1
113,-118.283936,1
114,-28.995588,1
115,-45.82769,1
116,-49.22825,1
117,-50.89701,1
118,-105.04228,1
119,-92.00264,1
120,-68.486694,1
121,-74.81113,1
122,-64.06836,1
123,-68.30548,1
124,-71.53272,1
125,-44.857506,1
126,-25.715853,1
127,-64.549484,1
128,-45.64079,1
129,-25.325068,1
130,-57.470665,1
131,-102.45589,1
132,-12.674743,1
133,-54.593716,1
134,-18.992765,1
135,-64.42842,1
136,-114.34724,1
137,-91.47141,1
138,-25.511206,1
139,-121.2746,1
140,-81.26856,1
141,-87.03972,1
142,-81.299644,1
143,-42.526283,1
144,-17.510939,1
145,-108.233795,1
146,-102.33686,1
147,-66.742714,1
148,-53.08549,1
149,-78.49968,1
150,-79.1846,1
151,-107.166405,1
152,-98.93368,1
153,-105.43174,1
154,-66.173706,1
155,-69.59537,1
156,-58.156837,1
157,-63.25477,1
158,-85.64783,1
159,-123.44652,1
160,-104.4201,2
161,-343.1933,2
162,-81.902725,2
163,-40.06997,2
164,-260.9846,2
165,-115.35877,2
166,-254.57927,2
167,-318.5931,2
168,-379.0987,2
169,-194.06871,2
170,-86.63876,2
171,-359.33212,2
172,-221.7983,2
173,-196.00822,2
174,-262.8704,2
175,-264.9806,2
176,-330.36423,2
177,-293.56497,2
178,-280.95654,2
179,-205.89008,2
180,-59.3662,2
181,-234.77878,2
182,-335.51205,2
183,-188.96648,2
184,-257.24872,2
185,-43.85594,2
186,78.985634,2
187,-179.56847,2
188,-175.76143,2
189,-149.68999,2
190,-201.25172,2
191,-107.89337,2
192,-8.000434,2
193,-144.80681,2
194,-259.92032,2
195,-159.31595,2
196,-257.00293,2
197,-134.74577,2
198,-276.5549,2
199,-333.85928,2
200,-204.04909,2
201,-228.64558,2
202,-198.48918,2
203,-272.96017,2
204,-177.31056,2
205,-146.07631,2
206,-161.48276,2
207,-305.47617,2
208,-356.97873,2
209,-318.57227,2
210,-206.30797,2
211,-353.29047,2
212,10.150426,2
213,-73.19357,2
214,-138.26,2
215,-142.5504,2
216,-130.19304,2
217,-99.464096,2
218,-311.95908,2
219,0.5871898,2
220,-158.82875,2
221,-296.07632,2
222,-115.06152,2
223,-214.82578,2
224,-123.19445,2
225,-2.8199606,2
226,-182.50703,2
227,-72.62435,2
228,-162.01263,2
229,-179.20221,2
230,-152.21843,2
231,-22.162897,2
232,-161.91402,2
233,-201.74968,2
234,-204.82387,2
235,-210.23083,2
236,-137.82227,2
237,-283.2167,2
238,19.056404,2
239,-265.275,2
240,-74.958694,3
241,6.798752,3
242,-45.960373,3
243,-100.042404,3
244,-53.384438,3
245,-38.74966,3
246,-59.822678,3
247,-331.22293,3
248,-155.25548,3
249,-84.05504,3
250,-135.01073,3
251,-165.22704,3
252,-28.418875,3
253,-85.99207,3
254,-153.40715,3
255,-61.160892,3
256,-96.110146,3
257,-202.4062,3
258,-180.59299,3
259,-77.1622,3
260,-80.822754,3
261,-36.32566,3
262,-206.16205,3
263,-33.371956,3
264,-118.92633,3
265,-72.55713,3
266,-72.21392,3
267,-42.731777,3
268,-341.25314,3
269,-213.15044,3
270,-142.51662,3
271,-164.80876,3
272,-97.46983,3
273,90.731094,3
274,-96.45363,3
275,12.160989,3
276,-215.62415,3
277,-155.45009,3
278,-144.15607,3
279,132.17596,3
280,-171.68227,3
281,-206.15108,3
282,-94.30405,3
283,-44.94199,3
284,-190.37599,3
285,-227.62976,3
286,-299.9176,3
287,-50.433834,3
288,-31.675665,3
289,-34.755013,3
290,-9.832374,3
291,-19.43949,3
292,-72.44988,3
293,-65.96382,3
294,-33.880337,3
295,-77.23847,3
296,-22.24591,3
297,-204.27397,3
298,-131.593,3
299,-251.75658,3
300,-260.3033,3
301,-113.51334,3
302,-28.343714,3
303,44.2339,3
304,-190.0907,3
305,-39.399956,3
306,-26.959848,3
307,-30.644377,3
308,-65.968445,3
309,-42.25721,3
310,60.823807,3
311,-117.17737,3
312,-70.928795,3
313,-91.0013,3
314,-181.9595,3
315,-74.156265,3
316,51.11463,3
317,-273.0353,3
318,-107.31228,3
319,-313.05316,3
320,-222.02347,4
321,-87.69683,4
322,-63.65867,4
323,-48.875023,4
324,-53.998997,4
325,-123.042305,4
326,-118.44946,4
327,32.23899,4
328,-72.045166,4
329,-63.399815,4
330,-29.380695,4
331,-128.41788,4
332,-44.36772,4
333,-3.0160532,4
334,0.95331204,4
335,-36.576656,4
336,-91.35265,4
337,-76.67145,4
338,94.44012,4
339,-67.93675,4
340,-44.7115,4
341,-77.57359,4
342,-45.306896,4
343,-174.31224,4
344,-5.6639643,4
345,16.003338,4
346,-61.556675,4
347,-108.804214,4
348,-95.560555,4
349,-94.957794,4
350,-65.61104,4
351,-294.02023,4
352,-167.04097,4
353,-23.550632,4
354,-169.55559,4
355,-95.7116,4
356,-221.72098,4
357,-70.98139,4
358,-78.76731,4
359,-10.406304,4
360,-32.465816,4
361,-53.05766,4
362,-99.29854,4
363,-57.750378,4
364,-37.020325,4
365,-135.56396,4
366,-112.910164,4
367,-29.952517,4
368,129.13377,4
369,-13.568339,4
370,-106.73121,4
371,-69.565834,4
372,-26.81182,4
373,-34.15367,4
374,3.556491,4
375,-54.302948,4
376,-137.41716,4
377,-34.874912,4
378,-79.3315,4
379,-145.23787,4
380,-163.75609,4
381,-63.56479,4
382,32.491486,4
383,-35.200916,4
384,-262.68146,4
385,-67.12548,4
386,-0.909623,4
387,-1.3650311,4
388,-151.71135,4
389,4.1180334,4
390,-198.03604,4
391,-54.423645,4
392,-18.759365,4
393,-30.491068,4
394,-107.076935,4
395,-66.907524,4
396,-153.26097,4
397,-17.686556,4
398,-83.47634,4
399,-245.0316,4
400,-351.28568,5
401,-81.6684,5
402,246.35103,5
403,160.2462,5
404,105.72786,5
405,-365.18457,5
406,229.79625,5
407,-363.2014,5
408,171.28792,5
409,-16.868597,5
410,-152.86992,5
411,-7.172717,5
412,102.932556,5
413,-60.05715,5
414,-80.76767,5
415,148.36388,5
416,-335.78006,5
417,-341.76303,5
418,306.16696,5
419,-49.444954,5
420,90.893524,5
421,-251.93431,5
422,346.92404,5
423,172.5536,5
424,129.6198,5
425,165.34413,5
426,162.83759,5
427,66.05854,5
428,-73.22212,5
429,-38.194096,5
430,-35.588005,5
431,-43.623394,5
432,-207.17274,5
433,-93.11331,5
434,-73.741,5
435,15.605996,5
436,255.40819,5
437,157.88087,5
438,241.81422,5
439,215.75688,5
440,220.52177,5
441,34.0791,5
442,-4.0560093,5
443,-44.851204,5
444,70.03635,5
445,-48.020844,5
446,207.03514,5
447,-386.80316,5
448,270.4287,5
449,252.92397,5
450,200.13078,5
451,-43.152008,5
452,217.71388,5
453,-72.17677,5
454,-71.94756,5
455,208.5472,5
456,-260.80246,5
457,-204.67508,5
458,22.441896,5
459,289.0929,5
460,46.69253,5
461,-104.656555,5
462,-413.2332,5
463,-128.98026,5
464,197.89601,5
465,45.38013,5
466,209.04463,5
467,224.60616,5
468,-112.39795,5
469,-2.6034899,5
470,72.53695,5
471,-338.31613,5
472,-221.06609,5
473,167.80106,5
474,-74.836395,5
475,242.00941,5
476,-170.56514,5
477,-128.07545,5
478,307.7967,5
479,-98.17158,5
480,-39.42936,6
481,-212.28847,6
482,-46.133904,6
483,-137.84846,6
484,16.230412,6
485,-7.387,6
486,-32.591644,6
487,-92.434494,6
488,-309.63385,6
489,-343.11575,6
490,-152.66862,6
491,15.25667,6
492,-257.18607,6
493,-10.446952,6
494,-246.10783,6
495,-227.1717,6
496,-186.89568,6
497,-163.13463,6
498,-11.402169,6
499,-578.41754,6
500,-46.172783,6
501,-216.31139,6
502,10.86835,6
503,-257.82437,6
504,-21.734634,6
505,-44.82208,6
506,-404.80432,6
507,-258.30048,6
508,-263.3845,6
509,-262.60104,6
510,-188.15105,6
511,-168.25732,6
512,-121.44987,6
513,-83.87729,6
514,-39.02425,6
515,-72.1393,6
516,-42.25557,6
517,-58.55857,6
518,-5.67935,6
519,-4.1382732,6
520,-210.86923,6
521,-66.49336,6
522,-170.47017,6
523,-254.67278,6
524,-427.42844,6
525,-66.64299,6
526,-122.06854,6
527,-109.8367,6
528,-267.17752,6
529,-8.380031,6
530,-163.30089,6
531,-252.95824,6
532,-380.1688,6
533,-27.162424,6
534,-391.06924,6
535,-93.39269,6
536,-265.20947,6
537,-198.76747,6
538,-4.5484056,6
539,-232.73679,6
540,-196.00343,6
541,-12.458613,6
542,-58.98402,6
543,0.20372686,6
544,-248.0588,6
545,-65.48352,6
546,-56.565483,6
547,-148.55223,6
548,-168.32857,6
549,40.768024,6
550,-120.56995,6
551,-335.91635,6
552,8.878907,6
553,-42.400543,6
554,-213.91722,6
555,-124.95608,6
556,-53.062202,6
557,-309.81918,6
558,-219.54883,6
559,-133.36314,6
560,-88.46332,7
561,-50.1082,7
562,-47.98569,7
563,-6.7701707,7
564,-16.567986,7
565,-75.04886,7
566,-132.38756,7
567,-43.50826,7
568,-7.75434,7
569,-245.21564,7
570,-27.06917,7
571,-126.37392,7
572,-26.214104,7
573,-116.592674,7
574,-78.525246,7
575,-22.419802,7
576,-49.72132,7
577,-131.69844,7
578,-83.631454,7
579,-14.775374,7
580,-143.09706,7
581,-65.373245,7
582,-39.95157,7
583,-40.57625,7
584,-123.58224,7
585,-206.46367,7
586,-60.59921,7
587,-156.5385,7
588,-26.929464,7
589,-38.056755,7
590,-336.73734,7
591,-46.29625,7
592,-139.11826,7
593,-139.61327,7
594,-25.696774,7
595,-114.94631,7
596,-217.70958,7
597,-104.2022,7
598,-69.30357,7
599,-40.074566,7
600,53.04309,7
601,61.843185,7
602,-48.614143,7
603,-77.438644,7
604,16.909697,7
605,50.799145,7
606,-8.961113,7
607,-110.28874,7
608,46.67856,7
609,-104.99185,7
610,-68.6546,7
611,-307.2751,7
612,-235.1667,7
613,34.221672,7
614,-49.399685,7
615,-79.884,7
616,36.07831,7
617,-61.605347,7
618,-34.410538,7
619,-374.52905,7
620,-157.74492,7
621,-23.312052,7
622,-97.46024,7
623,-31.24988,7
624,-176.9539,7
625,-177.33366,7
626,-99.35037,7
627,-8.848016,7
628,-76.98981,7
629,-109.879135,7
630,-34.87864,7
631,-76.66349,7
632,-55.91517,7
633,22.693804,7
634,-116.86806,7
635,-64.7209,7
636,52.585304,7
637,-53.778465,7
638,-257.29825,7
639,-134.27327,7
640,-39.356316,8
641,-55.25239,8
642,22.225489,8
643,-69.39277,8
644,-46.011585,8
645,-58.026985,8
646,-149.28601,8
647,-79.32714,8
648,51.88993,8
649,-85.380745,8
650,-73.78255,8
651,108.79925,8
652,28.341764,8
653,-308.90613,8
654,-70.468765,8
655,19.518488,8
656,-49.500664,8
657,0.7777499,8
658,-60.30231,8
659,-141.57288,8
660,-144.58028,8
661,-184.9955,8
662,-158.87169,8
663,23.362772,8
664,22.716963,8
665,-114.62213,8
666,81.60217,8
667,-43.203445,8
668,115.373436,8
669,-47.499973,8
670,-154.2836,8
671,-123.48122,8
672,-33.379623,8
673,-140.81358,8
674,-112.44283,8
675,34.748486,8
676,-220.48921,8
677,-113.65225,8
678,-173.22105,8
679,-69.66347,8
680,-171.59596,8
681,-80.382095,8
682,-82.188,8
683,-142.17227,8
684,-93.06307,8
685,10.195535,8
686,-328.3181,8
687,121.78223,8
688,23.579412,8
689,-80.172554,8
690,30.706776,8
691,-221.39705,8
692,47.917297,8
693,-10.685451,8
694,2.490281,8
695,45.690414,8
696,-0.16104022,8
697,-44.92817,8
698,-1.4395322,8
699,-52.570213,8
700,-10.078297,8
701,170.37999,8
702,48.67845,8
703,-66.87628,8
704,-17.634272,8
705,-94.82683,8
706,-13.122106,8
707,57.06705,8
708,-76.75708,8
709,83.76183,8
710,40.981625,8
711,12.132729,8
712,155.70442,8
713,-36.419548,8
714,-35.139534,8
715,-88.822266,8
716,-118.47081,8
717,-16.300804,8
718,45.00775,8
719,-63.318344,8
720,-27.49659,9
721,139.65253,9
722,146.13681,9
723,-165.12753,9
724,-73.227325,9
725,46.729,9
726,-4.4961786,9
727,-166.04736,9
728,10.476552,9
729,193.86162,9
730,17.184328,9
731,37.165257,9
732,-108.42348,9
733,-43.616993,9
734,43.847607,9
735,86.54981,9
736,-82.80202,9
737,-108.82885,9
738,-5.683318,9
739,112.76305,9
740,-143.8619,9
741,53.65002,9
742,-248.79095,9
743,107.48685,9
744,-122.05757,9
745,-125.795006,9
746,-12.553079,9
747,-16.231726,9
748,-97.620544,9
749,-110.2294,9
750,0.8653289,9
751,-36.995422,9
752,-252.27383,9
753,14.139443,9
754,-101.295074,9
755,-5.243319,9
756,95.137,9
757,-19.763884,9
758,-100.67666,9
759,-9.354983,9
760,12.306996,9
761,-53.2061,9
762,-290.15466,9
763,-136.98357,9
764,35.92803,9
765,-20.95716,9
766,-21.664293,9
767,52.09265,9
768,60.84262,9
769,45.227062,9
770,115.91663,9
771,8.150483,9
772,88.766556,9
773,-38.777466,9
774,2.1524744,9
775,-36.540802,9
776,52.409637,9
777,77.639114,9
778,-163.76167,9
779,-64.29228,9
780,-200.61862,9
781,-67.750244,9
782,54.99144,9
783,18.233086,9
784,-48.019943,9
785,11.806443,9
786,-156.31883,9
787,-15.338685,9
788,40.346214,9
789,13.910897,9
790,-176.77254,9
791,-48.739502,9
792,12.037469,9
793,-100.77983,9
794,-111.57565,9
795,-87.64723,9
796,-38.48163,9
797,-0.6750649,9
798,151.4307,9
799,66.16354,9
