Image,Value,Label
0,-413.31848,0
1,-86.18198,0
2,-120.36449,0
3,-584.70795,0
4,-80.75026,0
5,-170.81267,0
6,-165.45903,0
7,-343.7956,0
8,-158.29726,0
9,-78.603584,0
10,-189.2165,0
11,-174.08679,0
12,-489.69336,0
13,-300.16895,0
14,-108.18406,0
15,-124.72511,0
16,-105.72676,0
17,-462.70044,0
18,-251.36618,0
19,-400.6574,0
20,-367.59235,0
21,-198.35547,0
22,-682.27875,0
23,-236.13568,0
24,-636.80414,0
25,-111.24199,0
26,-189.28061,0
27,-132.32816,0
28,-463.92346,0
29,-14.29567,0
30,-156.44063,0
31,-526.44305,0
32,-225.72833,0
33,-526.279,0
34,-377.3465,0
35,-147.97655,0
36,-139.20769,0
37,-58.42152,0
38,-314.133,0
39,-146.10165,0
40,-238.97034,0
41,-280.71194,0
42,-291.53546,0
43,-91.59376,0
44,-246.00336,0
45,-600.4853,0
46,-330.92032,0
47,-194.08499,0
48,-43.817673,0
49,-104.474335,0
50,-180.50462,0
51,-283.34308,0
52,-153.44289,0
53,-181.4213,0
54,-281.3278,0
55,-383.73758,0
56,-148.42706,0
57,-55.8174,0
58,-670.07043,0
59,13.154526,0
60,-218.78316,0
61,-293.467,0
62,-236.78914,0
63,-757.2164,0
64,-273.52417,0
65,-665.566,0
66,-219.68597,0
67,-283.9001,0
68,-181.48058,0
69,-423.80252,0
70,-750.08203,0
71,-580.5579,0
72,-349.11676,0
73,-393.78314,0
74,-341.46603,0
75,-373.8205,0
76,-164.70187,0
77,-403.71213,0
78,-237.66866,0
79,-415.81726,0
80,25.412727,1
81,80.30297,1
82,84.830055,1
83,170.65634,1
84,57.033962,1
85,54.41352,1
86,136.7593,1
87,111.05682,1
88,117.879456,1
89,-20.736835,1
90,63.63623,1
91,46.50396,1
92,12.828083,1
93,-56.59281,1
94,41.95271,1
95,100.82275,1
96,49.65947,1
97,18.611526,1
98,-15.427963,1
99,99.796165,1
100,116.14302,1
101,101.38956,1
102,-90.21154,1
103,70.806114,1
104,51.427017,1
105,89.07179,1
106,3.905778,1
107,-19.725147,1
108,45.664158,1
109,-26.565025,1
110,-56.93438,1
111,85.74703,1
112,-29.328968,1
113,-16.318287,1
114,-17.322483,1
115,40.27352,1
116,87.00799,1
117,49.382538,1
118,-43.348297,1
119,16.06044,1
120,54.45443,1
121,111.12282,1
122,3.2932816,1
123,69.65822,1
124,33.70449,1
125,100.27048,1
126,78.32465,1
127,68.89481,1
128,40.760525,1
129,130.18704,1
130,-5.943598,1
131,87.49992,1
132,54.41887,1
133,6.059288,1
134,75.55049,1
135,28.253288,1
136,-3.4372177,1
137,33.28748,1
138,43.606415,1
139,108.598816,1
140,88.58864,1
141,105.11953,1
142,-2.3122406,1
143,71.4865,1
144,25.300468,1
145,-69.93296,1
146,-10.444096,1
147,52.640503,1
148,108.73156,1
149,-0.77303123,1
150,35.621967,1
151,-51.466972,1
152,-65.193634,1
153,34.862755,1
154,75.8578,1
155,-3.1641655,1
156,-191.16176,1
157,59.89781,1
158,140.45578,1
159,62.33514,1
160,-61.355824,2
161,-492.2621,2
162,-201.47357,2
163,-36.91751,2
164,-240.74448,2
165,-354.68124,2
166,-318.70447,2
167,-207.69537,2
168,-220.11723,2
169,-540.6204,2
170,-389.63083,2
171,-439.8039,2
172,-80.85739,2
173,-1.781393,2
174,-265.96152,2
175,-241.43983,2
176,-237.87085,2
177,-504.18756,2
178,-104.48248,2
179,-346.58344,2
180,64.76588,2
181,-529.03656,2
182,-378.84595,2
183,-243.28844,2
184,-50.090714,2
185,-223.65796,2
186,-551.56024,2
187,-124.63283,2
188,-305.7779,2
189,-313.44986,2
190,-165.66068,2
191,-234.0953,2
192,-571.1549,2
193,-206.00339,2
194,-260.41815,2
195,-44.582817,2
196,-310.2956,2
197,-179.00829,2
198,-212.68788,2
199,-277.1797,2
200,-50.18598,2
201,-76.60898,2
202,-423.16736,2
203,24.39727,2
204,-348.87387,2
205,-389.57315,2
206,-212.2633,2
207,-597.5688,2
208,-366.1836,2
209,-432.85907,2
210,-428.4325,2
211,-386.18524,2
212,-434.35135,2
213,-368.4425,2
214,-542.7535,2
215,-600.029,2
216,-105.60632,2
217,20.833675,2
218,-177.03244,2
219,-589.24115,2
220,-611.32465,2
221,-672.9676,2
222,-225.82861,2
223,-41.91857,2
224,-84.86452,2
225,-329.22467,2
226,-543.8697,2
227,-181.15065,2
228,-136.96414,2
229,-116.64357,2
230,-269.70905,2
231,-454.64453,2
232,-149.10721,2
233,-272.46735,2
234,-364.52716,2
235,-429.88745,2
236,-146.05191,2
237,-142.98499,2
238,-180.17267,2
239,-172.97005,2
240,374.1172,3
241,206.85938,3
242,188.76067,3
243,75.32133,3
244,232.68549,3
245,258.54547,3
246,272.9853,3
247,124.21185,3
248,276.86234,3
249,214.05215,3
250,287.7573,3
251,274.2617,3
252,232.03116,3
253,281.68262,3
254,161.37549,3
255,-7.053401,3
256,200.72151,3
257,132.23871,3
258,188.83388,3
259,291.19382,3
260,88.33309,3
261,283.87433,3
262,176.6631,3
263,264.95978,3
264,-84.59755,3
265,172.47725,3
266,343.35098,3
267,219.57661,3
268,-273.94843,3
269,103.40379,3
270,175.73526,3
271,158.47046,3
272,173.22948,3
273,204.95898,3
274,116.81574,3
275,209.08273,3
276,276.30356,3
277,185.13628,3
278,55.19462,3
279,51.36888,3
280,237.09164,3
281,284.46237,3
282,223.47415,3
283,256.0639,3
284,-86.92158,3
285,153.30023,3
286,231.70636,3
287,273.57724,3
288,262.56262,3
289,-423.61157,3
290,268.33868,3
291,219.38474,3
292,251.62573,3
293,218.875,3
294,247.24258,3
295,-357.66245,3
296,238.05908,3
297,220.61617,3
298,297.58725,3
299,84.67613,3
300,347.43524,3
301,439.8871,3
302,152.03464,3
303,192.98499,3
304,49.018562,3
305,229.06276,3
306,210.79597,3
307,157.90157,3
308,135.25684,3
309,242.3151,3
310,280.92444,3
311,248.13182,3
312,228.1264,3
313,115.1663,3
314,202.57942,3
315,317.08014,3
316,149.62076,3
317,112.07834,3
318,367.30377,3
319,-390.56024,3
320,-264.30988,4
321,-58.27202,4
322,44.744904,4
323,-300.47195,4
324,-70.99678,4
325,-86.42625,4
326,-54.618675,4
327,106.75774,4
328,-229.20854,4
329,-202.34836,4
330,70.08923,4
331,-46.68727,4
332,55.92953,4
333,-177.51767,4
334,91.51862,4
335,-32.917145,4
336,-187.94621,4
337,-76.53658,4
338,222.6083,4
339,-166.5367,4
340,-404.64648,4
341,33.258816,4
342,-8.508734,4
343,-93.18434,4
344,130.46626,4
345,31.409441,4
346,-237.98154,4
347,-683.36115,4
348,-8.591238,4
349,-250.91129,4
350,124.30276,4
351,-450.70654,4
352,-119.49286,4
353,-347.62222,4
354,-507.66156,4
355,-240.10358,4
356,32.413177,4
357,-150.17911,4
358,-238.94861,4
359,94.842896,4
360,86.58354,4
361,-60.870476,4
362,36.536564,4
363,-190.52202,4
364,-416.96585,4
365,76.735306,4
366,-343.25174,4
367,94.66829,4
368,-25.644463,4
369,-33.762894,4
370,-20.614305,4
371,-100.31976,4
372,-15.187978,4
373,127.57669,4
374,113.6501,4
375,123.17664,4
376,-239.21541,4
377,66.725525,4
378,-41.53095,4
379,-432.72778,4
380,-56.370823,4
381,45.567364,4
382,26.143707,4
383,90.35004,4
384,-116.4259,4
385,-77.50026,4
386,94.912,4
387,-80.15689,4
388,-230.80695,4
389,-536.3169,4
390,-66.469604,4
391,62.667664,4
392,85.43925,4
393,30.211761,4
394,97.397194,4
395,62.615097,4
396,-5.6720715,4
397,-280.82834,4
398,-86.09128,4
399,-139.9889,4
400,13.243034,5
401,1.5919914,5
402,59.727448,5
403,-73.344086,5
404,42.939262,5
405,-53.05811,5
406,19.576166,5
407,-513.73474,5
408,92.629364,5
409,-291.43408,5
410,-30.888882,5
411,200.05042,5
412,-110.19459,5
413,99.28876,5
414,83.748184,5
415,-26.213846,5
416,-150.59668,5
417,133.05324,5
418,41.813545,5
419,138.52847,5
420,63.67324,5
421,212.96872,5
422,-228.47433,5
423,171.38066,5
424,145.75981,5
425,-80.748474,5
426,155.7009,5
427,178.01868,5
428,333.8068,5
429,206.6864,5
430,79.31712,5
431,185.59537,5
432,-265.16437,5
433,-143.90182,5
434,155.88293,5
435,148.18246,5
436,-128.09534,5
437,32.07137,5
438,-41.485764,5
439,-660.358,5
440,-63.12201,5
441,-215.2095,5
442,235.44421,5
443,272.2461,5
444,72.57472,5
445,57.327465,5
446,87.230545,5
447,195.8218,5
448,124.521355,5
449,-399.63208,5
450,-2.0674286,5
451,122.89338,5
452,87.69918,5
453,53.54064,5
454,-251.97702,5
455,-24.104994,5
456,-312.16022,5
457,151.59949,5
458,101.39419,5
459,129.15955,5
460,38.067738,5
461,296.9568,5
462,202.30952,5
463,143.55093,5
464,71.31435,5
465,79.42943,5
466,88.98059,5
467,-167.31989,5
468,137.62267,5
469,205.39377,5
470,152.66335,5
471,210.2626,5
472,70.885925,5
473,-405.1065,5
474,120.2245,5
475,98.27386,5
476,243.5007,5
477,26.86949,5
478,-607.4981,5
479,-17.874575,5
480,-205.74449,6
481,-241.86942,6
482,-377.8031,6
483,-145.01787,6
484,-61.26371,6
485,-189.75389,6
486,-537.16296,6
487,-493.3267,6
488,-386.94257,6
489,-367.17896,6
490,-394.8437,6
491,-171.37134,6
492,-402.37317,6
493,-228.33192,6
494,-290.5722,6
495,-549.12823,6
496,-361.26886,6
497,-253.46887,6
498,-350.6742,6
499,-646.6962,6
500,-378.12036,6
501,-433.18723,6
502,-94.29842,6
503,-261.8603,6
504,-165.99414,6
505,-354.10065,6
506,-498.5002,6
507,-468.7368,6
508,-173.6771,6
509,-546.2802,6
510,-495.0174,6
511,-517.04224,6
512,-441.69427,6
513,-408.78265,6
514,-225.6068,6
515,-434.40234,6
516,-316.80157,6
517,-185.63684,6
518,-84.034485,6
519,-4.4966354,6
520,-286.17023,6
521,-160.11049,6
522,-363.3913,6
523,-203.48003,6
524,-665.1692,6
525,-178.05396,6
526,-277.5752,6
527,-242.4117,6
528,-385.61823,6
529,-247.65698,6
530,-295.71268,6
531,-575.241,6
532,-555.99445,6
533,-21.742981,6
534,-484.97223,6
535,-431.8236,6
536,-191.54788,6
537,-255.80002,6
538,-69.65985,6
539,-242.36026,6
540,-310.10388,6
541,-119.42145,6
542,-129.14406,6
543,-230.12202,6
544,-517.5136,6
545,-41.95495,6
546,-309.45117,6
547,-363.6289,6
548,-497.23996,6
549,-201.94556,6
550,-608.706,6
551,-578.73334,6
552,-286.59177,6
553,-216.02844,6
554,-480.53058,6
555,-259.49146,6
556,-125.10794,6
557,-582.3678,6
558,-567.0192,6
559,-420.8072,6
560,18.053675,7
561,18.212845,7
562,-44.68925,7
563,31.471508,7
564,37.157143,7
565,-55.573486,7
566,-146.75314,7
567,39.054836,7
568,-4.7210026,7
569,-124.263626,7
570,-156.17712,7
571,7.627716,7
572,-41.95794,7
573,-99.07677,7
574,-236.52322,7
575,-30.626701,7
576,-202.83646,7
577,7.370323,7
578,-72.100136,7
579,-39.104923,7
580,-15.5140915,7
581,49.593987,7
582,40.375412,7
583,32.174316,7
584,-31.968746,7
585,-29.405624,7
586,90.455055,7
587,-39.40782,7
588,39.480488,7
589,-64.53373,7
590,-83.73681,7
591,-25.669664,7
592,-0.6403179,7
593,-217.58546,7
594,-33.036064,7
595,-291.78674,7
596,3.3484278,7
597,-208.94824,7
598,-9.781191,7
599,-17.155708,7
600,-75.07185,7
601,20.106339,7
602,-148.3826,7
603,-6.5254593,7
604,-45.463287,7
605,12.950363,7
606,-23.697622,7
607,-53.59178,7
608,56.49872,7
609,16.821814,7
610,-91.599945,7
611,-8.283844,7
612,28.337494,7
613,62.062668,7
614,17.129967,7
615,22.613708,7
616,-48.603615,7
617,-88.50183,7
618,-1.0744705,7
619,-213.27237,7
620,150.01994,7
621,3.0054798,7
622,-51.808,7
623,-104.421326,7
624,39.32109,7
625,-22.706348,7
626,-39.13196,7
627,58.87078,7
628,0.569067,7
629,39.276512,7
630,-15.996307,7
631,25.334198,7
632,-28.571718,7
633,24.43187,7
634,27.148384,7
635,23.96898,7
636,-3.3301964,7
637,30.980938,7
638,-89.75281,7
639,-29.609821,7
640,-353.12054,8
641,49.04979,8
642,-8.238196,8
643,-121.03761,8
644,-178.72441,8
645,0.67466927,8
646,-191.11627,8
647,-63.732445,8
648,26.100693,8
649,-2.8220673,8
650,-110.50029,8
651,47.589592,8
652,-38.79178,8
653,-187.24533,8
654,-87.1091,8
655,6.8361435,8
656,46.288853,8
657,-29.208748,8
658,4.7919827,8
659,-610.636,8
660,45.946762,8
661,-140.8657,8
662,-135.9542,8
663,-84.643814,8
664,-267.89587,8
665,-26.719967,8
666,-143.18286,8
667,58.715588,8
668,-50.91582,8
669,-164.10841,8
670,-160.4581,8
671,56.6263,8
672,-63.720848,8
673,-194.2005,8
674,-64.77762,8
675,-141.83908,8
676,-191.34561,8
677,-243.91254,8
678,-127.59295,8
679,70.1577,8
680,-166.90192,8
681,-41.378174,8
682,61.119743,8
683,22.278984,8
684,64.453476,8
685,-0.560421,8
686,-62.55268,8
687,-256.96246,8
688,-41.616394,8
689,-148.54692,8
690,-176.17146,8
691,-185.59366,8
692,1.9871855,8
693,-103.30435,8
694,22.70285,8
695,-35.08677,8
696,-67.16101,8
697,-17.396294,8
698,-157.33946,8
699,-150.15172,8
700,-156.39462,8
701,-111.5387,8
702,0.045337707,8
703,-37.36074,8
704,-114.88342,8
705,-72.839355,8
706,-153.5349,8
707,-115.50218,8
708,52.7162,8
709,-136.5624,8
710,-24.423615,8
711,-65.835205,8
712,-87.39934,8
713,-42.61342,8
714,40.468445,8
715,-77.242676,8
716,-167.38242,8
717,-32.44213,8
718,-15.200317,8
719,-74.643875,8
720,84.83776,9
721,209.5315,9
722,-482.6858,9
723,-107.832,9
724,-281.42896,9
725,119.20372,9
726,145.38303,9
727,-82.69555,9
728,-142.01852,9
729,-466.401,9
730,-458.33987,9
731,94.67774,9
732,-107.63231,9
733,115.58298,9
734,141.29733,9
735,109.43316,9
736,-11.812881,9
737,-35.829445,9
738,-326.36255,9
739,54.846237,9
740,47.373085,9
741,-159.8808,9
742,-100.55527,9
743,117.8096,9
744,-612.7359,9
745,-396.04318,9
746,77.181694,9
747,68.84554,9
748,66.65987,9
749,49.430557,9
750,-151.27611,9
751,97.67268,9
752,82.350464,9
753,98.733734,9
754,237.18066,9
755,68.16373,9
756,-115.47153,9
757,85.20499,9
758,-660.59796,9
759,57.601665,9
760,112.65579,9
761,-91.98926,9
762,-319.7942,9
763,93.48593,9
764,-261.9043,9
765,-319.5894,9
766,126.3314,9
767,114.04539,9
768,115.08113,9
769,86.10448,9
770,132.28154,9
771,103.31979,9
772,-186.65897,9
773,2.8882942,9
774,58.69086,9
775,160.41867,9
776,81.066055,9
777,133.4137,9
778,-90.17794,9
779,108.512726,9
780,-101.052765,9
781,-592.28986,9
782,-94.48474,9
783,151.76718,9
784,-233.00902,9
785,142.78398,9
786,-362.15387,9
787,107.94214,9
788,74.351295,9
789,174.90706,9
790,-367.07507,9
791,-488.5893,9
792,76.30353,9
793,-286.9007,9
794,-178.07355,9
795,-30.764898,9
796,52.543686,9
797,141.38107,9
798,162.22092,9
799,105.40637,9
