Image,Value,Label
0,-234.39609,0
1,-128.51038,0
2,-78.71692,0
3,-189.17413,0
4,-197.87798,0
5,-166.12357,0
6,-299.4155,0
7,-256.59396,0
8,-223.88043,0
9,-188.98036,0
10,-153.13635,0
11,-144.87813,0
12,-251.72981,0
13,-184.1868,0
14,-155.93068,0
15,-122.63972,0
16,-172.5945,0
17,-183.17668,0
18,-280.90353,0
19,-156.56602,0
20,-270.34573,0
21,-188.18895,0
22,-212.16301,0
23,-98.221924,0
24,-159.09941,0
25,-112.762825,0
26,-161.64769,0
27,-140.68953,0
28,-208.35164,0
29,-169.53922,0
30,-146.73611,0
31,-87.50167,0
32,-140.50386,0
33,-83.1291,0
34,-279.76166,0
35,-172.1344,0
36,-143.28918,0
37,-94.28732,0
38,-219.92613,0
39,-79.760216,0
40,-162.74203,0
41,-216.85767,0
42,-279.17227,0
43,-245.01134,0
44,-138.51794,0
45,-196.74852,0
46,-223.49126,0
47,-192.1242,0
48,-167.48442,0
49,-128.31546,0
50,-107.46657,0
51,-201.39008,0
52,-183.25148,0
53,-104.455765,0
54,-199.84946,0
55,-119.559456,0
56,-225.1277,0
57,-90.34084,0
58,-192.77757,0
59,-179.76195,0
60,-141.96138,0
61,-146.3351,0
62,-144.18571,0
63,-206.78677,0
64,-185.23128,0
65,-203.58937,0
66,-174.52612,0
67,-101.47823,0
68,-180.31287,0
69,-124.59984,0
70,-158.04002,0
71,-127.16694,0
72,-192.23895,0
73,-254.63837,0
74,-175.2678,0
75,-120.092735,0
76,-216.04741,0
77,-267.33887,0
78,-151.14696,0
79,-90.44195,0
80,-95.57543,1
81,-44.407005,1
82,-78.90542,1
83,-64.50429,1
84,-66.12469,1
85,-60.41364,1
86,-51.59099,1
87,-65.166695,1
88,-49.58325,1
89,-58.25633,1
90,-38.172737,1
91,-56.248066,1
92,-126.31082,1
93,-116.514565,1
94,-55.086456,1
95,-31.21506,1
96,-129.96616,1
97,-51.31508,1
98,-57.82295,1
99,-97.74327,1
100,-65.70358,1
101,-59.221577,1
102,-116.27882,1
103,-53.622658,1
104,-48.727905,1
105,-67.67254,1
106,-152.8461,1
107,-104.442986,1
108,-67.88111,1
109,-28.951294,1
110,-127.03033,1
111,-49.801163,1
112,-92.52456,1
113,-81.37824,1
114,-99.17878,1
115,-19.772188,1
116,-119.84493,1
117,-39.890186,1
118,-79.799706,1
119,-42.83792,1
120,-42.721203,1
121,-67.2022,1
122,-110.34815,1
123,-69.32418,1
124,-31.206625,1
125,-26.081013,1
126,-105.34118,1
127,-32.03328,1
128,-104.14527,1
129,-52.994877,1
130,-65.028786,1
131,-54.863148,1
132,-87.987175,1
133,-61.25958,1
134,-25.477217,1
135,-58.429756,1
136,-53.749874,1
137,-34.59215,1
138,-77.98352,1
139,-84.116936,1
140,-52.69615,1
141,-15.974655,1
142,-137.64345,1
143,-63.436275,1
144,-86.04123,1
145,-118.44404,1
146,-63.120457,1
147,-60.891644,1
148,-117.84873,1
149,-102.011185,1
150,-87.83366,1
151,-153.70375,1
152,-176.52364,1
153,-72.94027,1
154,-133.16136,1
155,-103.86202,1
156,-76.20879,1
157,-34.668056,1
158,-39.3147,1
159,-101.629364,1
160,-61.261158,2
161,-152.7762,2
162,-111.74192,2
163,-150.6767,2
164,-179.2634,2
165,-256.8325,2
166,-112.14832,2
167,-211.47804,2
168,-146.17227,2
169,-237.75029,2
170,-103.09614,2
171,-254.71516,2
172,-128.70372,2
173,-149.82375,2
174,-207.0868,2
175,-224.90628,2
176,-96.53263,2
177,-125.99177,2
178,-210.12196,2
179,-254.41296,2
180,-10.949523,2
181,-287.74924,2
182,-107.72162,2
183,-219.5084,2
184,-137.36734,2
185,-154.15224,2
186,-83.08839,2
187,-112.666985,2
188,-104.878136,2
189,-68.80996,2
190,-87.76396,2
191,-162.5822,2
192,-211.61247,2
193,-199.97327,2
194,-140.73016,2
195,-148.4472,2
196,-161.32945,2
197,-188.68523,2
198,-206.54225,2
199,-234.47815,2
200,-117.90725,2
201,-207.83598,2
202,-100.67347,2
203,-139.69121,2
204,-155.46773,2
205,-95.9569,2
206,-128.837,2
207,-254.14207,2
208,-252.1756,2
209,-113.883644,2
210,-107.905495,2
211,-135.79945,2
212,-303.20718,2
213,-173.51619,2
214,-173.561,2
215,-188.5815,2
216,-102.516426,2
217,-161.44197,2
218,-225.6338,2
219,-285.74872,2
220,-201.44682,2
221,-231.61412,2
222,-146.4145,2
223,-147.53996,2
224,-74.62519,2
225,-216.19193,2
226,-293.5154,2
227,-117.710686,2
228,-130.8851,2
229,-228.17068,2
230,-111.7651,2
231,-96.377815,2
232,-104.36724,2
233,-320.96048,2
234,-177.69913,2
235,-169.05801,2
236,-173.25488,2
237,-196.95961,2
238,-119.70454,2
239,-95.45881,2
240,-235.48776,3
241,-146.64037,3
242,-99.68802,3
243,-114.79089,3
244,-197.86844,3
245,-122.30608,3
246,-261.94424,3
247,-150.06937,3
248,-200.6949,3
249,-111.42394,3
250,-218.60316,3
251,-164.72038,3
252,-201.60612,3
253,-204.68016,3
254,-201.04619,3
255,-241.95024,3
256,-57.049862,3
257,-203.69957,3
258,-188.02911,3
259,-216.71053,3
260,-171.35107,3
261,-196.50603,3
262,-206.68333,3
263,-156.05078,3
264,-170.398,3
265,-165.73564,3
266,-168.23741,3
267,-229.96976,3
268,-196.79515,3
269,-129.88855,3
270,-143.88083,3
271,-198.83374,3
272,-144.29736,3
273,-163.75156,3
274,-158.13245,3
275,-97.3742,3
276,-229.37047,3
277,-110.97525,3
278,-150.61732,3
279,-95.075645,3
280,-202.16339,3
281,-260.01984,3
282,-223.28955,3
283,-212.16066,3
284,-167.00883,3
285,-150.08119,3
286,-163.06413,3
287,-236.66731,3
288,-194.33554,3
289,-192.44972,3
290,-148.04436,3
291,-132.51494,3
292,-236.11797,3
293,-139.26862,3
294,-191.36737,3
295,-205.61488,3
296,-132.10826,3
297,-166.99384,3
298,-205.37602,3
299,-239.23582,3
300,-208.1675,3
301,-239.85742,3
302,-101.4088,3
303,-91.34532,3
304,-208.07689,3
305,-113.96789,3
306,-140.76361,3
307,-92.73966,3
308,-87.05825,3
309,-152.04927,3
310,-302.77032,3
311,-130.8803,3
312,-121.079056,3
313,-116.79484,3
314,-251.86935,3
315,-128.34157,3
316,-62.528416,3
317,-207.9369,3
318,-135.8878,3
319,-250.24341,3
320,-105.41527,4
321,-133.30315,4
322,-141.99544,4
323,-151.49486,4
324,-180.52425,4
325,-59.562424,4
326,-144.40509,4
327,-93.44212,4
328,-168.53128,4
329,-60.494625,4
330,-166.61555,4
331,-146.38521,4
332,-142.99815,4
333,-80.28326,4
334,-93.94611,4
335,-125.3022,4
336,-52.142483,4
337,-190.29686,4
338,-106.49494,4
339,-146.63977,4
340,-222.85068,4
341,-94.36327,4
342,-207.90161,4
343,-69.33628,4
344,-155.36565,4
345,-60.88443,4
346,-72.724266,4
347,-70.24531,4
348,-50.54337,4
349,-125.93049,4
350,-190.42863,4
351,-156.36256,4
352,-27.96412,4
353,-93.4844,4
354,-94.958916,4
355,-171.80377,4
356,-141.02805,4
357,-126.72212,4
358,-68.422874,4
359,-116.08375,4
360,-131.17087,4
361,-161.83565,4
362,-130.20479,4
363,-1.7455783,4
364,-152.07793,4
365,-165.54901,4
366,-205.01062,4
367,-145.71439,4
368,18.281406,4
369,8.827129,4
370,-116.82268,4
371,-72.47508,4
372,-34.995358,4
373,-71.73536,4
374,-146.44585,4
375,-159.22633,4
376,-68.8383,4
377,-118.01977,4
378,-128.88138,4
379,-67.000565,4
380,-159.71306,4
381,-113.79489,4
382,-133.9799,4
383,-107.19424,4
384,-154.57327,4
385,-9.303141,4
386,-181.43208,4
387,-155.6201,4
388,-60.65727,4
389,-47.189423,4
390,-76.50707,4
391,-119.72317,4
392,-122.10534,4
393,-199.63603,4
394,-127.569756,4
395,-121.64097,4
396,-112.71949,4
397,-64.55779,4
398,-42.996014,4
399,-171.67621,4
400,-112.998665,5
401,-117.10442,5
402,-70.05755,5
403,-167.4442,5
404,-113.15276,5
405,-96.63178,5
406,-133.28477,5
407,-82.85333,5
408,-112.494835,5
409,-131.53714,5
410,-172.01851,5
411,-165.16962,5
412,9.3776865,5
413,-151.0387,5
414,-248.21635,5
415,-42.609303,5
416,-299.47745,5
417,-227.07634,5
418,-59.305523,5
419,-197.15343,5
420,-184.42046,5
421,-202.89888,5
422,-95.74665,5
423,-157.87271,5
424,-95.53944,5
425,-0.90459394,5
426,-110.07661,5
427,-244.2965,5
428,-237.3503,5
429,-188.94582,5
430,-159.37788,5
431,-176.36798,5
432,-188.34819,5
433,-136.69672,5
434,-204.75545,5
435,-214.04631,5
436,-49.882835,5
437,-125.50772,5
438,-142.26073,5
439,-15.332173,5
440,-32.104015,5
441,-136.57016,5
442,-235.41542,5
443,-192.99483,5
444,-37.15801,5
445,-132.87328,5
446,-127.05979,5
447,-193.18178,5
448,-235.10988,5
449,-64.814026,5
450,-63.18693,5
451,-66.95823,5
452,-41.950825,5
453,-162.24577,5
454,-81.61132,5
455,-139.18752,5
456,-155.04845,5
457,-204.20941,5
458,-155.70317,5
459,-172.87297,5
460,-116.87944,5
461,-267.5745,5
462,-192.40916,5
463,-177.35936,5
464,-103.64454,5
465,-114.34433,5
466,-116.35155,5
467,-43.42732,5
468,-173.63202,5
469,-208.40565,5
470,-205.04027,5
471,-169.1852,5
472,-179.52345,5
473,-111.46201,5
474,-143.09264,5
475,-121.19015,5
476,-200.67015,5
477,-147.01208,5
478,-101.42829,5
479,-202.06325,5
480,-113.89471,6
481,-82.72614,6
482,-155.13188,6
483,-133.56288,6
484,-79.218666,6
485,-131.95467,6
486,-170.9573,6
487,-285.1884,6
488,-240.7185,6
489,-115.42779,6
490,-120.560265,6
491,-115.06383,6
492,-87.83022,6
493,-90.28347,6
494,-107.317345,6
495,-192.72948,6
496,-205.55742,6
497,-99.34449,6
498,-64.671364,6
499,-143.68008,6
500,-108.52415,6
501,-122.85787,6
502,-106.045906,6
503,-152.71739,6
504,-119.199356,6
505,-155.21318,6
506,-171.41808,6
507,-162.76855,6
508,-110.5755,6
509,-200.08186,6
510,-170.72215,6
511,-111.885506,6
512,-117.5122,6
513,-157.64175,6
514,-76.2127,6
515,-125.367096,6
516,-132.36874,6
517,-86.32116,6
518,-104.73741,6
519,-53.487797,6
520,-182.29707,6
521,-151.33708,6
522,-134.75507,6
523,-143.26707,6
524,-133.92867,6
525,-106.01981,6
526,-61.8144,6
527,-130.8988,6
528,-177.90385,6
529,-133.12065,6
530,-75.296326,6
531,-166.66318,6
532,-188.57616,6
533,-79.62332,6
534,-108.654724,6
535,-129.03621,6
536,-193.63805,6
537,-179.34862,6
538,-81.99778,6
539,-92.907234,6
540,-63.20683,6
541,-96.03849,6
542,-59.40905,6
543,-138.20628,6
544,-93.05979,6
545,-111.16917,6
546,-149.91574,6
547,-65.83671,6
548,-151.51295,6
549,-145.0069,6
550,-130.71437,6
551,-118.46169,6
552,-74.63142,6
553,-137.06361,6
554,-144.56389,6
555,-146.61327,6
556,-146.3294,6
557,-158.28745,6
558,-42.159897,6
559,-87.02248,6
560,-190.71977,7
561,-89.94239,7
562,-133.01192,7
563,-169.54167,7
564,-201.74472,7
565,-155.88622,7
566,-160.2407,7
567,-128.62718,7
568,-143.06061,7
569,-167.16447,7
570,-196.90446,7
571,-87.308136,7
572,-102.05074,7
573,-179.19568,7
574,-164.1971,7
575,-111.095955,7
576,-22.866764,7
577,-140.4249,7
578,-84.072754,7
579,-129.06895,7
580,-123.507805,7
581,-114.61721,7
582,-137.37318,7
583,-169.72618,7
584,-163.72404,7
585,-136.03362,7
586,-134.31377,7
587,-193.11618,7
588,-123.61984,7
589,-94.61098,7
590,-144.02956,7
591,-81.289894,7
592,-124.611595,7
593,-151.45158,7
594,-125.73996,7
595,-192.96829,7
596,-82.91981,7
597,-241.39578,7
598,-159.45757,7
599,-211.0777,7
600,-229.44716,7
601,-153.44722,7
602,-90.90939,7
603,-75.48339,7
604,-101.44074,7
605,-171.24933,7
606,-89.32431,7
607,-104.68865,7
608,-143.87624,7
609,-160.75592,7
610,-128.23888,7
611,-129.74577,7
612,-129.42493,7
613,-188.1591,7
614,-120.25309,7
615,-93.11838,7
616,-126.417534,7
617,-127.948555,7
618,-91.974785,7
619,-138.20602,7
620,-148.80334,7
621,-120.46842,7
622,-138.62654,7
623,-57.401302,7
624,-38.090054,7
625,-158.8448,7
626,-152.18773,7
627,-98.74969,7
628,-112.259346,7
629,-177.87692,7
630,-173.54887,7
631,-73.58542,7
632,-80.965225,7
633,-110.04548,7
634,-84.24778,7
635,-168.13356,7
636,-159.58513,7
637,-182.48575,7
638,-140.24207,7
639,-162.27095,7
640,-251.65933,8
641,-163.32579,8
642,-128.73962,8
643,-52.135586,8
644,-235.92903,8
645,-59.490402,8
646,-120.99328,8
647,-128.21198,8
648,-120.13773,8
649,-197.25508,8
650,-134.93494,8
651,-175.804,8
652,-263.8273,8
653,-314.90726,8
654,-206.2751,8
655,-196.21413,8
656,-111.21583,8
657,-155.24274,8
658,-132.79591,8
659,-270.67722,8
660,-192.78372,8
661,-217.28824,8
662,-161.79993,8
663,-201.71582,8
664,-267.0236,8
665,-101.11042,8
666,-144.00781,8
667,-78.15524,8
668,-191.64975,8
669,-262.45886,8
670,-189.83253,8
671,-154.52898,8
672,-194.421,8
673,-192.89018,8
674,-148.78506,8
675,-227.04074,8
676,-85.10855,8
677,-43.505573,8
678,-134.1202,8
679,-163.02336,8
680,-174.9108,8
681,-175.70541,8
682,-222.8665,8
683,-108.99101,8
684,-180.18996,8
685,-160.15947,8
686,-239.18076,8
687,-163.38858,8
688,-161.1398,8
689,-97.91108,8
690,-122.08606,8
691,-160.92545,8
692,-187.0736,8
693,-227.00795,8
694,-104.69122,8
695,-109.731575,8
696,-203.74593,8
697,-96.31862,8
698,-61.399277,8
699,-88.28466,8
700,-222.1386,8
701,-88.650444,8
702,-184.23766,8
703,-87.7637,8
704,-200.01823,8
705,-104.415565,8
706,-176.02861,8
707,-122.811195,8
708,-107.5871,8
709,-206.23248,8
710,-180.64876,8
711,-86.65636,8
712,-80.4092,8
713,-115.52516,8
714,-107.53774,8
715,-169.27461,8
716,-165.37918,8
717,-123.39692,8
718,-95.501274,8
719,-93.28816,8
720,-175.3376,9
721,-194.3487,9
722,-152.85857,9
723,-203.29634,9
724,-181.47482,9
725,-153.74138,9
726,-142.87419,9
727,-126.32407,9
728,-168.62556,9
729,-123.90016,9
730,-183.80669,9
731,-93.75005,9
732,-201.94603,9
733,-160.19853,9
734,-112.17866,9
735,-105.46964,9
736,-131.81421,9
737,-205.132,9
738,-213.07222,9
739,-164.75172,9
740,-122.63739,9
741,-219.04146,9
742,-140.96617,9
743,-178.78644,9
744,-147.40167,9
745,-183.18759,9
746,-87.349014,9
747,-173.08359,9
748,-63.082867,9
749,-125.34681,9
750,-140.26534,9
751,-168.35875,9
752,-205.14323,9
753,-165.43327,9
754,-242.30205,9
755,-190.17146,9
756,-155.53685,9
757,-118.79949,9
758,-210.31851,9
759,-69.13005,9
760,-137.34792,9
761,-197.91948,9
762,-202.745,9
763,-142.59802,9
764,-211.5061,9
765,-181.83513,9
766,-131.65297,9
767,-186.98953,9
768,-97.54896,9
769,-114.33073,9
770,-180.4002,9
771,-109.444466,9
772,-209.80789,9
773,-98.39065,9
774,-165.94557,9
775,-112.28647,9
776,-187.05501,9
777,-116.52627,9
778,-105.145744,9
779,-84.27042,9
780,-159.4084,9
781,-142.49614,9
782,-61.712402,9
783,-121.79922,9
784,-200.86636,9
785,-189.13293,9
786,-152.18414,9
787,-67.70305,9
788,-126.49234,9
789,-155.44267,9
790,-182.84592,9
791,-163.83925,9
792,-205.39017,9
793,-178.13777,9
794,-165.03294,9
795,-174.4769,9
796,-150.17848,9
797,-115.638664,9
798,-217.74467,9
799,-96.02419,9
