Image,Value,Label
0,-251.34929,0
1,-153.87178,0
2,-191.72893,0
3,-308.39185,0
4,-243.78207,0
5,-237.16933,0
6,-215.81847,0
7,-317.06097,0
8,-254.27428,0
9,-282.05014,0
10,-192.61098,0
11,-221.08678,0
12,-364.33093,0
13,-262.3543,0
14,-221.40488,0
15,-269.08203,0
16,-197.31331,0
17,-282.85394,0
18,-226.67262,0
19,-283.91547,0
20,-380.38132,0
21,-248.64244,0
22,-324.20828,0
23,-250.18799,0
24,-261.64838,0
25,-143.41649,0
26,-250.63705,0
27,-248.46605,0
28,-333.29108,0
29,-99.96444,0
30,-252.74854,0
31,-202.86638,0
32,-142.04655,0
33,-177.22462,0
34,-331.89944,0
35,-183.3618,0
36,-196.86763,0
37,-126.86354,0
38,-336.67493,0
39,-159.5171,0
40,-181.71974,0
41,-333.3155,0
42,-395.72192,0
43,-174.40767,0
44,-274.84793,0
45,-320.21857,0
46,-334.39893,0
47,-243.39934,0
48,-151.72789,0
49,-143.0504,0
50,-181.30052,0
51,-300.06592,0
52,-121.037415,0
53,-252.18498,0
54,-147.87314,0
55,-191.39125,0
56,-260.33694,0
57,-112.2875,0
58,-288.94647,0
59,-218.71043,0
60,-229.92047,0
61,-189.14891,0
62,-216.19673,0
63,-294.31445,0
64,-325.13297,0
65,-328.35257,0
66,-260.2813,0
67,-222.60449,0
68,-174.29364,0
69,-225.03752,0
70,-236.56865,0
71,-254.26009,0
72,-241.70152,0
73,-362.7232,0
74,-295.25363,0
75,-200.48894,0
76,-255.09564,0
77,-250.75359,0
78,-199.95009,0
79,-222.33022,0
80,-116.81968,1
81,-56.51898,1
82,-111.8753,1
83,-98.18603,1
84,-113.59611,1
85,-59.290028,1
86,-102.28179,1
87,-131.9102,1
88,-147.80853,1
89,-127.849815,1
90,-61.749493,1
91,-48.128426,1
92,-54.938564,1
93,-161.69814,1
94,-139.43208,1
95,-89.04622,1
96,-144.88208,1
97,-87.26577,1
98,-56.54217,1
99,-135.30864,1
100,-132.29677,1
101,-70.30863,1
102,-185.22095,1
103,-52.23642,1
104,-85.74202,1
105,-137.3607,1
106,-156.36435,1
107,-122.198875,1
108,-92.08257,1
109,-93.68578,1
110,-166.81529,1
111,-141.26552,1
112,-106.10102,1
113,-123.479614,1
114,-110.99502,1
115,-43.564045,1
116,-132.98329,1
117,-53.772438,1
118,-112.08869,1
119,-66.781075,1
120,-54.918015,1
121,-144.6014,1
122,-84.691895,1
123,-78.58539,1
124,-42.7351,1
125,-90.396904,1
126,-118.5073,1
127,-68.0776,1
128,-131.91469,1
129,-97.24891,1
130,-76.688705,1
131,-102.561615,1
132,-116.78973,1
133,-56.663486,1
134,-35.397945,1
135,-85.268135,1
136,-60.590588,1
137,-59.171093,1
138,-120.38525,1
139,-128.24266,1
140,-85.65467,1
141,-82.39266,1
142,-144.73921,1
143,-110.43995,1
144,-101.23929,1
145,-126.302666,1
146,-49.569798,1
147,-108.13468,1
148,-138.13686,1
149,-163.83446,1
150,-135.21603,1
151,-180.63362,1
152,-198.40709,1
153,-127.00596,1
154,-146.33476,1
155,-156.45476,1
156,-153.77211,1
157,-90.354485,1
158,-100.99562,1
159,-112.17198,1
160,-87.20188,2
161,-145.02863,2
162,-152.43826,2
163,-146.62323,2
164,-178.29431,2
165,-165.5836,2
166,-164.74428,2
167,-203.88618,2
168,-199.22002,2
169,-232.48888,2
170,-206.88696,2
171,-148.77577,2
172,-169.36171,2
173,-160.96434,2
174,-188.46523,2
175,-253.59389,2
176,-138.09096,2
177,-189.421,2
178,-233.89174,2
179,-199.61961,2
180,-34.600468,2
181,-201.50795,2
182,-202.16934,2
183,-219.49092,2
184,-125.68482,2
185,-180.90508,2
186,-82.09377,2
187,-150.84517,2
188,-75.31751,2
189,-64.98112,2
190,-138.13353,2
191,-159.16202,2
192,-113.00361,2
193,-205.97047,2
194,-167.90347,2
195,-101.82653,2
196,-231.14775,2
197,-123.764885,2
198,-184.72029,2
199,-303.92206,2
200,-144.04381,2
201,-244.55147,2
202,-104.645805,2
203,-320.88235,2
204,-143.67416,2
205,-76.123474,2
206,-91.618095,2
207,-236.22694,2
208,-205.5894,2
209,-277.7966,2
210,-190.21138,2
211,-263.2205,2
212,-260.68906,2
213,-114.40974,2
214,-109.0767,2
215,-175.3987,2
216,-131.41235,2
217,-50.76198,2
218,-217.74881,2
219,-296.2672,2
220,-207.65347,2
221,-276.84204,2
222,-176.85634,2
223,-103.72356,2
224,-245.07365,2
225,-278.29483,2
226,-215.9845,2
227,-197.59776,2
228,-160.72029,2
229,-271.4678,2
230,-226.51494,2
231,-155.48102,2
232,-80.3868,2
233,-340.01175,2
234,-241.99217,2
235,-276.08286,2
236,-107.66155,2
237,-174.2828,2
238,-125.69745,2
239,-147.83022,2
240,-244.69704,3
241,-211.86415,3
242,-179.64156,3
243,-111.31568,3
244,-236.1864,3
245,-170.28569,3
246,-276.16443,3
247,-109.29954,3
248,-299.37454,3
249,-206.80666,3
250,-196.24113,3
251,-230.76234,3
252,-206.8771,3
253,-291.62537,3
254,-143.31567,3
255,-324.0665,3
256,-107.38406,3
257,-161.83374,3
258,-192.28314,3
259,-282.77457,3
260,-207.81837,3
261,-165.62001,3
262,-269.60767,3
263,-216.213,3
264,-193.06154,3
265,-178.80827,3
266,-255.75008,3
267,-255.07384,3
268,-357.18063,3
269,-168.11212,3
270,-224.13258,3
271,-161.89398,3
272,-213.2782,3
273,-193.49516,3
274,-182.36119,3
275,-214.2049,3
276,-216.86723,3
277,-172.91782,3
278,-195.74785,3
279,-207.2606,3
280,-259.22992,3
281,-276.5181,3
282,-237.73308,3
283,-167.26529,3
284,-217.52443,3
285,-229.72906,3
286,-185.32494,3
287,-289.1654,3
288,-209.51299,3
289,-230.31126,3
290,-191.50316,3
291,-244.58269,3
292,-251.08394,3
293,-165.02312,3
294,-320.99994,3
295,-151.88005,3
296,-195.76831,3
297,-202.51942,3
298,-273.5819,3
299,-278.43463,3
300,-367.13068,3
301,-328.8181,3
302,-146.07848,3
303,-167.29085,3
304,-164.90671,3
305,-196.01785,3
306,-188.2104,3
307,-150.78194,3
308,-154.04405,3
309,-292.30103,3
310,-298.14227,3
311,-195.91162,3
312,-274.15625,3
313,-157.53954,3
314,-254.1285,3
315,-267.71567,3
316,-137.82587,3
317,-223.1532,3
318,-225.59709,3
319,-251.70155,3
320,-170.20093,4
321,-71.91038,4
322,-63.96741,4
323,-105.356514,4
324,-200.23463,4
325,-108.57793,4
326,-92.11185,4
327,-145.50102,4
328,-251.52177,4
329,-82.36379,4
330,-131.06898,4
331,-63.589165,4
332,-140.49585,4
333,-121.266914,4
334,-175.44452,4
335,-64.44764,4
336,-43.298985,4
337,-182.00374,4
338,-123.882675,4
339,-84.7822,4
340,-236.26637,4
341,-113.17402,4
342,-204.2184,4
343,-72.81512,4
344,-110.051025,4
345,-129.96913,4
346,-77.4154,4
347,-94.440636,4
348,-80.05493,4
349,-102.976875,4
350,-187.77281,4
351,-88.82379,4
352,-146.9167,4
353,-87.5848,4
354,-161.41045,4
355,-168.19316,4
356,-199.37993,4
357,-191.00911,4
358,-39.1255,4
359,-101.40836,4
360,-88.1197,4
361,-156.47084,4
362,-102.43197,4
363,-61.21419,4
364,-139.45705,4
365,-163.36664,4
366,-245.4492,4
367,-156.96477,4
368,-109.96798,4
369,-138.38686,4
370,-116.57937,4
371,-60.083996,4
372,-47.315983,4
373,-62.599316,4
374,-190.1999,4
375,-111.50037,4
376,-53.149208,4
377,-125.969444,4
378,-110.57508,4
379,-81.31021,4
380,-155.51712,4
381,-73.93671,4
382,-70.07272,4
383,-109.0274,4
384,-218.57631,4
385,-72.702286,4
386,-130.16052,4
387,-162.84439,4
388,-93.5982,4
389,-186.55945,4
390,-198.56755,4
391,-115.66295,4
392,-134.21628,4
393,-154.78796,4
394,-100.05062,4
395,-138.06688,4
396,-157.0775,4
397,-36.001156,4
398,-77.70698,4
399,-122.36494,4
400,-182.17947,5
401,-166.30998,5
402,-195.79662,5
403,-96.499405,5
404,-219.84706,5
405,-262.04974,5
406,-183.18642,5
407,-219.98567,5
408,-196.33171,5
409,-128.03128,5
410,-233.89032,5
411,-213.18274,5
412,-25.096899,5
413,-177.06569,5
414,-262.81583,5
415,-156.52745,5
416,-244.67484,5
417,-336.09058,5
418,-188.1701,5
419,-172.09154,5
420,-248.26395,5
421,-248.249,5
422,-252.43102,5
423,-246.5269,5
424,-159.99706,5
425,-89.42583,5
426,-215.83247,5
427,-268.82477,5
428,-243.41588,5
429,-148.85258,5
430,-234.2917,5
431,-187.48726,5
432,-129.10602,5
433,-260.55524,5
434,-160.33885,5
435,-122.557625,5
436,-102.088646,5
437,-239.99564,5
438,-45.462666,5
439,-125.29081,5
440,-100.99642,5
441,-313.08093,5
442,-237.07611,5
443,-202.76552,5
444,-135.03903,5
445,-113.32278,5
446,-195.48601,5
447,-323.1451,5
448,-220.95016,5
449,-165.32964,5
450,-79.29152,5
451,-72.81088,5
452,-86.49529,5
453,-204.61525,5
454,-116.85819,5
455,-75.22823,5
456,-232.95628,5
457,-178.49669,5
458,-173.64314,5
459,-203.6278,5
460,-94.53828,5
461,-294.67035,5
462,-296.14197,5
463,-183.94107,5
464,-173.0012,5
465,-128.69966,5
466,-187.93033,5
467,-72.925026,5
468,-144.7301,5
469,-291.3954,5
470,-201.27629,5
471,-252.29681,5
472,-213.63963,5
473,-145.4978,5
474,-108.008385,5
475,-231.91936,5
476,-236.91786,5
477,-141.34663,5
478,-172.3975,5
479,-227.42874,5
480,-153.95909,6
481,-208.3726,6
482,-238.74876,6
483,-171.50343,6
484,-156.67772,6
485,-231.65463,6
486,-313.9843,6
487,-323.13483,6
488,-334.26337,6
489,-238.12994,6
490,-175.9695,6
491,-176.83788,6
492,-108.06695,6
493,-217.7448,6
494,-224.09355,6
495,-194.87561,6
496,-210.72691,6
497,-164.80461,6
498,-131.16042,6
499,-317.11646,6
500,-215.55746,6
501,-130.53098,6
502,-259.78198,6
503,-198.26106,6
504,-223.74521,6
505,-271.85934,6
506,-231.99348,6
507,-210.78136,6
508,-253.73376,6
509,-263.52673,6
510,-169.33629,6
511,-223.35614,6
512,-174.4423,6
513,-220.99901,6
514,-116.1764,6
515,-123.21591,6
516,-247.3663,6
517,-96.0781,6
518,-190.69743,6
519,-155.73067,6
520,-303.89197,6
521,-147.57295,6
522,-172.89326,6
523,-257.74805,6
524,-228.90736,6
525,-142.46706,6
526,-111.72332,6
527,-141.05693,6
528,-251.78581,6
529,-207.38084,6
530,-151.5444,6
531,-152.87523,6
532,-297.07968,6
533,-93.61313,6
534,-260.31595,6
535,-184.05629,6
536,-257.29498,6
537,-271.66748,6
538,-200.41344,6
539,-220.75354,6
540,-171.39116,6
541,-125.70221,6
542,-116.52508,6
543,-158.66907,6
544,-126.199104,6
545,-149.4282,6
546,-206.49072,6
547,-149.74428,6
548,-242.25839,6
549,-157.4345,6
550,-193.51068,6
551,-195.3838,6
552,-140.54887,6
553,-210.05473,6
554,-290.9926,6
555,-182.38983,6
556,-238.6615,6
557,-233.55214,6
558,-227.41685,6
559,-154.08815,6
560,-125.04119,7
561,-39.42875,7
562,-58.098522,7
563,-66.54792,7
564,-121.61418,7
565,-152.30473,7
566,-175.85716,7
567,-82.2485,7
568,-140.85805,7
569,-136.52159,7
570,-169.16573,7
571,-69.38152,7
572,-75.59101,7
573,-131.64229,7
574,-90.54296,7
575,-79.34112,7
576,-65.64826,7
577,-58.86852,7
578,-119.41909,7
579,-46.871593,7
580,-106.81334,7
581,-47.4411,7
582,-87.057884,7
583,-78.63291,7
584,-84.08387,7
585,-72.68275,7
586,-104.363396,7
587,-99.60186,7
588,-62.330086,7
589,-76.00298,7
590,-148.2729,7
591,-47.336315,7
592,-78.8645,7
593,-116.44028,7
594,-84.611786,7
595,-130.04741,7
596,-113.787674,7
597,-197.59164,7
598,-112.177376,7
599,-141.86424,7
600,-229.89514,7
601,-81.69779,7
602,-57.46681,7
603,-102.61645,7
604,-117.85375,7
605,-110.39533,7
606,-74.70617,7
607,-142.82309,7
608,-104.347435,7
609,-79.07872,7
610,-95.248505,7
611,-113.47083,7
612,-66.06224,7
613,-142.08215,7
614,-100.29327,7
615,-51.15968,7
616,-61.975666,7
617,-104.68184,7
618,-140.6534,7
619,-170.41689,7
620,-133.96643,7
621,-95.81483,7
622,-80.55439,7
623,-65.46592,7
624,-45.462128,7
625,-172.62909,7
626,-76.14294,7
627,-78.69297,7
628,-41.869858,7
629,-108.46859,7
630,-116.91079,7
631,-85.1673,7
632,-98.28777,7
633,-75.41361,7
634,-69.20448,7
635,-120.07867,7
636,-87.83032,7
637,-99.5693,7
638,-128.76534,7
639,-47.617413,7
640,-276.0255,8
641,-231.90404,8
642,-103.54177,8
643,-156.27882,8
644,-315.1705,8
645,-109.66528,8
646,-220.49768,8
647,-150.21428,8
648,-129.68887,8
649,-108.12168,8
650,-229.2701,8
651,-109.86537,8
652,-297.346,8
653,-226.89082,8
654,-198.3724,8
655,-185.6956,8
656,-140.35912,8
657,-219.84958,8
658,-110.30222,8
659,-284.08563,8
660,-268.5854,8
661,-190.13434,8
662,-205.47221,8
663,-213.50615,8
664,-282.6125,8
665,-88.835976,8
666,-219.21379,8
667,-156.24486,8
668,-158.35071,8
669,-281.0032,8
670,-160.30574,8
671,-152.30592,8
672,-150.95079,8
673,-245.90627,8
674,-177.7558,8
675,-224.61937,8
676,-133.71677,8
677,-160.79884,8
678,-99.60844,8
679,-241.57571,8
680,-221.82224,8
681,-148.32701,8
682,-220.1061,8
683,-277.45618,8
684,-217.28339,8
685,-138.91794,8
686,-200.36684,8
687,-275.16385,8
688,-200.89786,8
689,-164.27776,8
690,-84.00979,8
691,-219.71841,8
692,-175.21306,8
693,-261.90576,8
694,-147.941,8
695,-117.22504,8
696,-150.5213,8
697,-173.00485,8
698,-141.69383,8
699,-89.71303,8
700,-264.068,8
701,-141.85529,8
702,-121.90829,8
703,-162.55107,8
704,-246.91072,8
705,-176.84395,8
706,-125.39773,8
707,-184.49638,8
708,-126.66546,8
709,-311.6986,8
710,-126.042534,8
711,-121.893364,8
712,-182.7019,8
713,-204.1906,8
714,-114.88187,8
715,-218.14594,8
716,-194.3954,8
717,-207.91855,8
718,-205.46196,8
719,-182.41881,8
720,-131.85889,9
721,-212.83446,9
722,-93.402855,9
723,-179.6816,9
724,-99.52856,9
725,-104.39161,9
726,-136.02968,9
727,-96.50669,9
728,-93.62859,9
729,-65.62867,9
730,-181.05617,9
731,-58.522976,9
732,-94.692955,9
733,-161.82016,9
734,-94.52203,9
735,-155.39595,9
736,-52.47471,9
737,-225.37082,9
738,-198.0239,9
739,-111.35003,9
740,-180.68193,9
741,-134.37816,9
742,-2.7214527,9
743,-169.30376,9
744,-176.33363,9
745,-70.54767,9
746,-50.253284,9
747,-134.231,9
748,-130.04109,9
749,-101.92963,9
750,-55.887505,9
751,-157.80742,9
752,-172.9583,9
753,-132.4094,9
754,-189.20816,9
755,-92.64358,9
756,-139.4963,9
757,-83.10966,9
758,-192.96669,9
759,-47.315548,9
760,-102.60308,9
761,-131.70267,9
762,-57.741344,9
763,-100.9352,9
764,-132.31465,9
765,-59.547543,9
766,-83.40722,9
767,-159.1095,9
768,-90.77241,9
769,-95.99849,9
770,-151.38298,9
771,-124.40357,9
772,-165.2802,9
773,-62.01372,9
774,-121.519966,9
775,-86.47094,9
776,-170.62367,9
777,-92.60032,9
778,-95.94726,9
779,-87.73907,9
780,-191.94127,9
781,-100.24252,9
782,-57.552948,9
783,-138.16011,9
784,-83.1979,9
785,-141.76389,9
786,-141.45921,9
787,-60.643063,9
788,-84.57543,9
789,-100.608536,9
790,-118.47455,9
791,-120.37145,9
792,-155.96684,9
793,-183.05751,9
794,-191.3625,9
795,-91.61604,9
796,-177.9953,9
797,-105.84182,9
798,-132.76018,9
799,-127.79014,9
