Image,Value,Label
0,-345.48666,0
1,-195.78015,0
2,-146.91112,0
3,-325.75497,0
4,-189.09502,0
5,-224.0305,0
6,-290.61337,0
7,-324.40585,0
8,-266.10214,0
9,-213.98613,0
10,-265.82083,0
11,-175.8705,0
12,-362.2103,0
13,-312.3198,0
14,-191.15306,0
15,-134.94106,0
16,-226.57938,0
17,-301.4667,0
18,-346.24655,0
19,-237.27171,0
20,-390.33365,0
21,-266.23007,0
22,-301.1826,0
23,-218.53578,0
24,-279.44162,0
25,-193.88834,0
26,-279.4115,0
27,-252.11786,0
28,-350.28156,0
29,-204.17061,0
30,-255.68654,0
31,-209.3195,0
32,-279.3068,0
33,-194.75926,0
34,-427.36966,0
35,-205.72249,0
36,-266.83585,0
37,-165.75671,0
38,-331.46573,0
39,-139.72003,0
40,-306.20645,0
41,-263.55847,0
42,-380.73373,0
43,-227.02353,0
44,-209.08667,0
45,-315.45657,0
46,-344.94507,0
47,-329.01968,0
48,-182.29146,0
49,-213.49887,0
50,-170.96477,0
51,-303.608,0
52,-290.90427,0
53,-158.42699,0
54,-228.94037,0
55,-241.46356,0
56,-220.7975,0
57,-209.12193,0
58,-376.2853,0
59,-246.76614,0
60,-176.89711,0
61,-294.0193,0
62,-295.3386,0
63,-314.61627,0
64,-365.30048,0
65,-373.47458,0
66,-326.16956,0
67,-246.08147,0
68,-254.03638,0
69,-239.57745,0
70,-287.39526,0
71,-275.63943,0
72,-293.60452,0
73,-373.42676,0
74,-280.4275,0
75,-220.73384,0
76,-321.00577,0
77,-347.54996,0
78,-237.84645,0
79,-166.37715,0
80,-158.5216,1
81,-65.974495,1
82,-169.94359,1
83,-109.74943,1
84,-145.20033,1
85,-147.6701,1
86,-134.49223,1
87,-122.01213,1
88,-170.12614,1
89,-186.20288,1
90,-115.46874,1
91,-117.0255,1
92,-85.885284,1
93,-220.84862,1
94,-186.62619,1
95,-95.11673,1
96,-248.11426,1
97,-111.539215,1
98,-76.35624,1
99,-194.10733,1
100,-126.486305,1
101,-87.575905,1
102,-254.35872,1
103,-92.39271,1
104,-116.99523,1
105,-147.17012,1
106,-167.10048,1
107,-178.4558,1
108,-131.00494,1
109,-114.14321,1
110,-197.57225,1
111,-175.65451,1
112,-175.38692,1
113,-180.63231,1
114,-152.51387,1
115,-111.903854,1
116,-229.11374,1
117,-110.76368,1
118,-184.82082,1
119,-97.72327,1
120,-88.3091,1
121,-151.76016,1
122,-93.789055,1
123,-149.04042,1
124,-80.66354,1
125,-132.38405,1
126,-202.17624,1
127,-82.81232,1
128,-123.12946,1
129,-131.57626,1
130,-180.36954,1
131,-135.86116,1
132,-144.17877,1
133,-125.18253,1
134,-74.11259,1
135,-100.428894,1
136,-171.69215,1
137,-101.981094,1
138,-197.00005,1
139,-172.77632,1
140,-145.21794,1
141,-113.13639,1
142,-162.64526,1
143,-145.28676,1
144,-129.4145,1
145,-182.20518,1
146,-108.442184,1
147,-136.45671,1
148,-155.17645,1
149,-174.5593,1
150,-219.02629,1
151,-188.13017,1
152,-251.57921,1
153,-206.09225,1
154,-214.18048,1
155,-183.14963,1
156,-169.3674,1
157,-124.40488,1
158,-114.42595,1
159,-209.15831,1
160,-131.526,2
161,-176.93947,2
162,-188.2631,2
163,-139.4228,2
164,-343.31467,2
165,-242.09125,2
166,-254.26093,2
167,-295.48172,2
168,-251.5522,2
169,-268.40414,2
170,-221.6592,2
171,-327.15964,2
172,-227.76534,2
173,-154.09491,2
174,-326.41275,2
175,-360.3302,2
176,-225.22633,2
177,-283.6392,2
178,-273.46057,2
179,-302.738,2
180,-98.75977,2
181,-325.4727,2
182,-160.08444,2
183,-243.41798,2
184,-257.36716,2
185,-220.6248,2
186,-184.63704,2
187,-234.9269,2
188,-140.34015,2
189,-128.87683,2
190,-238.11269,2
191,-245.00342,2
192,-222.3571,2
193,-307.93555,2
194,-229.06606,2
195,-246.58992,2
196,-348.68265,2
197,-264.92786,2
198,-158.44284,2
199,-322.92593,2
200,-173.33249,2
201,-233.35715,2
202,-173.42006,2
203,-141.95157,2
204,-225.69176,2
205,-98.84424,2
206,-204.70695,2
207,-441.89682,2
208,-332.1658,2
209,-135.27046,2
210,-315.9268,2
211,-296.5817,2
212,-414.18182,2
213,-222.35886,2
214,-334.50406,2
215,-321.7259,2
216,-219.85896,2
217,-114.43428,2
218,-348.3477,2
219,-304.19272,2
220,-326.9947,2
221,-292.2327,2
222,-240.17003,2
223,-194.82756,2
224,-214.93794,2
225,-265.92676,2
226,-257.79083,2
227,-289.92245,2
228,-214.46696,2
229,-245.25224,2
230,-179.8673,2
231,-208.84425,2
232,-140.9574,2
233,-299.8611,2
234,-388.9977,2
235,-314.18042,2
236,-154.56421,2
237,-322.3342,2
238,-163.77853,2
239,-143.0075,2
240,-224.90425,3
241,-219.48749,3
242,-79.638504,3
243,-165.36925,3
244,-326.72818,3
245,-246.49457,3
246,-311.6464,3
247,-149.12877,3
248,-237.86066,3
249,-149.85555,3
250,-225.37022,3
251,-192.25716,3
252,-269.6751,3
253,-193.79611,3
254,-233.44089,3
255,-361.2626,3
256,-197.27754,3
257,-186.1354,3
258,-246.7044,3
259,-369.85623,3
260,-320.3006,3
261,-181.96535,3
262,-248.87906,3
263,-206.65121,3
264,-158.29903,3
265,-275.85416,3
266,-198.6587,3
267,-239.40535,3
268,-403.83963,3
269,-212.71791,3
270,-165.53024,3
271,-253.98997,3
272,-185.41362,3
273,-233.23422,3
274,-226.56447,3
275,-144.84839,3
276,-313.21973,3
277,-158.71632,3
278,-300.84576,3
279,-165.64204,3
280,-256.86035,3
281,-329.49185,3
282,-349.18286,3
283,-250.72997,3
284,-247.6991,3
285,-253.86873,3
286,-243.64204,3
287,-330.57562,3
288,-272.21295,3
289,-367.61142,3
290,-212.49126,3
291,-243.45845,3
292,-322.34332,3
293,-245.73549,3
294,-293.74222,3
295,-321.07596,3
296,-280.63452,3
297,-277.7282,3
298,-297.88144,3
299,-340.88046,3
300,-253.37746,3
301,-341.82043,3
302,-96.533005,3
303,-176.17844,3
304,-206.0247,3
305,-182.37987,3
306,-180.08958,3
307,-126.09306,3
308,-151.46745,3
309,-295.32193,3
310,-426.79037,3
311,-176.07405,3
312,-213.003,3
313,-181.30608,3
314,-258.3828,3
315,-247.41245,3
316,-134.78589,3
317,-294.2407,3
318,-171.12738,3
319,-306.9538,3
320,-283.38165,4
321,-229.47449,4
322,-173.87227,4
323,-229.81293,4
324,-242.00142,4
325,-228.1266,4
326,-309.77115,4
327,-227.84584,4
328,-328.5231,4
329,-182.71512,4
330,-207.42174,4
331,-184.94032,4
332,-207.72911,4
333,-117.145515,4
334,-260.29977,4
335,-159.35658,4
336,-123.78721,4
337,-261.22977,4
338,-165.18785,4
339,-333.07956,4
340,-301.40848,4
341,-211.02063,4
342,-274.43045,4
343,-263.54306,4
344,-195.12254,4
345,-258.2234,4
346,-203.62227,4
347,-207.75052,4
348,-126.83977,4
349,-237.06343,4
350,-314.74356,4
351,-238.20549,4
352,-304.385,4
353,-273.28256,4
354,-236.17657,4
355,-288.4016,4
356,-242.21765,4
357,-238.3878,4
358,-236.78844,4
359,-175.42592,4
360,-203.16919,4
361,-271.49826,4
362,-152.63654,4
363,-156.02658,4
364,-249.9393,4
365,-168.91548,4
366,-339.87064,4
367,-202.22345,4
368,-200.0061,4
369,-167.76299,4
370,-135.66837,4
371,-222.52968,4
372,-115.374954,4
373,-162.83241,4
374,-219.91405,4
375,-303.20813,4
376,-263.77383,4
377,-173.75198,4
378,-248.76335,4
379,-257.8702,4
380,-321.3975,4
381,-141.47441,4
382,-229.9125,4
383,-217.34196,4
384,-318.02078,4
385,-161.25504,4
386,-292.3634,4
387,-310.87967,4
388,-240.69775,4
389,-305.23407,4
390,-128.08865,4
391,-232.88934,4
392,-294.85535,4
393,-221.88406,4
394,-102.97483,4
395,-218.83916,4
396,-334.47437,4
397,-174.66151,4
398,-124.11923,4
399,-251.10254,4
400,-241.0504,5
401,-170.74718,5
402,-180.31097,5
403,-155.6353,5
404,-167.4337,5
405,-231.67021,5
406,-226.13527,5
407,-303.28195,5
408,-208.265,5
409,-250.835,5
410,-233.74034,5
411,-205.2888,5
412,-77.05434,5
413,-224.69124,5
414,-283.70895,5
415,-217.63246,5
416,-353.7691,5
417,-271.32907,5
418,-202.97295,5
419,-218.23956,5
420,-304.07156,5
421,-275.7785,5
422,-291.55927,5
423,-208.57771,5
424,-153.92581,5
425,-164.62485,5
426,-167.33138,5
427,-280.66534,5
428,-246.64525,5
429,-149.2693,5
430,-291.4461,5
431,-212.05751,5
432,-262.75317,5
433,-254.70195,5
434,-180.70241,5
435,-262.9772,5
436,-168.95714,5
437,-235.192,5
438,-235.5045,5
439,-220.65132,5
440,-235.02794,5
441,-290.57504,5
442,-265.57352,5
443,-152.53629,5
444,-153.30649,5
445,-218.851,5
446,-244.02014,5
447,-283.20352,5
448,-318.2912,5
449,-195.99268,5
450,-148.04083,5
451,-136.71832,5
452,-159.35765,5
453,-248.58586,5
454,-219.91803,5
455,-154.03859,5
456,-302.10257,5
457,-343.34927,5
458,-177.21259,5
459,-225.36046,5
460,-218.6595,5
461,-344.18185,5
462,-226.1374,5
463,-228.72469,5
464,-184.86018,5
465,-152.69014,5
466,-241.02156,5
467,-189.27144,5
468,-165.01003,5
469,-180.2034,5
470,-207.04512,5
471,-249.03545,5
472,-250.70398,5
473,-208.31078,5
474,-217.7405,5
475,-209.43282,5
476,-290.48798,5
477,-114.159485,5
478,-187.46428,5
479,-220.99355,5
480,-194.70418,6
481,-181.96846,6
482,-223.3904,6
483,-260.13416,6
484,-102.103714,6
485,-251.09338,6
486,-302.32767,6
487,-328.1888,6
488,-403.60233,6
489,-252.5042,6
490,-199.46405,6
491,-169.37563,6
492,-186.38927,6
493,-171.89041,6
494,-252.11336,6
495,-296.7991,6
496,-338.89713,6
497,-198.31554,6
498,-159.5844,6
499,-399.5882,6
500,-231.88036,6
501,-235.22508,6
502,-184.70566,6
503,-247.19557,6
504,-202.45415,6
505,-309.33862,6
506,-314.00003,6
507,-303.13464,6
508,-221.6135,6
509,-326.6107,6
510,-235.26585,6
511,-247.57484,6
512,-187.30666,6
513,-225.68669,6
514,-206.09349,6
515,-165.84291,6
516,-271.49124,6
517,-186.24281,6
518,-193.26222,6
519,-162.64178,6
520,-361.0798,6
521,-201.00594,6
522,-237.22603,6
523,-259.1771,6
524,-265.03778,6
525,-164.10875,6
526,-215.4539,6
527,-206.8989,6
528,-250.8499,6
529,-212.66599,6
530,-206.71024,6
531,-299.23462,6
532,-409.03268,6
533,-127.46182,6
534,-295.3785,6
535,-302.85257,6
536,-275.48135,6
537,-333.16544,6
538,-161.74918,6
539,-243.07854,6
540,-172.84616,6
541,-149.45909,6
542,-99.75386,6
543,-237.34007,6
544,-227.33656,6
545,-123.224884,6
546,-212.53233,6
547,-212.58246,6
548,-304.35947,6
549,-181.47142,6
550,-256.91953,6
551,-264.1308,6
552,-197.7019,6
553,-294.14902,6
554,-321.9423,6
555,-215.65926,6
556,-285.26663,6
557,-198.44046,6
558,-198.29591,6
559,-200.44063,6
560,-168.8926,7
561,-179.86617,7
562,-209.86955,7
563,-220.11229,7
564,-281.16766,7
565,-324.75333,7
566,-203.22246,7
567,-208.1665,7
568,-130.34087,7
569,-330.55814,7
570,-199.62032,7
571,-231.26686,7
572,-260.3414,7
573,-253.86015,7
574,-275.608,7
575,-198.91798,7
576,-188.14641,7
577,-235.02914,7
578,-228.36302,7
579,-236.91847,7
580,-224.19008,7
581,-164.4392,7
582,-193.32414,7
583,-183.79628,7
584,-115.726105,7
585,-177.77309,7
586,-152.14137,7
587,-255.86873,7
588,-184.81984,7
589,-194.74358,7
590,-183.55403,7
591,-155.60065,7
592,-211.2292,7
593,-381.42758,7
594,-235.97688,7
595,-260.04846,7
596,-147.99074,7
597,-367.65475,7
598,-209.22478,7
599,-208.52382,7
600,-256.334,7
601,-234.21823,7
602,-239.28128,7
603,-290.7342,7
604,-248.83998,7
605,-154.24681,7
606,-142.34712,7
607,-184.98544,7
608,-188.8043,7
609,-214.34721,7
610,-355.9621,7
611,-166.31415,7
612,-152.53435,7
613,-150.64458,7
614,-111.91176,7
615,-166.80869,7
616,-215.08751,7
617,-281.7837,7
618,-183.91577,7
619,-305.55295,7
620,-243.61171,7
621,-231.7322,7
622,-227.0192,7
623,-196.55351,7
624,-63.869225,7
625,-175.2564,7
626,-251.71228,7
627,-176.20924,7
628,-215.30699,7
629,-241.2202,7
630,-263.46753,7
631,-217.5719,7
632,-226.18694,7
633,-162.08759,7
634,-190.84447,7
635,-224.37514,7
636,-145.96144,7
637,-191.42902,7
638,-222.99626,7
639,-224.9429,7
640,-367.917,8
641,-199.07207,8
642,-199.13957,8
643,-231.49232,8
644,-414.57962,8
645,-215.28651,8
646,-278.27817,8
647,-201.94408,8
648,-190.04944,8
649,-219.24025,8
650,-350.8466,8
651,-190.49132,8
652,-409.51187,8
653,-439.00638,8
654,-362.45047,8
655,-241.41548,8
656,-203.64928,8
657,-242.24992,8
658,-226.34575,8
659,-521.49896,8
660,-279.6877,8
661,-281.07718,8
662,-298.44104,8
663,-302.7728,8
664,-454.98666,8
665,-185.62106,8
666,-407.82578,8
667,-155.94292,8
668,-225.86989,8
669,-429.05087,8
670,-256.77756,8
671,-213.57341,8
672,-244.78894,8
673,-439.4606,8
674,-282.27332,8
675,-319.0135,8
676,-263.05014,8
677,-316.78357,8
678,-246.17139,8
679,-300.23544,8
680,-326.1218,8
681,-287.05594,8
682,-306.19855,8
683,-299.49387,8
684,-247.23766,8
685,-245.14319,8
686,-293.07034,8
687,-444.98193,8
688,-229.33809,8
689,-280.5572,8
690,-271.80368,8
691,-290.5662,8
692,-233.98077,8
693,-416.61673,8
694,-296.05453,8
695,-303.94342,8
696,-381.2769,8
697,-214.5898,8
698,-223.03557,8
699,-204.59998,8
700,-431.02228,8
701,-299.40393,8
702,-222.07388,8
703,-263.39813,8
704,-380.99393,8
705,-344.89865,8
706,-252.59935,8
707,-206.29027,8
708,-181.88898,8
709,-349.62152,8
710,-137.98537,8
711,-219.19417,8
712,-238.3487,8
713,-220.61017,8
714,-213.8792,8
715,-358.23572,8
716,-335.78827,8
717,-234.7961,8
718,-283.53397,8
719,-232.10963,8
720,-270.09476,9
721,-253.67264,9
722,-177.38385,9
723,-419.6022,9
724,-278.84024,9
725,-118.29611,9
726,-188.9681,9
727,-229.78241,9
728,-188.20554,9
729,-226.82164,9
730,-251.37898,9
731,-135.6294,9
732,-253.94708,9
733,-190.50958,9
734,-207.16463,9
735,-221.5705,9
736,-265.45575,9
737,-235.50125,9
738,-269.96948,9
739,-179.57173,9
740,-317.5814,9
741,-214.32646,9
742,-217.91324,9
743,-202.95494,9
744,-214.99464,9
745,-296.34424,9
746,-136.6996,9
747,-194.60892,9
748,-173.9135,9
749,-278.6261,9
750,-238.85356,9
751,-157.9133,9
752,-306.33838,9
753,-280.96652,9
754,-340.36874,9
755,-134.76778,9
756,-181.25397,9
757,-132.42076,9
758,-284.70383,9
759,-110.50632,9
760,-168.47801,9
761,-334.04977,9
762,-282.98074,9
763,-163.3189,9
764,-246.10107,9
765,-229.33063,9
766,-219.69214,9
767,-174.3111,9
768,-168.59224,9
769,-111.78986,9
770,-163.25514,9
771,-252.33574,9
772,-235.96745,9
773,-209.33588,9
774,-231.63382,9
775,-207.13683,9
776,-286.7408,9
777,-175.73216,9
778,-155.16887,9
779,-110.50608,9
780,-311.31598,9
781,-231.59258,9
782,-189.26208,9
783,-148.73256,9
784,-207.32753,9
785,-217.58736,9
786,-272.45865,9
787,-158.03683,9
788,-177.02043,9
789,-242.34227,9
790,-271.53888,9
791,-199.15176,9
792,-286.42264,9
793,-175.21922,9
794,-259.0649,9
795,-280.0206,9
796,-212.34073,9
797,-229.99437,9
798,-305.9651,9
799,-159.92287,9
