Image,Value,Label
0,-279.2607,0
1,-116.84518,0
2,-123.3799,0
3,-150.22215,0
4,-109.4258,0
5,-77.043686,0
6,-167.80598,0
7,-273.93918,0
8,-286.95996,0
9,-169.71227,0
10,-49.00461,0
11,-139.1031,0
12,-368.63812,0
13,-283.86237,0
14,-250.04007,0
15,-77.4423,0
16,-60.10376,0
17,-222.77788,0
18,-189.73308,0
19,-108.68268,0
20,-202.93553,0
21,-139.07587,0
22,-132.96669,0
23,-120.657455,0
24,-250.95111,0
25,-104.60365,0
26,-269.5202,0
27,-130.31409,0
28,-164.01176,0
29,-151.69994,0
30,-107.65097,0
31,27.912327,0
32,-189.9441,0
33,-22.27803,0
34,-247.77702,0
35,-113.99519,0
36,-147.7779,0
37,-136.29033,0
38,-165.07251,0
39,38.60191,0
40,-215.29654,0
41,-182.37404,0
42,-222.32704,0
43,-139.53677,0
44,-94.35728,0
45,-81.972725,0
46,-118.18432,0
47,-250.33257,0
48,-107.75039,0
49,-135.90831,0
50,-89.73787,0
51,-131.77913,0
52,-208.06584,0
53,-77.16149,0
54,-200.56386,0
55,-223.96843,0
56,-173.21931,0
57,-97.88574,0
58,-195.13907,0
59,-52.75892,0
60,-147.46878,0
61,-204.97955,0
62,-183.21959,0
63,-155.7015,0
64,-122.12886,0
65,-144.17946,0
66,-278.0026,0
67,-186.88786,0
68,-173.32356,0
69,-184.38173,0
70,-137.58852,0
71,-112.357765,0
72,-264.04892,0
73,-141.26616,0
74,-229.40736,0
75,-158.3766,0
76,-77.63393,0
77,-207.74065,0
78,-149.00992,0
79,-200.50557,0
80,22.535059,1
81,70.49491,1
82,110.05864,1
83,132.67659,1
84,74.12229,1
85,15.608575,1
86,116.78551,1
87,124.69822,1
88,114.10213,1
89,-37.04333,1
90,82.675674,1
91,33.71114,1
92,-56.90782,1
93,-33.844143,1
94,-63.212814,1
95,85.3094,1
96,-2.8341744,1
97,49.74581,1
98,11.96885,1
99,83.16839,1
100,99.49867,1
101,68.27137,1
102,-82.74293,1
103,52.533012,1
104,59.976223,1
105,130.03836,1
106,-63.545044,1
107,-29.320065,1
108,62.608242,1
109,-1.7969582,1
110,-77.4787,1
111,109.38706,1
112,21.204676,1
113,-25.070362,1
114,-17.797777,1
115,12.616199,1
116,90.61685,1
117,70.21162,1
118,-37.52866,1
119,35.89008,1
120,26.311451,1
121,122.448265,1
122,-20.139437,1
123,65.11221,1
124,-22.537384,1
125,88.186325,1
126,63.55097,1
127,0.69519496,1
128,-46.39003,1
129,86.40455,1
130,23.493982,1
131,71.98318,1
132,80.48542,1
133,49.664158,1
134,66.07321,1
135,-34.615414,1
136,28.441895,1
137,42.706043,1
138,6.009543,1
139,87.32437,1
140,99.69306,1
141,87.30251,1
142,-54.603718,1
143,-0.20838474,1
144,-57.990993,1
145,-53.963528,1
146,-13.746345,1
147,-14.619632,1
148,129.5182,1
149,-62.357265,1
150,-27.48452,1
151,-93.79774,1
152,-69.25679,1
153,-37.377537,1
154,118.405975,1
155,-27.911922,1
156,-73.31537,1
157,85.94052,1
158,124.95305,1
159,85.32079,1
160,-84.550026,2
161,-226.32469,2
162,-169.97417,2
163,-108.922874,2
164,-246.80669,2
165,-227.10048,2
166,57.552258,2
167,-288.2758,2
168,-39.397316,2
169,-150.38577,2
170,-100.59765,2
171,-154.12337,2
172,-82.546265,2
173,-63.79349,2
174,-226.25081,2
175,-225.99605,2
176,-9.632439,2
177,-170.66432,2
178,-217.7234,2
179,-157.0312,2
180,131.41057,2
181,-281.9059,2
182,-223.59839,2
183,-219.7474,2
184,-159.2228,2
185,-146.74104,2
186,8.0325365,2
187,-103.553406,2
188,-63.745255,2
189,-11.768786,2
190,-87.88887,2
191,-70.80047,2
192,-149.74385,2
193,-230.55293,2
194,-110.527435,2
195,-87.597855,2
196,-226.59299,2
197,-63.690105,2
198,-156.59612,2
199,-285.53958,2
200,-164.29259,2
201,-293.67816,2
202,-16.24608,2
203,-177.99269,2
204,-159.64885,2
205,-99.65822,2
206,-58.120888,2
207,-216.79138,2
208,-204.52992,2
209,-188.92058,2
210,-2.5234978,2
211,-159.6667,2
212,-189.20215,2
213,-110.29716,2
214,-210.89635,2
215,-90.47528,2
216,12.904284,2
217,-15.5598345,2
218,-298.95468,2
219,-231.57445,2
220,-282.64212,2
221,-276.41415,2
222,-229.12624,2
223,-180.60704,2
224,78.05355,2
225,-132.5319,2
226,-226.26826,2
227,-111.501274,2
228,-197.57199,2
229,-234.20238,2
230,-127.01053,2
231,-61.669003,2
232,-51.85766,2
233,-348.23587,2
234,-201.1689,2
235,-298.04166,2
236,-101.87091,2
237,-261.62134,2
238,-22.327343,2
239,-97.35959,2
240,-130.48538,3
241,-73.42297,3
242,-89.42817,3
243,-34.940033,3
244,-132.03355,3
245,-172.95717,3
246,-196.66968,3
247,-18.265797,3
248,-176.24272,3
249,-109.02985,3
250,-156.66866,3
251,-34.078327,3
252,-105.37587,3
253,-109.29871,3
254,-187.52608,3
255,-218.84193,3
256,-87.68211,3
257,-148.10356,3
258,-195.59923,3
259,-276.7532,3
260,-209.66512,3
261,-148.26692,3
262,-161.34969,3
263,-31.056606,3
264,-108.764694,3
265,-125.6629,3
266,-84.779976,3
267,-93.96286,3
268,-252.71758,3
269,-43.6897,3
270,-127.30195,3
271,-185.54367,3
272,-121.47567,3
273,-16.923067,3
274,-43.87704,3
275,-125.31938,3
276,-173.71638,3
277,-132.32568,3
278,-157.86006,3
279,-6.669514,3
280,-134.99727,3
281,-291.676,3
282,-165.5739,3
283,10.943335,3
284,-1.5953591,3
285,-111.811066,3
286,-107.71763,3
287,-110.076126,3
288,-140.22879,3
289,-74.15027,3
290,-141.51372,3
291,-119.3647,3
292,-121.056564,3
293,-177.70267,3
294,-103.938614,3
295,-27.901966,3
296,-116.3777,3
297,-192.59135,3
298,-33.227528,3
299,-273.71347,3
300,-242.70868,3
301,-106.28558,3
302,-7.8969736,3
303,-8.313365,3
304,-80.02615,3
305,-39.622993,3
306,-121.24733,3
307,-64.93352,3
308,-8.524419,3
309,-166.04759,3
310,-302.7089,3
311,-45.24622,3
312,-98.73631,3
313,-43.603695,3
314,-158.57365,3
315,-151.62978,3
316,-40.200573,3
317,-165.08376,3
318,-66.0963,3
319,-123.84768,3
320,16.0264,4
321,21.036352,4
322,-53.014675,4
323,-38.43095,4
324,-33.23644,4
325,-17.199944,4
326,27.829868,4
327,31.12209,4
328,57.529263,4
329,-31.5981,4
330,-41.846954,4
331,4.5306616,4
332,10.960847,4
333,104.21248,4
334,0.43650317,4
335,-2.2234643,4
336,38.23984,4
337,-39.044804,4
338,-63.790146,4
339,-44.198826,4
340,-97.72708,4
341,2.5298584,4
342,-53.491375,4
343,-25.35039,4
344,56.951336,4
345,-49.740555,4
346,-15.233157,4
347,-67.40649,4
348,-33.539528,4
349,33.429497,4
350,34.025387,4
351,-92.18291,4
352,-105.30037,4
353,-51.40258,4
354,-4.5393906,4
355,22.00365,4
356,-45.307743,4
357,-12.0628,4
358,-37.664646,4
359,-30.919727,4
360,-26.15419,4
361,-11.880437,4
362,-18.786472,4
363,-33.56146,4
364,-42.374638,4
365,11.165,4
366,46.635876,4
367,42.42374,4
368,-24.195343,4
369,25.050861,4
370,-39.03047,4
371,-10.910827,4
372,-5.422161,4
373,23.651575,4
374,-36.94244,4
375,-12.411387,4
376,-2.8625195,4
377,59.82719,4
378,-3.6422093,4
379,-42.28291,4
380,10.983591,4
381,-29.585506,4
382,26.595448,4
383,16.985588,4
384,-27.940563,4
385,11.1607685,4
386,43.997803,4
387,-26.466335,4
388,6.41241,4
389,70.82286,4
390,22.9767,4
391,2.373738,4
392,5.309251,4
393,-22.512138,4
394,52.317554,4
395,-64.48329,4
396,-87.006714,4
397,-89.79492,4
398,-59.71222,4
399,-11.292365,4
400,-60.05805,5
401,-158.69073,5
402,-87.48169,5
403,-63.79695,5
404,-76.550285,5
405,-184.75023,5
406,-81.3176,5
407,-114.7746,5
408,-144.97537,5
409,2.6508987,5
410,-188.28836,5
411,-83.90252,5
412,52.034622,5
413,-41.298023,5
414,-215.80635,5
415,-54.979557,5
416,-179.50812,5
417,-164.31752,5
418,-23.384743,5
419,-141.70345,5
420,-205.96628,5
421,-225.27281,5
422,-37.45814,5
423,-91.82527,5
424,-38.916965,5
425,-20.615059,5
426,-9.653739,5
427,-235.06354,5
428,-130.3279,5
429,-137.89894,5
430,-164.51942,5
431,-110.399994,5
432,-164.35817,5
433,-134.81364,5
434,-121.71035,5
435,-192.02403,5
436,18.354177,5
437,-75.87542,5
438,-21.458704,5
439,82.748764,5
440,-16.191525,5
441,-142.98343,5
442,-180.29132,5
443,-84.42375,5
444,1.7232864,5
445,-113.29993,5
446,-120.82366,5
447,-43.720303,5
448,-117.245605,5
449,-4.438243,5
450,-12.634585,5
451,-58.757057,5
452,44.371628,5
453,-151.82323,5
454,-26.328362,5
455,-7.4876823,5
456,-188.91719,5
457,-113.99283,5
458,-45.470432,5
459,-22.558561,5
460,-42.00411,5
461,-183.81696,5
462,-188.33992,5
463,-197.41289,5
464,-22.509533,5
465,-67.51543,5
466,-221.16307,5
467,-34.379364,5
468,-114.91127,5
469,-203.40392,5
470,-84.35647,5
471,-179.16216,5
472,-194.4036,5
473,-70.47159,5
474,-173.29124,5
475,-14.369306,5
476,-176.02783,5
477,-154.42863,5
478,-54.84312,5
479,-226.47495,5
480,-76.91357,6
481,-56.289246,6
482,-170.85619,6
483,-105.57976,6
484,-54.608986,6
485,-126.963715,6
486,-176.59875,6
487,-182.98743,6
488,-178.25357,6
489,-145.03304,6
490,-126.12276,6
491,-35.102154,6
492,-15.444354,6
493,-128.28233,6
494,-98.261185,6
495,-101.16492,6
496,-61.18544,6
497,-196.65358,6
498,-70.472435,6
499,-109.4695,6
500,-90.392685,6
501,-134.80331,6
502,-86.28032,6
503,-105.612946,6
504,-62.51412,6
505,-155.33818,6
506,-154.84964,6
507,-150.14815,6
508,-62.253765,6
509,-208.4829,6
510,-196.23589,6
511,-199.16116,6
512,-102.57757,6
513,-202.99068,6
514,-66.66313,6
515,-114.994156,6
516,-35.320103,6
517,-72.3057,6
518,-71.70018,6
519,-54.991722,6
520,-135.69722,6
521,-144.70572,6
522,-207.11421,6
523,-140.26468,6
524,-138.398,6
525,-122.21309,6
526,-90.56277,6
527,-175.16606,6
528,-188.21083,6
529,-60.22858,6
530,-41.792904,6
531,-94.55293,6
532,-185.90393,6
533,2.5005176,6
534,-13.197307,6
535,-110.48224,6
536,-226.03789,6
537,-145.15125,6
538,-123.25605,6
539,-89.57888,6
540,-97.1373,6
541,-83.32927,6
542,-37.019646,6
543,-57.130505,6
544,-82.84768,6
545,-75.50322,6
546,-101.41171,6
547,-38.27093,6
548,-106.68501,6
549,-89.2249,6
550,-148.47911,6
551,-44.552464,6
552,-62.701687,6
553,-100.02195,6
554,-100.25168,6
555,-173.39763,6
556,-43.71587,6
557,-76.04519,6
558,-99.948616,6
559,-50.88836,6
560,-15.535838,7
561,-13.439936,7
562,-10.197894,7
563,-33.99976,7
564,19.615738,7
565,-24.25956,7
566,-11.321431,7
567,36.158085,7
568,150.01416,7
569,-128.62085,7
570,-83.04159,7
571,-13.030551,7
572,-20.457903,7
573,-63.42262,7
574,-73.941605,7
575,-43.98911,7
576,66.77696,7
577,-140.89648,7
578,-51.70599,7
579,-77.95082,7
580,-108.05557,7
581,-5.8979483,7
582,-56.716686,7
583,-23.735643,7
584,63.55046,7
585,-32.767574,7
586,43.898937,7
587,-47.09321,7
588,-27.500275,7
589,63.945164,7
590,77.577286,7
591,-44.39075,7
592,-47.090946,7
593,-109.27678,7
594,41.48172,7
595,-40.635918,7
596,26.78818,7
597,-1.9436867,7
598,-102.84196,7
599,98.474335,7
600,-16.392746,7
601,-18.923409,7
602,13.769246,7
603,-20.961239,7
604,-41.66003,7
605,47.157757,7
606,14.73393,7
607,109.80646,7
608,17.446325,7
609,-53.890896,7
610,-50.511284,7
611,-7.4619055,7
612,47.33221,7
613,-66.44599,7
614,149.53363,7
615,-57.653748,7
616,12.923056,7
617,-24.515615,7
618,-40.09049,7
619,187.1777,7
620,68.77275,7
621,-13.335273,7
622,27.104652,7
623,-49.13809,7
624,-98.38442,7
625,-37.974964,7
626,-123.275276,7
627,26.433441,7
628,42.76042,7
629,-44.520283,7
630,40.115967,7
631,-83.76674,7
632,-65.33035,7
633,-7.4721947,7
634,120.2704,7
635,-3.6170037,7
636,41.710503,7
637,-23.42505,7
638,-128.50429,7
639,-25.071533,7
640,-244.54117,8
641,-199.10913,8
642,-160.38142,8
643,-29.695736,8
644,-178.55968,8
645,-23.194134,8
646,-116.37358,8
647,-110.156235,8
648,-1.907718,8
649,-107.51594,8
650,-172.87056,8
651,-108.41997,8
652,-200.79558,8
653,-259.50824,8
654,-187.65561,8
655,-212.36153,8
656,-55.75944,8
657,-146.3907,8
658,-111.22148,8
659,-247.21577,8
660,-71.08324,8
661,-132.11487,8
662,-192.67291,8
663,-250.67311,8
664,-50.55826,8
665,-98.40881,8
666,-62.962914,8
667,-91.457466,8
668,-85.05714,8
669,-129.85623,8
670,-153.41597,8
671,-89.37824,8
672,-102.15464,8
673,-222.69852,8
674,-58.414837,8
675,-134.18983,8
676,-178.94334,8
677,-70.765755,8
678,-102.06165,8
679,-178.43477,8
680,-137.74217,8
681,-172.19371,8
682,-197.86461,8
683,-227.38197,8
684,-58.53602,8
685,-72.88219,8
686,-133.0384,8
687,-182.10287,8
688,-127.076965,8
689,-132.70934,8
690,-68.461464,8
691,-141.44907,8
692,-169.04361,8
693,-202.55727,8
694,-197.22682,8
695,-84.89724,8
696,-243.39424,8
697,-90.599014,8
698,22.398659,8
699,-59.10992,8
700,-165.64217,8
701,-40.177036,8
702,-132.68845,8
703,-133.41545,8
704,-181.32137,8
705,-145.87187,8
706,-39.80225,8
707,-55.109177,8
708,-51.938908,8
709,-150.38445,8
710,-41.19838,8
711,-90.04901,8
712,-11.923865,8
713,-88.282814,8
714,25.076307,8
715,-143.11961,8
716,-142.3455,8
717,-113.83298,8
718,-123.49552,8
719,-88.02351,8
720,-70.119545,9
721,35.38227,9
722,-66.93149,9
723,45.8557,9
724,-81.36537,9
725,-14.382255,9
726,-7.445096,9
727,-84.95428,9
728,-53.54567,9
729,-16.619854,9
730,-112.31767,9
731,-40.009544,9
732,-149.55775,9
733,-54.966694,9
734,-27.231863,9
735,-26.480764,9
736,-95.93446,9
737,-71.6181,9
738,-51.887478,9
739,-59.00241,9
740,-30.702097,9
741,-48.52227,9
742,-49.7687,9
743,-34.764797,9
744,-146.18407,9
745,-143.21138,9
746,-38.67511,9
747,-36.20245,9
748,-8.663502,9
749,-38.74422,9
750,-90.10272,9
751,-42.670925,9
752,-8.7540655,9
753,-37.238594,9
754,-60.00349,9
755,16.014122,9
756,-23.840279,9
757,-50.353962,9
758,-104.92649,9
759,-34.51007,9
760,6.427701,9
761,-67.67532,9
762,-115.88338,9
763,-44.9464,9
764,-79.298416,9
765,-61.617176,9
766,15.573838,9
767,-27.467321,9
768,-16.878332,9
769,-17.554514,9
770,23.552418,9
771,2.416371,9
772,-70.44821,9
773,-7.2797136,9
774,-83.098,9
775,-57.723522,9
776,12.317414,9
777,-35.484745,9
778,-53.76458,9
779,-26.539604,9
780,-60.615612,9
781,-137.17477,9
782,-6.3055105,9
783,17.347103,9
784,-76.94269,9
785,-51.997242,9
786,-128.83583,9
787,-29.049358,9
788,-39.692806,9
789,-19.48315,9
790,-74.955215,9
791,-82.1539,9
792,-42.068478,9
793,-75.88189,9
794,-52.241623,9
795,-24.648102,9
796,-37.940983,9
797,-35.250233,9
798,7.2147512,9
799,-18.358032,9
