Image,Value,Label
0,-316.3839,0
1,-177.10667,0
2,-136.45358,0
3,-287.93137,0
4,-200.24385,0
5,-244.0377,0
6,-296.05127,0
7,-300.36755,0
8,-212.1882,0
9,-261.7153,0
10,-239.53085,0
11,-163.83844,0
12,-337.64542,0
13,-259.92123,0
14,-181.34682,0
15,-158.269,0
16,-235.7647,0
17,-257.68436,0
18,-316.88834,0
19,-229.63376,0
20,-407.9504,0
21,-242.72644,0
22,-268.52573,0
23,-184.33978,0
24,-239.25584,0
25,-231.09355,0
26,-220.50792,0
27,-239.46167,0
28,-309.7088,0
29,-173.08047,0
30,-229.10777,0
31,-244.17334,0
32,-199.24947,0
33,-219.5613,0
34,-399.13477,0
35,-212.34938,0
36,-252.50484,0
37,-161.49211,0
38,-303.92798,0
39,-214.77034,0
40,-242.80397,0
41,-291.15915,0
42,-426.36328,0
43,-206.8639,0
44,-219.8008,0
45,-311.00037,0
46,-376.04132,0
47,-279.36154,0
48,-184.6519,0
49,-188.31169,0
50,-122.50391,0
51,-273.30002,0
52,-252.01302,0
53,-195.70412,0
54,-185.45042,0
55,-169.75647,0
56,-224.42635,0
57,-155.32896,0
58,-331.79578,0
59,-216.49962,0
60,-158.17067,0
61,-264.97195,0
62,-235.65039,0
63,-383.54895,0
64,-355.06494,0
65,-391.3312,0
66,-309.83582,0
67,-214.85112,0
68,-212.27736,0
69,-229.38365,0
70,-294.327,0
71,-299.77878,0
72,-287.72614,0
73,-432.9021,0
74,-281.83472,0
75,-204.05382,0
76,-264.95227,0
77,-373.53687,0
78,-168.86531,0
79,-153.04921,0
80,-146.27304,1
81,-73.05498,1
82,-178.92519,1
83,-92.89774,1
84,-184.56657,1
85,-131.69827,1
86,-101.351456,1
87,-99.43351,1
88,-155.15506,1
89,-182.81584,1
90,-138.45633,1
91,-117.47912,1
92,-71.26632,1
93,-201.90544,1
94,-180.01419,1
95,-83.32701,1
96,-204.89424,1
97,-136.83379,1
98,-99.18989,1
99,-177.39496,1
100,-112.62693,1
101,-116.88269,1
102,-210.26645,1
103,-96.85638,1
104,-142.85329,1
105,-136.67245,1
106,-164.28017,1
107,-180.14214,1
108,-146.35631,1
109,-142.13612,1
110,-180.21004,1
111,-159.10191,1
112,-181.27364,1
113,-154.83107,1
114,-163.01503,1
115,-117.148926,1
116,-206.32225,1
117,-141.15367,1
118,-158.07901,1
119,-150.21127,1
120,-95.94212,1
121,-127.55438,1
122,-109.823006,1
123,-142.40887,1
124,-69.38524,1
125,-134.88283,1
126,-172.28914,1
127,-105.64754,1
128,-118.50968,1
129,-113.45995,1
130,-152.14172,1
131,-113.12258,1
132,-100.34301,1
133,-159.60835,1
134,-85.57804,1
135,-125.58742,1
136,-145.30019,1
137,-108.83054,1
138,-168.72981,1
139,-147.13757,1
140,-134.09183,1
141,-130.01231,1
142,-157.90001,1
143,-153.04619,1
144,-109.13764,1
145,-184.70625,1
146,-88.594,1
147,-146.70216,1
148,-156.44867,1
149,-202.3753,1
150,-167.25047,1
151,-195.06342,1
152,-259.10425,1
153,-188.72823,1
154,-187.45491,1
155,-196.06499,1
156,-228.66768,1
157,-143.68356,1
158,-104.7395,1
159,-196.97118,1
160,-132.62442,2
161,-233.7118,2
162,-195.27492,2
163,-186.75432,2
164,-298.3809,2
165,-302.31363,2
166,-224.63841,2
167,-278.46643,2
168,-234.59216,2
169,-335.1764,2
170,-153.57288,2
171,-324.0965,2
172,-196.07512,2
173,-280.2188,2
174,-263.77612,2
175,-337.9747,2
176,-229.51173,2
177,-239.42763,2
178,-266.85974,2
179,-337.82343,2
180,-78.303505,2
181,-417.78616,2
182,-289.04236,2
183,-288.63013,2
184,-179.95311,2
185,-230.85794,2
186,-270.89722,2
187,-207.87071,2
188,-129.13948,2
189,-118.375435,2
190,-196.28276,2
191,-248.89195,2
192,-260.9139,2
193,-323.6647,2
194,-228.7707,2
195,-194.77672,2
196,-360.74054,2
197,-289.48468,2
198,-209.52318,2
199,-293.511,2
200,-189.67023,2
201,-227.96635,2
202,-144.47166,2
203,-230.39378,2
204,-260.83783,2
205,-155.79272,2
206,-205.55864,2
207,-382.896,2
208,-317.0161,2
209,-326.59308,2
210,-336.1789,2
211,-244.27884,2
212,-475.39343,2
213,-247.37128,2
214,-323.35242,2
215,-288.17493,2
216,-180.80673,2
217,-95.8901,2
218,-297.3072,2
219,-380.01605,2
220,-320.1619,2
221,-314.6674,2
222,-288.90308,2
223,-185.91545,2
224,-206.5879,2
225,-315.455,2
226,-373.62592,2
227,-323.783,2
228,-216.02887,2
229,-247.74986,2
230,-208.14503,2
231,-220.43114,2
232,-201.66745,2
233,-369.64685,2
234,-342.52057,2
235,-347.07263,2
236,-133.92215,2
237,-243.73262,2
238,-199.92992,2
239,-239.68706,2
240,-273.93945,3
241,-219.12466,3
242,-170.82016,3
243,-120.1619,3
244,-325.72195,3
245,-252.89285,3
246,-341.28003,3
247,-164.78801,3
248,-289.14954,3
249,-200.20216,3
250,-250.64278,3
251,-182.63893,3
252,-245.86789,3
253,-243.82242,3
254,-206.52797,3
255,-285.86713,3
256,-147.33252,3
257,-186.48958,3
258,-243.87314,3
259,-366.1109,3
260,-275.85083,3
261,-224.1472,3
262,-226.54407,3
263,-238.45213,3
264,-176.32954,3
265,-241.79588,3
266,-243.37758,3
267,-250.02861,3
268,-391.4822,3
269,-216.48903,3
270,-174.83966,3
271,-237.96967,3
272,-228.00931,3
273,-226.15034,3
274,-255.07352,3
275,-209.43062,3
276,-328.84952,3
277,-166.12291,3
278,-295.93198,3
279,-259.03787,3
280,-259.37817,3
281,-275.46176,3
282,-338.1839,3
283,-297.0515,3
284,-211.07074,3
285,-195.29602,3
286,-250.27992,3
287,-316.9361,3
288,-278.62006,3
289,-355.592,3
290,-264.19666,3
291,-243.96649,3
292,-260.98666,3
293,-218.35207,3
294,-326.71265,3
295,-299.34564,3
296,-286.41074,3
297,-282.58813,3
298,-289.3432,3
299,-329.24432,3
300,-340.06845,3
301,-391.18954,3
302,-127.13172,3
303,-205.37373,3
304,-172.59477,3
305,-185.60771,3
306,-192.3029,3
307,-143.1974,3
308,-148.8089,3
309,-319.16553,3
310,-423.3302,3
311,-194.92024,3
312,-235.46394,3
313,-165.93948,3
314,-225.40453,3
315,-293.2705,3
316,-154.90126,3
317,-283.20117,3
318,-196.78935,3
319,-306.41602,3
320,-302.4856,4
321,-245.2658,4
322,-215.49452,4
323,-233.00894,4
324,-275.28787,4
325,-175.0766,4
326,-326.9517,4
327,-242.93382,4
328,-289.61584,4
329,-193.87135,4
330,-184.18805,4
331,-247.42375,4
332,-223.14618,4
333,-124.1219,4
334,-279.66565,4
335,-254.45787,4
336,-170.58415,4
337,-227.59511,4
338,-224.00272,4
339,-317.90265,4
340,-333.7761,4
341,-184.13869,4
342,-270.96826,4
343,-205.88016,4
344,-299.41107,4
345,-222.04475,4
346,-226.50012,4
347,-221.67252,4
348,-147.54369,4
349,-244.2353,4
350,-351.1469,4
351,-189.1457,4
352,-283.74802,4
353,-234.07068,4
354,-191.73174,4
355,-282.0323,4
356,-341.27695,4
357,-261.32962,4
358,-243.0242,4
359,-129.50455,4
360,-244.06648,4
361,-276.3385,4
362,-142.53639,4
363,-146.77252,4
364,-235.20735,4
365,-209.57652,4
366,-357.9334,4
367,-192.38252,4
368,-232.67558,4
369,-163.77206,4
370,-193.75816,4
371,-227.97473,4
372,-153.9401,4
373,-204.85396,4
374,-245.53256,4
375,-289.27087,4
376,-261.28534,4
377,-198.35435,4
378,-269.3385,4
379,-214.43715,4
380,-283.57092,4
381,-237.39534,4
382,-251.96812,4
383,-227.50146,4
384,-248.56432,4
385,-198.03174,4
386,-288.62164,4
387,-286.77115,4
388,-217.90184,4
389,-300.91724,4
390,-128.70288,4
391,-251.50304,4
392,-251.0476,4
393,-229.88127,4
394,-122.17655,4
395,-251.34836,4
396,-327.84082,4
397,-158.55518,4
398,-181.4176,4
399,-310.53903,4
400,-199.96123,5
401,-134.56519,5
402,-236.39442,5
403,-204.85593,5
404,-228.61363,5
405,-226.91704,5
406,-219.72166,5
407,-252.75618,5
408,-241.05975,5
409,-213.67711,5
410,-274.35303,5
411,-217.15419,5
412,-137.71931,5
413,-164.96141,5
414,-310.83914,5
415,-227.82845,5
416,-301.77158,5
417,-289.75165,5
418,-216.55919,5
419,-222.65248,5
420,-306.9793,5
421,-322.53732,5
422,-306.02112,5
423,-299.96606,5
424,-211.73912,5
425,-146.16043,5
426,-224.85457,5
427,-352.75046,5
428,-261.5945,5
429,-200.58553,5
430,-297.7221,5
431,-245.59828,5
432,-229.65692,5
433,-293.515,5
434,-189.93571,5
435,-312.4839,5
436,-211.26978,5
437,-272.74005,5
438,-248.69214,5
439,-246.80177,5
440,-238.81104,5
441,-357.68353,5
442,-312.83582,5
443,-216.66438,5
444,-178.59937,5
445,-250.7301,5
446,-270.23087,5
447,-328.3177,5
448,-419.96234,5
449,-235.10999,5
450,-172.84401,5
451,-146.80458,5
452,-211.84448,5
453,-224.67967,5
454,-214.89699,5
455,-228.38399,5
456,-286.63818,5
457,-287.92557,5
458,-187.86479,5
459,-277.3932,5
460,-209.75766,5
461,-307.693,5
462,-253.97572,5
463,-228.84496,5
464,-251.48619,5
465,-132.59496,5
466,-320.51718,5
467,-195.99275,5
468,-163.1525,5
469,-244.13625,5
470,-232.45245,5
471,-318.76398,5
472,-294.75827,5
473,-233.87288,5
474,-205.95041,5
475,-319.34363,5
476,-288.39914,5
477,-176.3282,5
478,-262.9394,5
479,-253.7125,5
480,-206.09927,6
481,-248.15544,6
482,-234.40344,6
483,-273.15012,6
484,-99.50583,6
485,-267.46588,6
486,-311.01465,6
487,-384.1115,6
488,-451.75543,6
489,-263.83325,6
490,-203.43788,6
491,-198.65059,6
492,-196.22633,6
493,-233.44576,6
494,-208.4038,6
495,-331.71414,6
496,-310.51117,6
497,-265.85294,6
498,-185.71135,6
499,-391.92294,6
500,-254.60423,6
501,-245.29414,6
502,-208.73564,6
503,-237.51619,6
504,-247.75114,6
505,-333.0768,6
506,-319.83182,6
507,-250.97926,6
508,-263.11353,6
509,-399.8998,6
510,-304.8057,6
511,-272.76056,6
512,-234.77895,6
513,-285.17825,6
514,-199.22858,6
515,-192.55537,6
516,-302.0938,6
517,-158.8065,6
518,-199.02126,6
519,-178.13622,6
520,-413.95178,6
521,-260.6468,6
522,-317.72546,6
523,-287.0495,6
524,-289.89502,6
525,-208.06238,6
526,-274.0339,6
527,-229.98679,6
528,-235.0475,6
529,-246.81712,6
530,-200.87651,6
531,-261.2905,6
532,-440.3031,6
533,-157.44273,6
534,-313.52777,6
535,-316.4852,6
536,-282.67462,6
537,-286.58575,6
538,-213.41658,6
539,-226.28947,6
540,-213.70143,6
541,-122.50998,6
542,-136.54073,6
543,-240.2586,6
544,-238.1266,6
545,-172.96733,6
546,-285.85107,6
547,-280.73062,6
548,-274.9798,6
549,-204.01836,6
550,-247.67047,6
551,-299.66913,6
552,-223.7487,6
553,-273.1651,6
554,-377.10004,6
555,-253.35669,6
556,-256.0589,6
557,-221.47072,6
558,-191.8281,6
559,-222.62822,6
560,-186.30066,7
561,-172.4268,7
562,-154.30241,7
563,-247.65945,7
564,-267.94034,7
565,-268.897,7
566,-220.98572,7
567,-227.08563,7
568,-195.00401,7
569,-304.39655,7
570,-200.10115,7
571,-204.6814,7
572,-237.37767,7
573,-205.91255,7
574,-222.51509,7
575,-178.73404,7
576,-216.61009,7
577,-172.76746,7
578,-262.3636,7
579,-209.62918,7
580,-232.40143,7
581,-151.85365,7
582,-187.00665,7
583,-192.51854,7
584,-138.68542,7
585,-145.70561,7
586,-202.99907,7
587,-207.2729,7
588,-143.8469,7
589,-164.84169,7
590,-217.81133,7
591,-122.93834,7
592,-161.44308,7
593,-299.76328,7
594,-223.19005,7
595,-273.29492,7
596,-168.68285,7
597,-305.8951,7
598,-189.02217,7
599,-243.33751,7
600,-243.04524,7
601,-169.24115,7
602,-250.2578,7
603,-280.51633,7
604,-258.83008,7
605,-137.53284,7
606,-136.9185,7
607,-144.08806,7
608,-206.32257,7
609,-170.70195,7
610,-313.38885,7
611,-173.92383,7
612,-200.52739,7
613,-198.81538,7
614,-167.53072,7
615,-126.58037,7
616,-205.22836,7
617,-262.51965,7
618,-192.7571,7
619,-318.1332,7
620,-265.46826,7
621,-229.26979,7
622,-220.16327,7
623,-209.5543,7
624,-64.21939,7
625,-202.95952,7
626,-188.50496,7
627,-191.86012,7
628,-193.3044,7
629,-225.65245,7
630,-240.3262,7
631,-135.67747,7
632,-224.79485,7
633,-184.4777,7
634,-197.50172,7
635,-222.25737,7
636,-166.57166,7
637,-207.55266,7
638,-205.40448,7
639,-176.55933,7
640,-445.3634,8
641,-279.27676,8
642,-223.6014,8
643,-208.58167,8
644,-390.6612,8
645,-182.9717,8
646,-284.38098,8
647,-171.23271,8
648,-207.99702,8
649,-247.70464,8
650,-320.79224,8
651,-253.14294,8
652,-383.06354,8
653,-434.02847,8
654,-335.67078,8
655,-229.76271,8
656,-231.29723,8
657,-225.3149,8
658,-220.88618,8
659,-455.55435,8
660,-338.911,8
661,-286.63654,8
662,-285.87744,8
663,-338.25977,8
664,-500.94247,8
665,-207.94167,8
666,-407.3999,8
667,-138.52327,8
668,-260.4355,8
669,-428.5248,8
670,-240.80925,8
671,-172.59245,8
672,-307.2671,8
673,-405.69385,8
674,-191.09058,8
675,-321.49512,8
676,-231.51837,8
677,-247.95528,8
678,-217.23943,8
679,-314.72107,8
680,-296.91425,8
681,-276.65613,8
682,-325.85956,8
683,-311.01038,8
684,-249.81541,8
685,-254.30026,8
686,-311.4557,8
687,-418.78235,8
688,-282.29712,8
689,-213.16496,8
690,-310.00677,8
691,-334.51294,8
692,-257.98816,8
693,-435.03522,8
694,-245.36815,8
695,-240.91595,8
696,-353.4508,8
697,-177.1678,8
698,-161.84575,8
699,-253.61713,8
700,-360.55298,8
701,-306.79007,8
702,-265.18024,8
703,-220.26591,8
704,-325.9273,8
705,-320.4256,8
706,-338.17212,8
707,-240.38304,8
708,-154.74788,8
709,-312.0468,8
710,-213.95732,8
711,-181.66035,8
712,-228.22455,8
713,-213.06792,8
714,-166.13268,8
715,-312.54422,8
716,-232.83006,8
717,-243.45709,8
718,-269.34033,8
719,-213.97807,8
720,-256.83887,9
721,-327.46317,9
722,-170.91277,9
723,-420.1709,9
724,-245.56194,9
725,-184.95213,9
726,-217.80785,9
727,-185.78334,9
728,-229.54927,9
729,-236.00014,9
730,-269.06262,9
731,-187.4947,9
732,-227.11517,9
733,-228.7926,9
734,-231.29253,9
735,-205.07402,9
736,-230.37375,9
737,-255.70308,9
738,-294.26483,9
739,-241.40176,9
740,-260.4757,9
741,-192.56323,9
742,-200.69383,9
743,-272.37543,9
744,-243.2194,9
745,-300.9774,9
746,-192.74487,9
747,-184.70241,9
748,-181.71283,9
749,-276.6802,9
750,-243.218,9
751,-183.5544,9
752,-358.98557,9
753,-284.19754,9
754,-374.53613,9
755,-133.93456,9
756,-199.5311,9
757,-169.48523,9
758,-267.25256,9
759,-128.042,9
760,-172.78485,9
761,-326.01935,9
762,-268.9969,9
763,-158.66234,9
764,-251.21742,9
765,-297.2871,9
766,-228.10635,9
767,-216.07716,9
768,-199.06197,9
769,-139.76544,9
770,-237.23688,9
771,-240.04999,9
772,-246.82893,9
773,-220.27327,9
774,-214.77312,9
775,-216.72856,9
776,-292.0561,9
777,-238.23613,9
778,-210.3329,9
779,-203.47572,9
780,-298.28375,9
781,-192.10515,9
782,-185.50354,9
783,-154.32243,9
784,-221.70616,9
785,-282.44595,9
786,-229.41132,9
787,-183.79536,9
788,-236.66138,9
789,-278.57382,9
790,-267.09995,9
791,-198.03978,9
792,-328.04636,9
793,-158.5682,9
794,-212.10468,9
795,-277.70654,9
796,-188.59694,9
797,-232.51207,9
798,-356.56226,9
799,-192.46477,9
