Image,Value,Label
0,-252.5714,0
1,-160.32628,0
2,-204.82352,0
3,-327.81247,0
4,-284.9446,0
5,-251.58987,0
6,-245.16722,0
7,-269.52377,0
8,-205.0853,0
9,-252.41287,0
10,-163.02628,0
11,-215.84879,0
12,-373.9329,0
13,-221.87875,0
14,-200.50443,0
15,-205.34009,0
16,-232.90771,0
17,-296.91513,0
18,-316.7176,0
19,-323.33658,0
20,-368.98206,0
21,-233.72601,0
22,-337.02286,0
23,-241.50491,0
24,-247.8092,0
25,-123.67082,0
26,-243.3341,0
27,-216.97913,0
28,-381.13156,0
29,-164.39899,0
30,-211.25227,0
31,-257.49817,0
32,-178.32156,0
33,-248.04674,0
34,-320.19183,0
35,-255.07889,0
36,-188.84334,0
37,-177.3702,0
38,-285.62726,0
39,-172.92023,0
40,-236.76817,0
41,-339.53336,0
42,-370.54047,0
43,-198.52397,0
44,-266.97083,0
45,-315.53027,0
46,-361.17044,0
47,-244.71396,0
48,-100.08574,0
49,-136.88295,0
50,-177.29767,0
51,-272.03903,0
52,-178.11362,0
53,-238.45723,0
54,-143.32576,0
55,-243.42719,0
56,-316.5449,0
57,-90.36898,0
58,-343.49606,0
59,-173.22797,0
60,-199.35103,0
61,-189.88483,0
62,-199.49493,0
63,-327.4156,0
64,-229.02408,0
65,-347.9691,0
66,-227.86935,0
67,-167.17694,0
68,-162.15004,0
69,-213.4342,0
70,-263.035,0
71,-308.66037,0
72,-269.00223,0
73,-414.35306,0
74,-313.57553,0
75,-168.0236,0
76,-306.42978,0
77,-378.54495,0
78,-170.7347,0
79,-202.76193,0
80,-135.45975,1
81,-12.185421,1
82,-96.88116,1
83,-33.769207,1
84,-99.803734,1
85,-122.869415,1
86,-53.53438,1
87,-33.52738,1
88,-65.45387,1
89,-155.22131,1
90,-63.449036,1
91,-90.6541,1
92,-78.44423,1
93,-196.32889,1
94,-114.50436,1
95,-43.22497,1
96,-81.87647,1
97,-59.306732,1
98,-96.185776,1
99,-84.83183,1
100,-46.114296,1
101,-58.117523,1
102,-191.68073,1
103,-52.932182,1
104,-91.86442,1
105,-55.95302,1
106,-118.44626,1
107,-147.49872,1
108,-91.39091,1
109,-76.7022,1
110,-134.66672,1
111,-61.21051,1
112,-135.09018,1
113,-146.00659,1
114,-118.60231,1
115,-81.756096,1
116,-110.33321,1
117,-85.07803,1
118,-155.9282,1
119,-65.69548,1
120,-59.591896,1
121,-62.576843,1
122,-67.51674,1
123,-137.3683,1
124,-58.571716,1
125,-89.92658,1
126,-57.69478,1
127,-60.9319,1
128,-82.32135,1
129,-48.6146,1
130,-99.55616,1
131,-34.555172,1
132,-39.366997,1
133,-114.835205,1
134,-71.36308,1
135,-66.0195,1
136,-153.53955,1
137,-97.325516,1
138,-121.38672,1
139,-63.388092,1
140,-82.47276,1
141,-51.059456,1
142,-110.36181,1
143,-99.6166,1
144,-93.55971,1
145,-122.48718,1
146,-106.23537,1
147,-124.176704,1
148,-79.0499,1
149,-140.84122,1
150,-156.29993,1
151,-147.10161,1
152,-126.406555,1
153,-158.46834,1
154,-93.14226,1
155,-153.06876,1
156,-154.4967,1
157,-79.632355,1
158,-64.45872,1
159,-117.71326,1
160,-87.71468,2
161,-148.0827,2
162,-145.07254,2
163,-94.75821,2
164,-231.98338,2
165,-222.57654,2
166,-134.4457,2
167,-186.13687,2
168,-189.63431,2
169,-162.64363,2
170,-72.830215,2
171,-190.33322,2
172,-104.249435,2
173,-176.77856,2
174,-209.69084,2
175,-279.7408,2
176,-180.88718,2
177,-130.83081,2
178,-165.16771,2
179,-213.24051,2
180,-119.50413,2
181,-240.74402,2
182,-224.59454,2
183,-189.43068,2
184,-152.41034,2
185,-96.82774,2
186,-269.1976,2
187,-181.25446,2
188,-95.931946,2
189,-119.86391,2
190,-148.47209,2
191,-160.77019,2
192,-166.32547,2
193,-166.6708,2
194,-153.23724,2
195,-188.51932,2
196,-192.95683,2
197,-158.71573,2
198,-104.47599,2
199,-291.93576,2
200,-122.27725,2
201,-185.742,2
202,-154.43018,2
203,-158.81573,2
204,-137.26251,2
205,-110.99931,2
206,-193.49747,2
207,-213.74692,2
208,-207.90158,2
209,-325.09406,2
210,-326.3477,2
211,-260.64886,2
212,-206.4578,2
213,-169.15111,2
214,-161.3092,2
215,-238.62033,2
216,-127.63597,2
217,-68.02402,2
218,-227.33234,2
219,-181.27943,2
220,-202.92569,2
221,-185.88333,2
222,-173.55234,2
223,-122.70005,2
224,-142.5199,2
225,-123.51155,2
226,-223.12128,2
227,-168.59686,2
228,-144.08925,2
229,-188.1517,2
230,-82.11686,2
231,-249.19504,2
232,-109.85098,2
233,-107.937996,2
234,-235.74588,2
235,-210.62952,2
236,-112.55994,2
237,-184.97395,2
238,-79.48006,2
239,-171.47014,2
240,-181.57228,3
241,-117.078705,3
242,-70.4773,3
243,-98.638306,3
244,-193.68452,3
245,-142.17006,3
246,-214.68365,3
247,-95.24063,3
248,-121.23584,3
249,-85.97204,3
250,-200.90398,3
251,-175.05391,3
252,-140.05833,3
253,-128.2132,3
254,-161.78564,3
255,-236.84421,3
256,-107.650116,3
257,-97.392746,3
258,-158.61722,3
259,-249.83376,3
260,-178.70154,3
261,-178.4121,3
262,-170.68549,3
263,-102.897316,3
264,-98.240036,3
265,-224.3497,3
266,-144.04504,3
267,-130.11246,3
268,-288.8792,3
269,-102.58049,3
270,-99.13922,3
271,-188.35666,3
272,-119.332016,3
273,-180.90117,3
274,-148.43495,3
275,-157.08972,3
276,-184.2059,3
277,-107.14693,3
278,-174.85645,3
279,-206.83514,3
280,-186.62689,3
281,-176.72879,3
282,-234.80702,3
283,-174.98294,3
284,-200.4705,3
285,-136.46901,3
286,-207.5012,3
287,-252.79552,3
288,-162.24359,3
289,-280.35294,3
290,-164.82315,3
291,-117.07185,3
292,-163.40988,3
293,-172.78787,3
294,-217.73615,3
295,-200.04767,3
296,-190.15369,3
297,-143.41272,3
298,-158.10074,3
299,-200.77634,3
300,-209.31369,3
301,-249.91086,3
302,-82.73717,3
303,-158.96826,3
304,-90.65767,3
305,-115.14875,3
306,-142.29254,3
307,-119.97194,3
308,-58.4823,3
309,-216.64673,3
310,-323.4777,3
311,-86.407074,3
312,-117.331604,3
313,-97.41639,3
314,-128.43478,3
315,-133.27473,3
316,-78.77728,3
317,-164.81136,3
318,-87.29212,3
319,-151.28922,3
320,-328.346,4
321,-155.2251,4
322,-199.56381,4
323,-170.68515,4
324,-239.65407,4
325,-189.49791,4
326,-282.66147,4
327,-130.2586,4
328,-220.14053,4
329,-165.58295,4
330,-178.00824,4
331,-157.7772,4
332,-191.6918,4
333,-213.16005,4
334,-173.93701,4
335,-203.19653,4
336,-118.15234,4
337,-233.19287,4
338,-205.0633,4
339,-196.84607,4
340,-242.05894,4
341,-168.99484,4
342,-276.6012,4
343,-260.88892,4
344,-217.47455,4
345,-231.85141,4
346,-99.16027,4
347,-215.0971,4
348,-165.80798,4
349,-185.79599,4
350,-220.82976,4
351,-109.34018,4
352,-311.37048,4
353,-205.96286,4
354,-170.7739,4
355,-200.54889,4
356,-233.50885,4
357,-285.62616,4
358,-270.18536,4
359,-101.17079,4
360,-181.72054,4
361,-275.21158,4
362,-146.19614,4
363,-139.2756,4
364,-207.31384,4
365,-233.34476,4
366,-303.06577,4
367,-218.31041,4
368,-267.06302,4
369,-174.49606,4
370,-183.03311,4
371,-232.42233,4
372,-152.49194,4
373,-196.85623,4
374,-253.14114,4
375,-241.3033,4
376,-176.9101,4
377,-165.70433,4
378,-244.92053,4
379,-203.95721,4
380,-269.136,4
381,-170.82443,4
382,-163.4032,4
383,-195.82602,4
384,-309.02322,4
385,-169.72568,4
386,-221.47261,4
387,-198.79099,4
388,-232.3508,4
389,-316.0859,4
390,-192.83107,4
391,-184.32501,4
392,-245.01636,4
393,-234.16261,4
394,-95.90754,4
395,-204.69739,4
396,-264.93008,4
397,-221.04988,4
398,-211.4449,4
399,-284.71985,4
400,-100.22865,5
401,-146.379,5
402,-184.50769,5
403,-191.51706,5
404,-194.0224,5
405,-136.28467,5
406,-195.36316,5
407,-206.27881,5
408,-231.01515,5
409,-131.53186,5
410,-177.9558,5
411,-211.52246,5
412,-93.74875,5
413,-193.14948,5
414,-229.92441,5
415,-144.37285,5
416,-218.40825,5
417,-272.53738,5
418,-158.4537,5
419,-157.72742,5
420,-312.36252,5
421,-227.7107,5
422,-260.4596,5
423,-272.12283,5
424,-116.49337,5
425,-101.26667,5
426,-145.82112,5
427,-325.44073,5
428,-196.3193,5
429,-154.21852,5
430,-249.35562,5
431,-222.31006,5
432,-183.48914,5
433,-150.94362,5
434,-129.13052,5
435,-250.60353,5
436,-157.01895,5
437,-291.11325,5
438,-164.41315,5
439,-165.68887,5
440,-178.74628,5
441,-344.377,5
442,-253.6735,5
443,-174.72208,5
444,-177.22559,5
445,-177.92834,5
446,-271.434,5
447,-196.87961,5
448,-359.97617,5
449,-198.17729,5
450,-163.50859,5
451,-139.51628,5
452,-153.20856,5
453,-141.16077,5
454,-166.2814,5
455,-224.62125,5
456,-161.68211,5
457,-169.63818,5
458,-188.11139,5
459,-247.8301,5
460,-191.58481,5
461,-207.98682,5
462,-171.0746,5
463,-233.59618,5
464,-137.27338,5
465,-112.32503,5
466,-266.38113,5
467,-146.05487,5
468,-154.42638,5
469,-288.5325,5
470,-222.73232,5
471,-157.158,5
472,-183.17958,5
473,-193.03394,5
474,-177.05017,5
475,-192.50916,5
476,-192.92166,5
477,-69.754875,5
478,-245.97203,5
479,-216.10544,5
480,-106.87804,6
481,-205.20615,6
482,-135.58841,6
483,-201.74765,6
484,-90.33734,6
485,-168.22469,6
486,-245.77577,6
487,-340.9838,6
488,-323.29205,6
489,-263.09122,6
490,-137.36653,6
491,-84.977554,6
492,-148.6509,6
493,-150.79524,6
494,-152.17705,6
495,-256.68912,6
496,-165.62395,6
497,-228.49252,6
498,-134.10425,6
499,-345.43152,6
500,-176.36557,6
501,-162.33931,6
502,-150.5261,6
503,-194.88303,6
504,-173.58142,6
505,-201.92778,6
506,-267.5322,6
507,-217.82083,6
508,-228.18658,6
509,-309.10092,6
510,-267.12845,6
511,-200.08356,6
512,-174.61986,6
513,-165.64178,6
514,-112.39742,6
515,-144.08322,6
516,-225.55095,6
517,-107.199295,6
518,-146.47726,6
519,-97.07689,6
520,-253.64542,6
521,-164.76888,6
522,-155.82542,6
523,-143.8395,6
524,-223.5842,6
525,-139.35986,6
526,-209.58409,6
527,-132.26672,6
528,-196.57303,6
529,-124.731125,6
530,-175.45338,6
531,-221.60352,6
532,-334.39575,6
533,-80.67661,6
534,-268.19376,6
535,-207.60608,6
536,-244.18773,6
537,-200.4958,6
538,-129.6569,6
539,-167.8535,6
540,-188.07184,6
541,-111.98937,6
542,-122.250916,6
543,-143.10649,6
544,-186.70865,6
545,-79.25224,6
546,-219.35316,6
547,-207.80167,6
548,-242.12895,6
549,-142.46877,6
550,-304.79745,6
551,-233.73059,6
552,-130.6424,6
553,-161.84328,6
554,-247.96423,6
555,-172.62337,6
556,-113.39527,6
557,-162.06122,6
558,-221.56393,6
559,-155.92374,6
560,-128.06723,7
561,-168.64343,7
562,-133.25525,7
563,-155.07574,7
564,-200.30069,7
565,-237.9686,7
566,-203.01889,7
567,-142.46935,7
568,-95.846466,7
569,-205.59033,7
570,-175.52946,7
571,-164.33537,7
572,-145.4992,7
573,-156.13962,7
574,-207.03555,7
575,-160.1525,7
576,-193.36017,7
577,-192.63673,7
578,-261.39398,7
579,-141.19475,7
580,-203.91663,7
581,-137.92107,7
582,-63.690796,7
583,-116.906166,7
584,-56.349415,7
585,-104.50325,7
586,-132.45859,7
587,-127.90544,7
588,-134.09146,7
589,-136.87425,7
590,-208.78616,7
591,-125.91527,7
592,-139.35625,7
593,-278.53824,7
594,-155.52823,7
595,-122.39935,7
596,-154.15468,7
597,-211.20773,7
598,-106.170784,7
599,-123.07176,7
600,-258.27615,7
601,-134.19276,7
602,-203.64478,7
603,-233.09131,7
604,-219.6144,7
605,-127.349915,7
606,-111.1043,7
607,-184.05563,7
608,-158.14114,7
609,-195.9109,7
610,-251.15672,7
611,-130.68385,7
612,-115.277565,7
613,-131.44302,7
614,-90.413666,7
615,-71.77546,7
616,-156.10193,7
617,-188.44324,7
618,-127.8437,7
619,-214.5597,7
620,-149.6409,7
621,-144.9763,7
622,-119.60606,7
623,-155.84537,7
624,-83.0261,7
625,-182.89775,7
626,-179.32825,7
627,-98.54877,7
628,-132.95834,7
629,-123.970085,7
630,-164.36412,7
631,-174.50543,7
632,-227.17923,7
633,-163.7465,7
634,-105.27225,7
635,-139.47655,7
636,-125.071754,7
637,-97.23644,7
638,-180.20663,7
639,-114.61737,7
640,-421.11935,8
641,-161.06912,8
642,-189.95592,8
643,-121.908295,8
644,-245.16162,8
645,-104.48253,8
646,-236.57822,8
647,-172.56804,8
648,-115.212524,8
649,-140.12209,8
650,-276.31268,8
651,-142.46454,8
652,-210.61835,8
653,-348.85977,8
654,-220.60959,8
655,-237.57535,8
656,-91.28769,8
657,-117.86814,8
658,-135.1808,8
659,-387.14395,8
660,-202.24316,8
661,-161.06065,8
662,-281.07632,8
663,-219.01938,8
664,-259.8305,8
665,-145.51044,8
666,-309.8915,8
667,-113.89229,8
668,-153.61652,8
669,-276.24832,8
670,-243.97878,8
671,-117.70381,8
672,-238.49365,8
673,-243.41602,8
674,-131.69345,8
675,-256.25177,8
676,-171.55144,8
677,-215.84576,8
678,-206.51971,8
679,-209.7809,8
680,-277.65955,8
681,-169.89479,8
682,-183.32365,8
683,-198.24542,8
684,-199.57294,8
685,-176.93192,8
686,-204.57483,8
687,-333.82883,8
688,-211.35614,8
689,-167.12067,8
690,-275.50565,8
691,-273.0745,8
692,-198.76678,8
693,-337.0767,8
694,-266.93408,8
695,-114.36441,8
696,-302.01218,8
697,-156.33655,8
698,-219.68666,8
699,-313.0801,8
700,-244.37167,8
701,-195.28574,8
702,-162.12991,8
703,-177.58578,8
704,-236.10121,8
705,-266.6038,8
706,-201.64201,8
707,-208.05235,8
708,-74.981895,8
709,-225.93964,8
710,-162.97926,8
711,-136.70425,8
712,-200.60336,8
713,-129.7879,8
714,-213.10553,8
715,-218.08762,8
716,-111.62845,8
717,-127.54612,8
718,-146.12823,8
719,-213.92023,8
720,-209.04375,9
721,-207.992,9
722,-181.67291,9
723,-283.7362,9
724,-187.61163,9
725,-112.4702,9
726,-131.98685,9
727,-204.13074,9
728,-182.00595,9
729,-244.98914,9
730,-197.88757,9
731,-124.13678,9
732,-188.45613,9
733,-188.75258,9
734,-95.56621,9
735,-199.49232,9
736,-185.8902,9
737,-241.42401,9
738,-268.9872,9
739,-147.83662,9
740,-305.94638,9
741,-221.25258,9
742,-176.31702,9
743,-228.1066,9
744,-166.8897,9
745,-207.22147,9
746,-120.15129,9
747,-133.25578,9
748,-146.28227,9
749,-195.06726,9
750,-182.04547,9
751,-158.08032,9
752,-245.62772,9
753,-246.98044,9
754,-225.16559,9
755,-132.14264,9
756,-161.63118,9
757,-138.40373,9
758,-261.9605,9
759,-80.47238,9
760,-133.27264,9
761,-212.32193,9
762,-124.37398,9
763,-140.7774,9
764,-239.31075,9
765,-226.57431,9
766,-138.9607,9
767,-235.72723,9
768,-130.5763,9
769,-103.77898,9
770,-140.01382,9
771,-151.46259,9
772,-164.85275,9
773,-156.3002,9
774,-169.2841,9
775,-134.45166,9
776,-168.79272,9
777,-156.2177,9
778,-205.18929,9
779,-140.1416,9
780,-224.42761,9
781,-136.18306,9
782,-125.69859,9
783,-86.543686,9
784,-190.51422,9
785,-201.5766,9
786,-154.31151,9
787,-107.68623,9
788,-145.95366,9
789,-176.0687,9
790,-175.92401,9
791,-168.96027,9
792,-226.66817,9
793,-172.5195,9
794,-261.67538,9
795,-186.80338,9
796,-178.90741,9
797,-174.84808,9
798,-251.09012,9
799,-178.69995,9
