Image,Value,Label
0,103.642815,0
1,108.37078,0
2,226.90262,0
3,17.921125,0
4,91.326836,0
5,102.76335,0
6,73.72154,0
7,156.84097,0
8,146.45442,0
9,170.26894,0
10,-57.430996,0
11,81.12941,0
12,212.22461,0
13,122.428474,0
14,107.58825,0
15,138.4406,0
16,61.090137,0
17,141.96172,0
18,224.3149,0
19,75.179886,0
20,50.441757,0
21,143.6561,0
22,33.984413,0
23,134.55325,0
24,92.07132,0
25,72.16519,0
26,110.4197,0
27,126.323456,0
28,106.14424,0
29,182.15894,0
30,44.69165,0
31,-219.34505,0
32,150.0439,0
33,-49.140984,0
34,37.269318,0
35,215.18054,0
36,125.90062,0
37,128.11104,0
38,98.414276,0
39,-127.83528,0
40,137.17612,0
41,158.45886,0
42,8.301846,0
43,128.70032,0
44,103.76934,0
45,-94.8138,0
46,2.2423625,0
47,165.03519,0
48,114.99899,0
49,108.10268,0
50,110.94727,0
51,129.03381,0
52,138.0868,0
53,73.87244,0
54,87.74319,0
55,147.37854,0
56,202.60812,0
57,101.99305,0
58,14.119324,0
59,-19.52982,0
60,145.44327,0
61,174.13379,0
62,128.06323,0
63,-107.62276,0
64,1.994722,0
65,-34.327995,0
66,96.87265,0
67,72.724686,0
68,162.21944,0
69,119.831215,0
70,-13.661861,0
71,-14.123707,0
72,213.60068,0
73,-47.613197,0
74,204.62975,0
75,145.42174,0
76,69.25699,0
77,212.31189,0
78,105.67186,0
79,94.85817,0
80,-14.686052,1
81,31.472916,1
82,-32.409634,1
83,-2.9841886,1
84,-14.438652,1
85,15.945543,1
86,2.8375955,1
87,-12.585158,1
88,-30.171574,1
89,0.86947215,1
90,-1.659882,1
91,-9.752922,1
92,4.8821764,1
93,-16.164326,1
94,-86.39333,1
95,19.759003,1
96,-16.299417,1
97,-7.7409577,1
98,-2.40725,1
99,-28.8657,1
100,11.326927,1
101,-6.370173,1
102,-37.760254,1
103,19.42456,1
104,-8.976231,1
105,5.4762244,1
106,-7.256649,1
107,-13.751371,1
108,-17.019865,1
109,1.7166449,1
110,-50.3171,1
111,-5.4838777,1
112,-31.46032,1
113,-20.214447,1
114,-4.9049506,1
115,-3.017868,1
116,-32.59291,1
117,-13.856722,1
118,-19.387894,1
119,0.35760462,1
120,-4.336929,1
121,-2.5155377,1
122,1.6290509,1
123,-27.498144,1
124,48.53494,1
125,-6.133887,1
126,-5.3152156,1
127,6.3697066,1
128,13.798695,1
129,-0.287022,1
130,-13.270253,1
131,12.976329,1
132,27.926872,1
133,-21.658318,1
134,8.501709,1
135,4.4013696,1
136,-14.023424,1
137,-1.4805073,1
138,-46.53164,1
139,-4.6169915,1
140,-13.429379,1
141,-12.798243,1
142,-43.886906,1
143,-23.247112,1
144,48.039112,1
145,-40.568256,1
146,10.334701,1
147,0.5467764,1
148,-28.435974,1
149,-37.7383,1
150,-41.58825,1
151,-32.013687,1
152,33.55561,1
153,-35.172356,1
154,-31.307774,1
155,0.5719367,1
156,-120.849174,1
157,-16.549015,1
158,-14.095779,1
159,-2.845715,1
160,0.47675383,2
161,-68.41612,2
162,-8.013411,2
163,51.172237,2
164,77.46419,2
165,-73.15378,2
166,-18.978817,2
167,159.40192,2
168,-38.969913,2
169,-29.544554,2
170,-39.867218,2
171,-21.325363,2
172,80.49304,2
173,0.76320803,2
174,131.60727,2
175,-36.42833,2
176,-15.9364395,2
177,-16.737062,2
178,62.244347,2
179,-108.07272,2
180,-11.415575,2
181,-158.69473,2
182,-74.51744,2
183,-81.11644,2
184,124.49948,2
185,-17.269123,2
186,-197.6016,2
187,24.293436,2
188,24.261877,2
189,-30.363424,2
190,-3.3054986,2
191,-1.5508999,2
192,-189.4334,2
193,-13.218848,2
194,-51.16045,2
195,97.60405,2
196,-77.73195,2
197,8.791069,2
198,-42.504215,2
199,23.104225,2
200,46.322914,2
201,59.76425,2
202,-35.617935,2
203,-51.921894,2
204,-83.40322,2
205,-43.705223,2
206,27.703959,2
207,-41.202675,2
208,-12.032579,2
209,-72.103035,2
210,-125.17772,2
211,-72.04909,2
212,95.06147,2
213,-157.80873,2
214,-47.722603,2
215,-68.00384,2
216,48.5558,2
217,59.951046,2
218,111.987206,2
219,-35.596565,2
220,-117.25928,2
221,-111.88251,2
222,-16.725267,2
223,92.80031,2
224,-60.518093,2
225,30.076778,2
226,-112.46622,2
227,-95.0114,2
228,72.16023,2
229,163.89595,2
230,-49.300503,2
231,-101.83496,2
232,-23.312399,2
233,32.899094,2
234,-9.09137,2
235,24.043745,2
236,38.959274,2
237,158.4654,2
238,-43.44335,2
239,31.82683,2
240,117.30778,3
241,-23.557766,3
242,-8.548267,3
243,120.55188,3
244,81.056015,3
245,75.70866,3
246,86.9874,3
247,82.41503,3
248,25.654236,3
249,17.39843,3
250,159.73448,3
251,21.164228,3
252,88.45686,3
253,72.40385,3
254,117.71405,3
255,82.022385,3
256,115.293015,3
257,123.89001,3
258,111.053925,3
259,74.02968,3
260,107.604294,3
261,95.25373,3
262,50.47545,3
263,9.540911,3
264,24.430681,3
265,172.82016,3
266,53.39202,3
267,8.5182,3
268,63.864037,3
269,131.06808,3
270,51.709442,3
271,61.750603,3
272,55.4545,3
273,27.003048,3
274,104.72101,3
275,-28.570572,3
276,173.11288,3
277,32.434555,3
278,77.46982,3
279,-144.50166,3
280,9.041434,3
281,89.50539,3
282,46.669834,3
283,165.09514,3
284,-52.40336,3
285,41.54445,3
286,63.97654,3
287,95.75704,3
288,125.97871,3
289,-42.786358,3
290,41.004837,3
291,12.942427,3
292,78.99932,3
293,46.22683,3
294,43.950424,3
295,-78.62512,3
296,124.43338,3
297,54.493477,3
298,21.646729,3
299,183.57848,3
300,65.07839,3
301,88.50016,3
302,9.887173,3
303,27.131676,3
304,76.75578,3
305,62.453953,3
306,78.824326,3
307,40.285477,3
308,15.341142,3
309,33.658123,3
310,190.9203,3
311,-17.37386,3
312,17.664621,3
313,66.49447,3
314,73.81716,3
315,82.66576,3
316,-38.63732,3
317,143.76242,3
318,67.620285,3
319,-41.675632,3
320,14.462059,4
321,-63.92141,4
322,-25.870918,4
323,-75.93455,4
324,-8.428888,4
325,18.460268,4
326,-32.084606,4
327,-16.941626,4
328,-149.76978,4
329,-15.665365,4
330,43.069298,4
331,-30.229223,4
332,-1.027059,4
333,-22.631393,4
334,-40.747494,4
335,-34.790245,4
336,-29.146288,4
337,66.25604,4
338,1.2790829,4
339,-65.00169,4
340,-59.764595,4
341,-1.6106666,4
342,-59.29782,4
343,0.8192822,4
344,-42.45801,4
345,13.76625,4
346,-66.94065,4
347,-154.14255,4
348,-46.285767,4
349,-49.04943,4
350,-42.394928,4
351,-8.873232,4
352,9.93601,4
353,-26.510916,4
354,-42.388138,4
355,-29.560648,4
356,-219.95197,4
357,-48.592697,4
358,-15.190304,4
359,30.036053,4
360,-56.665833,4
361,-24.022923,4
362,-11.563352,4
363,41.929955,4
364,-39.106236,4
365,-52.872246,4
366,-33.593002,4
367,-60.063385,4
368,17.771023,4
369,29.937605,4
370,-26.19228,4
371,-19.735813,4
372,-26.304317,4
373,-42.66076,4
374,-37.13972,4
375,-66.86714,4
376,-63.134274,4
377,-89.068565,4
378,-23.922543,4
379,-3.5111032,4
380,3.737041,4
381,-49.027462,4
382,-55.140175,4
383,-19.380547,4
384,18.45477,4
385,-2.768412,4
386,-16.078491,4
387,-51.36255,4
388,20.904854,4
389,-109.57106,4
390,-26.033588,4
391,-50.667717,4
392,-2.7206674,4
393,-42.205475,4
394,-42.061188,4
395,-61.572304,4
396,-83.4289,4
397,4.0187316,4
398,-15.039472,4
399,-23.192913,4
400,102.689896,5
401,209.49915,5
402,127.66751,5
403,159.33093,5
404,121.12916,5
405,169.21547,5
406,91.24682,5
407,123.8998,5
408,236.51546,5
409,-106.49921,5
410,99.44387,5
411,204.94003,5
412,-48.26997,5
413,136.708,5
414,296.82065,5
415,35.49977,5
416,227.49411,5
417,40.847416,5
418,82.11662,5
419,162.31876,5
420,250.92567,5
421,160.8323,5
422,-75.2177,5
423,260.1115,5
424,14.809969,5
425,-61.941338,5
426,65.635605,5
427,265.28262,5
428,199.20822,5
429,161.49213,5
430,202.34885,5
431,202.98744,5
432,222.20256,5
433,20.53151,5
434,158.87259,5
435,150.03323,5
436,-111.8478,5
437,165.55585,5
438,35.8294,5
439,-222.96707,5
440,122.55852,5
441,110.382904,5
442,200.0311,5
443,90.163765,5
444,-171.4944,5
445,219.9825,5
446,231.81973,5
447,160.3388,5
448,265.58676,5
449,-10.954983,5
450,197.74338,5
451,104.990234,5
452,139.87543,5
453,67.37667,5
454,60.784725,5
455,243.26309,5
456,114.575455,5
457,149.41165,5
458,127.24395,5
459,133.37473,5
460,213.50156,5
461,136.32701,5
462,217.09473,5
463,152.61658,5
464,73.63322,5
465,151.2205,5
466,214.24634,5
467,-2.2754788,5
468,180.3232,5
469,245.03668,5
470,171.77338,5
471,90.09782,5
472,197.15614,5
473,85.42611,5
474,220.67905,5
475,71.91262,5
476,172.93439,5
477,162.05988,5
478,-36.82908,5
479,177.91646,5
480,-21.293219,6
481,-124.86961,6
482,59.903008,6
483,47.186127,6
484,18.200846,6
485,5.062738,6
486,61.554333,6
487,-12.818466,6
488,-11.77396,6
489,77.140884,6
490,112.583305,6
491,-2.4861054,6
492,-6.70898,6
493,82.56477,6
494,11.878956,6
495,-135.11006,6
496,-74.87281,6
497,178.73083,6
498,-77.34349,6
499,-292.48044,6
500,-3.7412133,6
501,41.997116,6
502,-3.9943647,6
503,35.70663,6
504,-5.9251733,6
505,-118.32262,6
506,51.450645,6
507,105.00291,6
508,-158.28485,6
509,106.36359,6
510,151.18167,6
511,128.86182,6
512,-163.94778,6
513,60.989677,6
514,-5.3429456,6
515,100.0296,6
516,-37.858067,6
517,23.906143,6
518,31.656824,6
519,-39.185253,6
520,-34.05508,6
521,93.85787,6
522,48.913998,6
523,35.550156,6
524,-95.89403,6
525,112.2541,6
526,-68.76991,6
527,109.88872,6
528,64.26088,6
529,-43.926025,6
530,3.868711,6
531,-9.786215,6
532,-11.760004,6
533,-48.2708,6
534,-143.80954,6
535,-27.477037,6
536,126.17305,6
537,70.045456,6
538,70.43844,6
539,-17.869057,6
540,25.464405,6
541,83.34821,6
542,-9.735094,6
543,-20.619974,6
544,-25.912432,6
545,48.288498,6
546,48.4291,6
547,-23.281155,6
548,-26.890842,6
549,61.844723,6
550,94.12386,6
551,10.985933,6
552,66.283134,6
553,-10.556124,6
554,62.983818,6
555,88.07947,6
556,-55.655907,6
557,-93.87574,6
558,-148.39476,6
559,78.87773,6
560,76.62053,7
561,10.383912,7
562,3.6240916,7
563,-24.148285,7
564,4.393382,7
565,32.597504,7
566,29.236246,7
567,-13.662561,7
568,5.285539,7
569,-1.8138355,7
570,29.604296,7
571,-21.445145,7
572,5.983751,7
573,67.965576,7
574,-50.866783,7
575,57.64325,7
576,-91.982635,7
577,69.20814,7
578,39.845123,7
579,52.205643,7
580,56.863388,7
581,41.040195,7
582,44.761623,7
583,102.36127,7
584,22.163576,7
585,61.966873,7
586,104.70184,7
587,31.432447,7
588,57.900955,7
589,-71.0587,7
590,-67.58406,7
591,18.910587,7
592,93.892654,7
593,-103.26645,7
594,-39.566875,7
595,-25.543713,7
596,-153.46684,7
597,-60.400383,7
598,72.80315,7
599,73.895874,7
600,50.08685,7
601,-2.3093877,7
602,-70.08134,7
603,1.1182963,7
604,25.890049,7
605,81.94343,7
606,17.875721,7
607,-27.293104,7
608,22.28316,7
609,69.67238,7
610,-9.775954,7
611,82.39907,7
612,82.52726,7
613,84.32503,7
614,-0.14042795,7
615,29.458529,7
616,40.724766,7
617,54.827957,7
618,-5.8812184,7
619,-148.73901,7
620,-58.955746,7
621,27.209274,7
622,46.582344,7
623,-2.1550298,7
624,9.638327,7
625,103.5951,7
626,32.236984,7
627,25.256401,7
628,8.648491,7
629,64.04872,7
630,44.400963,7
631,42.622795,7
632,29.178461,7
633,1.5181118,7
634,36.15751,7
635,50.960495,7
636,42.610153,7
637,84.23479,7
638,-3.0748906,7
639,19.748129,7
640,-2.7094007,8
641,13.550902,8
642,52.887012,8
643,-135.81813,8
644,-62.820137,8
645,-20.8044,8
646,-89.293625,8
647,-28.260738,8
648,-48.001583,8
649,20.535904,8
650,-14.434129,8
651,-8.925872,8
652,18.731298,8
653,64.808365,8
654,24.549946,8
655,112.14644,8
656,-57.003605,8
657,9.911161,8
658,49.19336,8
659,-134.7043,8
660,-52.209183,8
661,4.5130763,8
662,19.13964,8
663,4.311795,8
664,-121.64957,8
665,40.919838,8
666,-72.37267,8
667,6.041739,8
668,10.833252,8
669,-33.606224,8
670,-12.460039,8
671,36.224213,8
672,20.144966,8
673,-89.31755,8
674,-80.619415,8
675,33.071854,8
676,-5.929528,8
677,-4.3591485,8
678,25.897345,8
679,-9.166975,8
680,-33.640522,8
681,91.131836,8
682,-34.093903,8
683,-38.181133,8
684,-80.47268,8
685,-25.240402,8
686,-99.99872,8
687,61.367928,8
688,103.096466,8
689,0.5376917,8
690,-91.59853,8
691,20.39013,8
692,4.920512,8
693,-0.44995725,8
694,-31.391727,8
695,-61.280006,8
696,65.25977,8
697,18.295414,8
698,-127.33052,8
699,80.90201,8
700,-24.690516,8
701,-10.176886,8
702,17.928154,8
703,44.951088,8
704,-51.678986,8
705,-76.20244,8
706,-9.03713,8
707,-120.1001,8
708,-91.15421,8
709,23.309258,8
710,3.142816,8
711,12.942287,8
712,-120.691086,8
713,-20.008297,8
714,29.185436,8
715,20.978832,8
716,13.173868,8
717,-53.776997,8
718,74.04077,8
719,16.389362,8
720,-20.686827,9
721,-31.395102,9
722,-23.446918,9
723,-100.20833,9
724,-36.798428,9
725,-2.5368161,9
726,-62.77156,9
727,-38.81139,9
728,-9.728467,9
729,27.451889,9
730,-33.973644,9
731,-12.358011,9
732,38.752373,9
733,-37.920605,9
734,-45.17662,9
735,-55.960518,9
736,-14.8248625,9
737,-23.343174,9
738,-74.37308,9
739,-76.57048,9
740,-9.619033,9
741,131.4537,9
742,-12.578434,9
743,-53.88211,9
744,1.2737895,9
745,-57.112034,9
746,-46.425934,9
747,4.8854823,9
748,15.592468,9
749,-64.71159,9
750,-24.65843,9
751,16.107475,9
752,1.206411,9
753,-30.264757,9
754,42.8105,9
755,-29.602356,9
756,-46.108,9
757,15.661762,9
758,-31.354685,9
759,-36.56786,9
760,-9.977995,9
761,-7.5641313,9
762,-30.306755,9
763,-24.307844,9
764,-18.762213,9
765,-32.856567,9
766,-10.958113,9
767,-19.554873,9
768,-4.0088487,9
769,-60.369476,9
770,-47.49817,9
771,-75.192406,9
772,-98.31135,9
773,-38.378265,9
774,7.2993426,9
775,1.7003347,9
776,-19.721094,9
777,-36.00755,9
778,7.9189773,9
779,2.2939427,9
780,-108.38583,9
781,-45.840435,9
782,-116.355316,9
783,-24.417236,9
784,-20.30846,9
785,-85.72487,9
786,6.526489,9
787,-9.828667,9
788,-13.123081,9
789,-55.98144,9
790,-9.748085,9
791,-5.4086843,9
792,-36.336365,9
793,67.79845,9
794,-8.656532,9
795,-33.39676,9
796,9.286909,9
797,-36.466354,9
798,-69.56258,9
799,-42.50766,9
