Image,Value,Label
0,166.18628,0
1,111.00564,0
2,81.124054,0
3,98.38572,0
4,-32.247356,0
5,19.156454,0
6,0.49637344,0
7,149.72456,0
8,205.17497,0
9,42.942913,0
10,-223.28658,0
11,117.52251,0
12,263.73376,0
13,194.14885,0
14,206.58252,0
15,36.803043,0
16,-113.746796,0
17,156.53284,0
18,150.47453,0
19,13.868688,0
20,83.87777,0
21,-3.4318912,0
22,144.57388,0
23,0.9018643,0
24,180.80307,0
25,54.750393,0
26,236.5349,0
27,35.074734,0
28,45.826847,0
29,172.18698,0
30,-51.85801,0
31,-99.59379,0
32,194.97368,0
33,-62.281883,0
34,95.467125,0
35,-2.7326229,0
36,135.38544,0
37,91.59423,0
38,-71.34701,0
39,-183.2748,0
40,187.55154,0
41,99.26463,0
42,-67.73648,0
43,52.519028,0
44,-25.088482,0
45,17.309347,0
46,-225.7447,0
47,94.649216,0
48,72.48065,0
49,90.97642,0
50,76.99265,0
51,-47.50984,0
52,97.16291,0
53,-100.26358,0
54,157.84514,0
55,157.58327,0
56,95.39971,0
57,131.98393,0
58,94.92749,0
59,-151.20248,0
60,193.65576,0
61,134.8048,0
62,176.00412,0
63,18.2478,0
64,-36.92156,0
65,157.28482,0
66,198.64299,0
67,126.79241,0
68,110.68289,0
69,89.8115,0
70,148.13664,0
71,-116.83616,0
72,215.1651,0
73,-126.311935,0
74,129.13713,0
75,154.41896,0
76,-133.5653,0
77,32.600124,0
78,107.78438,0
79,155.09312,0
80,-250.89731,1
81,-77.37519,1
82,-274.4599,1
83,-247.60042,1
84,-231.1496,1
85,-236.59999,1
86,-184.49577,1
87,-231.52924,1
88,-261.6338,1
89,-271.37024,1
90,-151.23613,1
91,-207.97017,1
92,-154.13576,1
93,-297.1994,1
94,-129.10428,1
95,-116.67408,1
96,-322.59805,1
97,-150.70946,1
98,-233.90077,1
99,-226.90643,1
100,-202.9764,1
101,-221.56364,1
102,-338.0314,1
103,-182.49931,1
104,-194.76448,1
105,-230.5742,1
106,-194.34717,1
107,-301.05447,1
108,-242.17581,1
109,-150.99641,1
110,-243.47769,1
111,-287.61804,1
112,-295.62225,1
113,-268.44983,1
114,-247.96996,1
115,-186.55034,1
116,-314.63864,1
117,-225.17345,1
118,-286.47192,1
119,-179.40453,1
120,-197.76717,1
121,-232.12285,1
122,-136.31049,1
123,-295.2131,1
124,-130.30827,1
125,-191.79381,1
126,-250.73773,1
127,-143.72144,1
128,-167.49025,1
129,-217.84691,1
130,-247.31847,1
131,-186.78261,1
132,-159.76866,1
133,-246.72052,1
134,-182.71,1
135,-159.94028,1
136,-256.95526,1
137,-221.44435,1
138,-305.97034,1
139,-243.75757,1
140,-244.6358,1
141,-156.43097,1
142,-203.62376,1
143,-222.56284,1
144,-123.99247,1
145,-223.69167,1
146,-234.07588,1
147,-242.91501,1
148,-273.04184,1
149,-254.38469,1
150,-329.8785,1
151,-260.1604,1
152,-264.08496,1
153,-299.84634,1
154,-273.57132,1
155,-258.20587,1
156,-302.5824,1
157,-247.63242,1
158,-207.15947,1
159,-267.3729,1
160,-146.3163,2
161,-107.04069,2
162,-113.27772,2
163,-16.731895,2
164,-154.16603,2
165,-97.71141,2
166,-183.36972,2
167,-26.361814,2
168,-212.0408,2
169,-63.797558,2
170,-53.829613,2
171,-127.34643,2
172,-53.58893,2
173,-163.8667,2
174,-134.59747,2
175,-154.3677,2
176,-171.57536,2
177,-51.885773,2
178,47.75837,2
179,-313.6996,2
180,-50.95291,2
181,-221.47563,2
182,87.293144,2
183,-171.50285,2
184,-108.52847,2
185,-149.82133,2
186,-164.63152,2
187,-111.71035,2
188,-60.577682,2
189,-197.54713,2
190,-185.45053,2
191,-293.4994,2
192,-183.888,2
193,-108.0897,2
194,-231.81465,2
195,-206.4632,2
196,-80.50057,2
197,-191.98528,2
198,-111.11508,2
199,110.97641,2
200,21.17318,2
201,-126.257805,2
202,-30.000273,2
203,85.93235,2
204,-120.123505,2
205,-155.30484,2
206,-220.7129,2
207,14.02805,2
208,-156.84961,2
209,-37.092743,2
210,-256.97382,2
211,41.50057,2
212,-20.355143,2
213,-121.06603,2
214,-39.777256,2
215,-250.9798,2
216,-215.85173,2
217,34.644756,2
218,-119.34014,2
219,-41.37348,2
220,-116.83437,2
221,7.2153144,2
222,-216.73604,2
223,-54.3552,2
224,-211.89687,2
225,-16.356188,2
226,-175.43463,2
227,-233.54628,2
228,-132.40822,2
229,12.19682,2
230,25.935043,2
231,-119.759995,2
232,-74.1355,2
233,79.70548,2
234,-172.11526,2
235,32.22826,2
236,-73.55021,2
237,-50.583195,2
238,-70.772224,2
239,-54.24215,2
240,-163.8903,3
241,-110.38514,3
242,13.956716,3
243,84.65558,3
244,35.723988,3
245,3.6264317,3
246,66.56433,3
247,-27.205214,3
248,-184.33113,3
249,-6.415972,3
250,-98.38212,3
251,-315.65207,3
252,-37.906136,3
253,-65.02331,3
254,-126.23082,3
255,-147.85497,3
256,-78.32969,3
257,-60.95328,3
258,-74.96782,3
259,-6.4493127,3
260,12.333451,3
261,-66.844124,3
262,-94.50987,3
263,-80.35752,3
264,-52.534702,3
265,-59.223553,3
266,-93.17853,3
267,-161.87184,3
268,11.716878,3
269,-41.82259,3
270,-34.31321,3
271,-47.30759,3
272,-114.93808,3
273,-163.14433,3
274,-24.804794,3
275,-14.539527,3
276,-34.318928,3
277,-89.25918,3
278,-39.630447,3
279,-341.0229,3
280,-197.76384,3
281,-45.756954,3
282,-110.51831,3
283,2.681783,3
284,-172.18956,3
285,22.224874,3
286,52.870605,3
287,-33.925602,3
288,-97.36954,3
289,-71.02118,3
290,-69.07405,3
291,-15.751262,3
292,-29.96372,3
293,21.004644,3
294,-157.54723,3
295,-178.95001,3
296,-105.72499,3
297,-5.762675,3
298,-170.29842,3
299,6.1786857,3
300,-30.923754,3
301,-54.97085,3
302,-25.87274,3
303,-138.96701,3
304,-163.29936,3
305,-49.861523,3
306,-78.12242,3
307,-16.547798,3
308,-66.79758,3
309,-49.903965,3
310,-122.6881,3
311,-205.9648,3
312,-16.84495,3
313,-37.510014,3
314,-33.985664,3
315,-123.02392,3
316,-153.04251,3
317,-16.01795,3
318,-132.0234,3
319,-105.6051,3
320,53.532238,4
321,-89.00812,4
322,54.946293,4
323,-86.20917,4
324,165.04929,4
325,33.49126,4
326,-168.05753,4
327,-161.10622,4
328,-199.39267,4
329,-160.9929,4
330,51.24448,4
331,53.69154,4
332,82.76603,4
333,-39.93712,4
334,-130.29633,4
335,22.047895,4
336,-81.532845,4
337,129.31828,4
338,18.50554,4
339,-267.99884,4
340,5.3506446,4
341,-144.30186,4
342,59.560047,4
343,-128.9489,4
344,-7.658377,4
345,-270.3081,4
346,-139.10103,4
347,70.67901,4
348,-113.19158,4
349,-76.972084,4
350,-45.461117,4
351,120.48578,4
352,-57.911922,4
353,-157.49887,4
354,119.35727,4
355,-97.30341,4
356,38.576252,4
357,-122.32394,4
358,-75.7071,4
359,35.24766,4
360,24.001516,4
361,-95.24839,4
362,89.01118,4
363,-123.9468,4
364,-29.911636,4
365,69.7239,4
366,-42.123875,4
367,15.91451,4
368,-215.33833,4
369,-203.84213,4
370,167.57018,4
371,-67.80489,4
372,27.90536,4
373,-238.148,4
374,116.02024,4
375,-91.63593,4
376,-163.6605,4
377,-116.05991,4
378,25.435154,4
379,-70.0161,4
380,-58.40192,4
381,35.4105,4
382,-128.3606,4
383,-140.09332,4
384,19.313324,4
385,-189.54677,4
386,-160.2187,4
387,-180.92522,4
388,-128.53142,4
389,-180.4212,4
390,117.80857,4
391,-186.8266,4
392,-220.4837,4
393,87.88295,4
394,60.877277,4
395,85.71474,4
396,-40.214127,4
397,-211.26044,4
398,125.38131,4
399,-6.4289136,4
400,143.63118,5
401,1.4416554,5
402,-157.81688,5
403,-39.17071,5
404,-66.17419,5
405,133.70404,5
406,-22.105639,5
407,-170.05193,5
408,-42.551075,5
409,-74.05669,5
410,110.69804,5
411,-151.09618,5
412,-121.75043,5
413,-173.32893,5
414,-11.809932,5
415,-195.94981,5
416,123.884834,5
417,55.388042,5
418,-348.208,5
419,-37.23186,5
420,26.334532,5
421,132.0244,5
422,-300.2055,5
423,-71.881035,5
424,-78.7158,5
425,-87.00212,5
426,-230.75899,5
427,35.904984,5
428,1.4574635,5
429,9.196843,5
430,51.076283,5
431,-124.57653,5
432,186.30354,5
433,-33.17538,5
434,-24.892756,5
435,107.664055,5
436,-325.37006,5
437,-392.67126,5
438,-64.903145,5
439,-308.17303,5
440,-252.1138,5
441,-86.02206,5
442,80.22675,5
443,-188.96098,5
444,-209.06248,5
445,68.546715,5
446,-177.8921,5
447,-2.5511272,5
448,-45.97766,5
449,-400.51825,5
450,-201.03987,5
451,58.19228,5
452,-132.97511,5
453,79.637436,5
454,-203.49608,5
455,-110.05088,5
456,169.05365,5
457,55.22971,5
458,-7.1971307,5
459,-135.00566,5
460,-18.333673,5
461,8.812436,5
462,9.236722,5
463,143.48485,5
464,-173.72795,5
465,-104.23787,5
466,12.35864,5
467,-129.74635,5
468,91.85582,5
469,-15.279887,5
470,-70.18137,5
471,163.15724,5
472,100.38262,5
473,-1.9340274,5
474,45.121746,5
475,-224.24095,5
476,134.6404,5
477,28.144045,5
478,-252.2907,5
479,53.575153,5
480,-162.58784,6
481,-36.858818,6
482,-71.11129,6
483,-13.092914,6
484,-59.744305,6
485,-39.50983,6
486,-32.2166,6
487,-155.44237,6
488,-62.551113,6
489,74.06122,6
490,8.300908,6
491,-109.07804,6
492,-70.705795,6
493,-15.949702,6
494,25.233232,6
495,-78.23298,6
496,10.145314,6
497,-33.25837,6
498,-62.514236,6
499,9.542905,6
500,-147.87144,6
501,-58.175297,6
502,-102.98511,6
503,-15.386199,6
504,-122.77666,6
505,29.61278,6
506,-78.832954,6
507,-13.361789,6
508,62.190197,6
509,13.085694,6
510,-42.495846,6
511,-23.481909,6
512,69.39646,6
513,20.074686,6
514,-117.86584,6
515,-24.202593,6
516,-234.99805,6
517,-145.7448,6
518,-90.554634,6
519,-155.82732,6
520,-33.443596,6
521,-63.130383,6
522,147.3869,6
523,48.76722,6
524,46.908173,6
525,54.238297,6
526,-17.90757,6
527,47.911396,6
528,40.568752,6
529,-133.75633,6
530,-124.08637,6
531,-96.708305,6
532,-6.3696733,6
533,-136.69502,6
534,-39.750645,6
535,-152.35704,6
536,126.126045,6
537,99.80126,6
538,-15.160342,6
539,-20.613436,6
540,21.263147,6
541,22.900518,6
542,-63.142124,6
543,-161.15773,6
544,-93.85198,6
545,-95.21957,6
546,-141.96661,6
547,108.41321,6
548,-105.76901,6
549,-57.283978,6
550,-156.87813,6
551,-131.38196,6
552,-108.15354,6
553,-87.65231,6
554,-49.651936,6
555,20.909891,6
556,-99.2994,6
557,79.52711,6
558,71.31186,6
559,-85.126564,6
560,-33.96568,7
561,-339.6176,7
562,-259.24295,7
563,-64.678535,7
564,-51.49348,7
565,-254.61903,7
566,184.33202,7
567,-162.35164,7
568,56.24248,7
569,-181.83778,7
570,143.80226,7
571,-96.10618,7
572,-285.2486,7
573,142.6655,7
574,-305.53036,7
575,-44.312164,7
576,-168.3421,7
577,-161.09392,7
578,-344.42786,7
579,-225.57672,7
580,-328.42975,7
581,-118.45844,7
582,-68.626625,7
583,48.713436,7
584,21.672277,7
585,194.58025,7
586,12.932088,7
587,29.076126,7
588,-112.40006,7
589,-104.0547,7
590,272.3292,7
591,-31.282858,7
592,148.91231,7
593,-297.39243,7
594,-109.46478,7
595,-79.152245,7
596,212.8377,7
597,-80.24232,7
598,137.78401,7
599,128.84651,7
600,33.610767,7
601,-369.28424,7
602,-92.66424,7
603,-301.51935,7
604,-310.3656,7
605,89.16549,7
606,55.066433,7
607,64.45709,7
608,-157.0064,7
609,-177.1381,7
610,-302.1012,7
611,34.988182,7
612,83.394966,7
613,125.75134,7
614,-33.032093,7
615,-114.62013,7
616,-158.83183,7
617,-158.89455,7
618,-184.89586,7
619,-160.55577,7
620,-97.0923,7
621,-262.6173,7
622,140.21461,7
623,-69.62452,7
624,-115.544266,7
625,66.48177,7
626,-271.9414,7
627,-94.16711,7
628,-195.54303,7
629,-43.734226,7
630,-100.56826,7
631,-243.36322,7
632,-218.57893,7
633,-304.4897,7
634,83.084946,7
635,2.496751,7
636,43.96155,7
637,53.00488,7
638,18.84661,7
639,-122.66748,7
640,-82.278496,8
641,50.210255,8
642,-61.043312,8
643,-246.09361,8
644,-181.31247,8
645,-157.83345,8
646,-357.42618,8
647,-295.28107,8
648,-57.95348,8
649,-19.390291,8
650,-266.91425,8
651,-51.6762,8
652,-39.73679,8
653,77.42804,8
654,-27.192064,8
655,-83.51683,8
656,-82.284225,8
657,41.524456,8
658,-35.381405,8
659,44.189514,8
660,-73.46882,8
661,-122.83375,8
662,-286.36804,8
663,52.111507,8
664,-107.68472,8
665,-94.74434,8
666,-89.014275,8
667,-76.093216,8
668,-184.21106,8
669,-169.2171,8
670,-96.80761,8
671,-109.24766,8
672,-74.39648,8
673,-181.11113,8
674,-269.3764,8
675,-392.66794,8
676,-44.789852,8
677,-124.04797,8
678,-181.6788,8
679,17.542742,8
680,-194.87514,8
681,12.8061495,8
682,29.898626,8
683,12.359376,8
684,-353.0454,8
685,-73.300995,8
686,-18.03638,8
687,-122.023415,8
688,-123.05226,8
689,-121.58408,8
690,-228.7055,8
691,-54.349754,8
692,-26.788498,8
693,-164.32776,8
694,-58.703285,8
695,-234.74042,8
696,7.5847173,8
697,-301.913,8
698,-332.555,8
699,-228.65312,8
700,-232.03053,8
701,-301.6961,8
702,-89.60504,8
703,-230.79987,8
704,-224.29056,8
705,-177.65497,8
706,-91.09354,8
707,-341.58096,8
708,-125.77036,8
709,-286.7316,8
710,-141.34312,8
711,-300.67444,8
712,-359.44226,8
713,-36.39616,8
714,-253.91939,8
715,-358.83658,8
716,28.48561,8
717,12.520528,8
718,-20.384867,8
719,-293.06683,8
720,-130.18204,9
721,-123.32717,9
722,-63.385513,9
723,29.788446,9
724,-55.111904,9
725,9.182851,9
726,-116.31511,9
727,36.156933,9
728,-41.063416,9
729,-254.89607,9
730,-25.85581,9
731,-37.7393,9
732,74.23012,9
733,109.968666,9
734,-35.500202,9
735,-363.2345,9
736,-79.41939,9
737,201.86969,9
738,-23.781092,9
739,10.773484,9
740,-157.43236,9
741,89.573875,9
742,72.98139,9
743,54.913986,9
744,97.58695,9
745,50.326515,9
746,-144.58667,9
747,113.110725,9
748,-307.87744,9
749,-237.93707,9
750,-30.424324,9
751,60.0804,9
752,108.40345,9
753,-276.4252,9
754,169.58943,9
755,48.121273,9
756,-30.786009,9
757,21.140703,9
758,39.061264,9
759,19.096876,9
760,-59.318604,9
761,-105.56183,9
762,76.35531,9
763,65.28925,9
764,-72.58317,9
765,-9.841432,9
766,-13.241927,9
767,55.785496,9
768,-118.15269,9
769,-14.000379,9
770,-71.00712,9
771,-163.3951,9
772,76.99526,9
773,-199.30347,9
774,-135.45955,9
775,-51.36866,9
776,3.435323,9
777,-69.48588,9
778,144.83531,9
779,82.89694,9
780,100.952995,9
781,78.37835,9
782,-266.32886,9
783,-7.6196046,9
784,-4.036929,9
785,80.5855,9
786,119.99764,9
787,-122.845474,9
788,-138.61598,9
789,-105.89953,9
790,50.431896,9
791,-21.435057,9
792,-67.73352,9
793,133.90637,9
794,-0.40452453,9
795,-37.29187,9
796,166.75584,9
797,-154.44167,9
798,-228.11272,9
799,-336.6917,9
