Image,Value,Label
0,-385.28946,0
1,-213.52672,0
2,-197.03908,0
3,-435.64774,0
4,-281.95987,0
5,-258.08774,0
6,-340.34348,0
7,-425.60782,0
8,-394.94083,0
9,-389.27405,0
10,-269.13547,0
11,-362.77817,0
12,-480.76086,0
13,-393.0036,0
14,-351.4065,0
15,-215.51651,0
16,-302.41116,0
17,-441.39282,0
18,-430.8953,0
19,-375.94376,0
20,-574.10394,0
21,-298.0757,0
22,-401.5354,0
23,-237.55344,0
24,-360.0892,0
25,-213.72392,0
26,-403.0964,0
27,-286.56406,0
28,-434.96158,0
29,-250.5081,0
30,-332.00055,0
31,-288.98642,0
32,-260.75177,0
33,-243.03313,0
34,-514.38165,0
35,-293.23184,0
36,-250.77548,0
37,-270.6758,0
38,-379.84976,0
39,-285.68808,0
40,-293.57608,0
41,-331.5308,0
42,-484.22498,0
43,-250.6925,0
44,-291.64194,0
45,-429.7827,0
46,-475.76346,0
47,-347.49228,0
48,-191.93336,0
49,-223.44785,0
50,-304.6373,0
51,-301.61053,0
52,-275.7718,0
53,-324.93466,0
54,-295.65536,0
55,-277.63602,0
56,-378.15875,0
57,-214.73807,0
58,-465.8786,0
59,-248.8954,0
60,-335.31897,0
61,-316.53598,0
62,-288.01633,0
63,-424.75067,0
64,-400.15073,0
65,-469.78375,0
66,-402.09076,0
67,-296.0544,0
68,-258.30658,0
69,-248.84149,0
70,-312.02383,0
71,-364.423,0
72,-371.34317,0
73,-552.4722,0
74,-357.3646,0
75,-299.55844,0
76,-382.43423,0
77,-518.9964,0
78,-360.73105,0
79,-292.69794,0
80,-193.63882,1
81,-74.39088,1
82,-191.96031,1
83,-170.91145,1
84,-206.84517,1
85,-145.48282,1
86,-146.49829,1
87,-162.98001,1
88,-211.70073,1
89,-160.03162,1
90,-140.66466,1
91,-170.01349,1
92,-90.90844,1
93,-232.94913,1
94,-248.3619,1
95,-140.11664,1
96,-277.69427,1
97,-162.28154,1
98,-148.95773,1
99,-188.69943,1
100,-133.3501,1
101,-165.62679,1
102,-197.77007,1
103,-157.20316,1
104,-169.57349,1
105,-150.22714,1
106,-127.372574,1
107,-220.27953,1
108,-179.40607,1
109,-154.88522,1
110,-158.39084,1
111,-195.02084,1
112,-201.00928,1
113,-176.0386,1
114,-204.3468,1
115,-148.3109,1
116,-249.75476,1
117,-183.50113,1
118,-170.79245,1
119,-190.57294,1
120,-185.57918,1
121,-182.5003,1
122,-91.25849,1
123,-171.48328,1
124,-90.59072,1
125,-137.51036,1
126,-219.91342,1
127,-143.96573,1
128,-155.54884,1
129,-169.5877,1
130,-234.89636,1
131,-191.09784,1
132,-155.2692,1
133,-182.48645,1
134,-116.000916,1
135,-167.32285,1
136,-172.8588,1
137,-122.70075,1
138,-183.78769,1
139,-194.7044,1
140,-171.71089,1
141,-162.14523,1
142,-131.63858,1
143,-191.0766,1
144,-87.57784,1
145,-147.91202,1
146,-168.11981,1
147,-192.11195,1
148,-189.15158,1
149,-185.34615,1
150,-227.63744,1
151,-163.88788,1
152,-267.76273,1
153,-226.09235,1
154,-210.6995,1
155,-210.88028,1
156,-187.05508,1
157,-161.42564,1
158,-155.49615,1
159,-148.19168,1
160,-212.45163,2
161,-261.54233,2
162,-187.09918,2
163,-181.41168,2
164,-335.15213,2
165,-358.81265,2
166,-199.68411,2
167,-315.16058,2
168,-238.93802,2
169,-197.0276,2
170,-217.31833,2
171,-258.66013,2
172,-262.9641,2
173,-273.09402,2
174,-327.4966,2
175,-398.6031,2
176,-196.3198,2
177,-281.67014,2
178,-369.92398,2
179,-377.699,2
180,-78.83081,2
181,-358.81625,2
182,-364.47388,2
183,-289.4102,2
184,-250.4078,2
185,-291.4228,2
186,-299.57883,2
187,-252.27998,2
188,-150.7955,2
189,-95.68801,2
190,-195.95268,2
191,-198.07082,2
192,-209.57115,2
193,-362.99948,2
194,-176.63321,2
195,-237.03691,2
196,-403.96848,2
197,-282.05334,2
198,-279.86655,2
199,-441.04703,2
200,-181.46062,2
201,-323.33377,2
202,-140.79477,2
203,-418.02438,2
204,-156.16086,2
205,-132.15385,2
206,-133.66982,2
207,-371.40933,2
208,-295.45535,2
209,-353.48996,2
210,-284.0016,2
211,-433.58243,2
212,-411.42062,2
213,-215.64377,2
214,-242.86899,2
215,-330.4706,2
216,-301.2983,2
217,-112.507484,2
218,-396.55603,2
219,-388.79233,2
220,-341.1736,2
221,-402.29684,2
222,-251.80602,2
223,-213.05095,2
224,-270.47272,2
225,-318.72275,2
226,-237.65535,2
227,-299.6943,2
228,-215.24904,2
229,-265.7864,2
230,-273.52954,2
231,-240.1593,2
232,-193.3163,2
233,-408.24557,2
234,-367.4382,2
235,-405.32877,2
236,-132.33347,2
237,-312.54086,2
238,-148.5385,2
239,-287.60165,2
240,-363.32135,3
241,-246.10281,3
242,-227.0531,3
243,-184.68092,3
244,-400.14047,3
245,-328.81125,3
246,-416.6913,3
247,-278.24835,3
248,-290.3081,3
249,-286.8986,3
250,-382.4173,3
251,-205.46881,3
252,-377.26013,3
253,-335.56308,3
254,-272.781,3
255,-361.0029,3
256,-240.04782,3
257,-330.90863,3
258,-355.6704,3
259,-442.6123,3
260,-374.38956,3
261,-316.12054,3
262,-336.21262,3
263,-290.22305,3
264,-327.51584,3
265,-341.4059,3
266,-318.68063,3
267,-304.6483,3
268,-492.59918,3
269,-313.25146,3
270,-285.36343,3
271,-291.91757,3
272,-287.97147,3
273,-263.79883,3
274,-376.363,3
275,-234.97832,3
276,-379.23325,3
277,-201.16705,3
278,-425.1005,3
279,-326.9729,3
280,-307.4124,3
281,-452.68326,3
282,-320.95758,3
283,-372.2511,3
284,-265.15552,3
285,-300.03873,3
286,-385.58795,3
287,-378.8469,3
288,-416.72818,3
289,-261.975,3
290,-324.63858,3
291,-332.31876,3
292,-351.19485,3
293,-311.60303,3
294,-412.41904,3
295,-308.0942,3
296,-346.9916,3
297,-381.58066,3
298,-321.01706,3
299,-470.0153,3
300,-433.4585,3
301,-491.73047,3
302,-141.74141,3
303,-231.34363,3
304,-208.38467,3
305,-255.21527,3
306,-334.27103,3
307,-169.27013,3
308,-241.25679,3
309,-481.0082,3
310,-580.8902,3
311,-197.28922,3
312,-341.46204,3
313,-210.16193,3
314,-303.644,3
315,-399.05008,3
316,-180.22246,3
317,-337.22018,3
318,-270.4811,3
319,-365.5978,3
320,-323.06888,4
321,-162.38376,4
322,-157.21606,4
323,-149.7142,4
324,-270.25702,4
325,-243.50299,4
326,-280.92975,4
327,-179.58383,4
328,-297.2338,4
329,-194.05104,4
330,-179.36531,4
331,-195.06938,4
332,-220.37596,4
333,-241.92479,4
334,-187.9943,4
335,-135.76909,4
336,-139.28967,4
337,-295.8091,4
338,-244.53723,4
339,-297.88074,4
340,-367.9502,4
341,-155.28462,4
342,-253.09064,4
343,-214.6892,4
344,-224.57115,4
345,-214.3468,4
346,-145.394,4
347,-232.96591,4
348,-91.22803,4
349,-159.51448,4
350,-318.31583,4
351,-217.74426,4
352,-286.8199,4
353,-227.51424,4
354,-204.9937,4
355,-230.88626,4
356,-389.99924,4
357,-260.79947,4
358,-241.98865,4
359,-142.28244,4
360,-190.1955,4
361,-292.78036,4
362,-190.7201,4
363,-115.657616,4
364,-221.83844,4
365,-170.83348,4
366,-295.80896,4
367,-228.3342,4
368,-253.40875,4
369,-205.0624,4
370,-216.67435,4
371,-201.82874,4
372,-114.7777,4
373,-189.31729,4
374,-346.89835,4
375,-301.78397,4
376,-205.21436,4
377,-174.35016,4
378,-224.34033,4
379,-221.4921,4
380,-229.55145,4
381,-150.03343,4
382,-189.59793,4
383,-196.03932,4
384,-317.7916,4
385,-192.82298,4
386,-228.89145,4
387,-219.88782,4
388,-193.0022,4
389,-337.3073,4
390,-268.50998,4
391,-201.9668,4
392,-244.97856,4
393,-290.50943,4
394,-107.39502,4
395,-357.94022,4
396,-354.63553,4
397,-174.79646,4
398,-212.3216,4
399,-204.42455,4
400,-364.08575,5
401,-205.88509,5
402,-322.57004,5
403,-223.87906,5
404,-322.51907,5
405,-360.92838,5
406,-306.65082,5
407,-229.21536,5
408,-378.07916,5
409,-151.89886,5
410,-336.70908,5
411,-237.46243,5
412,-77.89082,5
413,-221.86533,5
414,-326.01596,5
415,-208.2144,5
416,-292.1987,5
417,-332.55585,5
418,-272.71402,5
419,-290.1245,5
420,-325.90323,5
421,-378.38638,5
422,-352.75342,5
423,-360.33127,5
424,-217.49683,5
425,-184.62585,5
426,-270.36465,5
427,-373.39703,5
428,-313.82968,5
429,-263.6102,5
430,-432.9553,5
431,-242.83267,5
432,-183.14679,5
433,-345.33188,5
434,-268.53613,5
435,-322.00375,5
436,-273.26624,5
437,-291.31082,5
438,-153.07562,5
439,-206.92642,5
440,-179.6131,5
441,-415.89874,5
442,-346.61044,5
443,-221.21173,5
444,-217.56732,5
445,-189.65504,5
446,-235.69135,5
447,-371.59332,5
448,-422.26422,5
449,-229.26193,5
450,-125.308525,5
451,-191.54427,5
452,-210.71625,5
453,-245.73776,5
454,-183.76505,5
455,-186.66248,5
456,-377.5048,5
457,-350.99472,5
458,-238.91289,5
459,-282.6763,5
460,-190.77016,5
461,-390.53513,5
462,-356.0577,5
463,-267.64954,5
464,-351.93234,5
465,-136.40173,5
466,-390.77704,5
467,-210.67355,5
468,-133.27316,5
469,-324.6586,5
470,-192.36864,5
471,-323.793,5
472,-427.03375,5
473,-313.14972,5
474,-258.8464,5
475,-343.0618,5
476,-340.8482,5
477,-191.53696,5
478,-225.3632,5
479,-282.6119,5
480,-161.90105,6
481,-245.2983,6
482,-212.91785,6
483,-249.55551,6
484,-116.06686,6
485,-307.90988,6
486,-268.1619,6
487,-377.2182,6
488,-417.2515,6
489,-287.6702,6
490,-243.80489,6
491,-221.85416,6
492,-116.86613,6
493,-210.57153,6
494,-222.10074,6
495,-237.95941,6
496,-301.7745,6
497,-293.5148,6
498,-181.51036,6
499,-400.76437,6
500,-229.57423,6
501,-212.61514,6
502,-202.06094,6
503,-237.6872,6
504,-283.34235,6
505,-381.191,6
506,-300.17017,6
507,-255.08595,6
508,-317.83218,6
509,-298.21463,6
510,-283.86945,6
511,-232.1217,6
512,-184.24788,6
513,-249.84402,6
514,-180.85422,6
515,-176.79053,6
516,-293.5344,6
517,-182.41795,6
518,-220.26605,6
519,-122.5631,6
520,-403.3229,6
521,-297.24765,6
522,-213.45724,6
523,-274.8786,6
524,-264.88126,6
525,-241.3147,6
526,-212.768,6
527,-276.80313,6
528,-309.6572,6
529,-211.04037,6
530,-207.71967,6
531,-222.44157,6
532,-413.8444,6
533,-167.06693,6
534,-291.84637,6
535,-265.59546,6
536,-360.2392,6
537,-311.2165,6
538,-243.48149,6
539,-238.52905,6
540,-228.8382,6
541,-163.0017,6
542,-156.83218,6
543,-216.50446,6
544,-193.94595,6
545,-212.283,6
546,-224.77881,6
547,-220.84247,6
548,-219.01173,6
549,-165.5552,6
550,-284.0936,6
551,-231.66008,6
552,-206.96584,6
553,-308.07404,6
554,-318.3392,6
555,-234.66171,6
556,-343.63528,6
557,-308.98138,6
558,-246.37682,6
559,-224.63019,6
560,-182.16719,7
561,-195.99615,7
562,-137.15823,7
563,-235.9433,7
564,-269.4988,7
565,-374.86966,7
566,-330.9396,7
567,-206.22487,7
568,-248.62729,7
569,-251.7836,7
570,-305.01648,7
571,-153.8991,7
572,-232.80934,7
573,-333.06268,7
574,-209.33804,7
575,-238.18114,7
576,-328.4722,7
577,-226.48296,7
578,-289.55344,7
579,-247.37372,7
580,-207.72905,7
581,-105.87052,7
582,-142.18857,7
583,-198.44539,7
584,-165.2778,7
585,-195.02887,7
586,-217.13997,7
587,-226.23843,7
588,-99.15629,7
589,-254.49258,7
590,-381.56107,7
591,-151.52184,7
592,-226.36232,7
593,-327.68115,7
594,-249.72557,7
595,-201.65819,7
596,-271.15103,7
597,-355.6965,7
598,-251.72934,7
599,-313.68137,7
600,-388.3281,7
601,-226.57535,7
602,-314.88876,7
603,-262.04483,7
604,-265.13068,7
605,-224.27528,7
606,-181.42886,7
607,-327.52142,7
608,-178.16293,7
609,-173.99243,7
610,-354.72818,7
611,-231.19427,7
612,-252.18494,7
613,-231.63522,7
614,-180.72002,7
615,-84.50335,7
616,-280.3129,7
617,-288.1727,7
618,-229.19916,7
619,-398.35767,7
620,-190.1854,7
621,-208.4436,7
622,-230.3922,7
623,-145.59094,7
624,-93.97661,7
625,-261.64545,7
626,-190.90837,7
627,-129.49875,7
628,-133.05508,7
629,-176.86575,7
630,-265.98486,7
631,-209.22858,7
632,-219.43416,7
633,-200.76817,7
634,-263.41907,7
635,-201.88297,7
636,-205.38025,7
637,-182.76744,7
638,-267.39938,7
639,-184.59146,7
640,-480.78598,8
641,-338.7524,8
642,-281.96448,8
643,-181.26924,8
644,-314.0286,8
645,-161.82034,8
646,-317.7494,8
647,-191.81274,8
648,-331.937,8
649,-260.7103,8
650,-310.36716,8
651,-255.21268,8
652,-441.87772,8
653,-434.64993,8
654,-368.14615,8
655,-217.21558,8
656,-312.2635,8
657,-270.69244,8
658,-206.2029,8
659,-555.5525,8
660,-418.616,8
661,-253.27118,8
662,-291.52255,8
663,-330.7631,8
664,-530.52057,8
665,-189.92366,8
666,-412.39124,8
667,-136.72696,8
668,-237.2632,8
669,-476.9576,8
670,-233.51204,8
671,-156.6445,8
672,-350.77206,8
673,-405.69357,8
674,-211.13951,8
675,-286.7936,8
676,-228.3165,8
677,-253.09277,8
678,-221.71338,8
679,-288.93234,8
680,-310.82547,8
681,-314.6262,8
682,-336.64368,8
683,-400.00986,8
684,-291.88297,8
685,-258.8581,8
686,-322.37326,8
687,-372.4708,8
688,-284.9106,8
689,-170.71237,8
690,-281.25156,8
691,-401.41196,8
692,-252.7976,8
693,-436.94247,8
694,-272.31522,8
695,-202.8175,8
696,-348.05286,8
697,-139.54657,8
698,-205.80331,8
699,-320.72028,8
700,-303.0633,8
701,-243.45276,8
702,-253.75726,8
703,-221.30954,8
704,-341.66592,8
705,-369.98734,8
706,-317.38824,8
707,-254.43604,8
708,-149.59457,8
709,-303.2955,8
710,-217.89124,8
711,-188.45859,8
712,-268.97763,8
713,-294.10345,8
714,-254.80971,8
715,-327.88553,8
716,-296.98895,8
717,-354.55835,8
718,-348.99484,8
719,-217.92169,8
720,-208.94861,9
721,-318.04868,9
722,-237.97418,9
723,-418.68466,9
724,-194.0054,9
725,-169.36356,9
726,-154.41817,9
727,-249.52457,9
728,-185.28635,9
729,-262.8773,9
730,-186.89182,9
731,-110.00143,9
732,-238.184,9
733,-246.9333,9
734,-198.73053,9
735,-279.0822,9
736,-169.83316,9
737,-332.05118,9
738,-292.5308,9
739,-164.43712,9
740,-334.10123,9
741,-256.24197,9
742,-187.2775,9
743,-274.27756,9
744,-233.05254,9
745,-292.75955,9
746,-121.720505,9
747,-206.7511,9
748,-196.92514,9
749,-303.8457,9
750,-186.70422,9
751,-193.40631,9
752,-347.05283,9
753,-279.10892,9
754,-356.9233,9
755,-119.869484,9
756,-144.15012,9
757,-145.34709,9
758,-333.58832,9
759,-78.151825,9
760,-124.07514,9
761,-266.59753,9
762,-264.53946,9
763,-275.3315,9
764,-222.41917,9
765,-198.75183,9
766,-183.77698,9
767,-294.45337,9
768,-139.437,9
769,-127.170204,9
770,-216.70558,9
771,-170.73206,9
772,-268.37833,9
773,-140.05795,9
774,-219.48364,9
775,-136.08871,9
776,-275.90973,9
777,-132.54254,9
778,-217.91885,9
779,-156.77971,9
780,-359.0414,9
781,-254.46387,9
782,-130.00854,9
783,-147.6423,9
784,-200.68686,9
785,-255.97803,9
786,-288.12634,9
787,-103.7169,9
788,-145.01843,9
789,-186.79646,9
790,-242.47058,9
791,-160.69672,9
792,-288.1218,9
793,-234.8748,9
794,-328.076,9
795,-223.34787,9
796,-237.13152,9
797,-161.63492,9
798,-277.67764,9
799,-204.34073,9
