Image,Value,Label
0,-342.87695,0
1,-193.55669,0
2,-184.69164,0
3,-375.78403,0
4,-294.53415,0
5,-277.9044,0
6,-367.38248,0
7,-409.8147,0
8,-308.42743,0
9,-334.40866,0
10,-320.61172,0
11,-282.84128,0
12,-432.38498,0
13,-313.46152,0
14,-200.66264,0
15,-217.50993,0
16,-295.8931,0
17,-341.23117,0
18,-383.39908,0
19,-327.59476,0
20,-470.49402,0
21,-334.75266,0
22,-335.3641,0
23,-262.72607,0
24,-296.343,0
25,-258.2326,0
26,-304.28125,0
27,-316.47867,0
28,-417.5478,0
29,-116.85389,0
30,-367.7471,0
31,-290.85883,0
32,-211.69353,0
33,-311.58145,0
34,-510.3138,0
35,-208.68823,0
36,-244.51506,0
37,-159.41005,0
38,-441.64023,0
39,-219.43117,0
40,-250.90059,0
41,-397.00784,0
42,-494.93204,0
43,-306.56912,0
44,-322.78293,0
45,-428.38232,0
46,-447.5621,0
47,-324.4969,0
48,-212.7788,0
49,-230.67763,0
50,-224.26866,0
51,-377.46237,0
52,-297.6219,0
53,-286.95673,0
54,-218.67497,0
55,-194.84224,0
56,-295.15207,0
57,-159.4499,0
58,-464.53445,0
59,-274.25522,0
60,-255.8683,0
61,-350.22018,0
62,-304.8738,0
63,-410.8878,0
64,-444.15793,0
65,-496.07953,0
66,-375.50684,0
67,-272.58072,0
68,-296.50748,0
69,-207.95448,0
70,-323.8225,0
71,-361.05215,0
72,-294.9086,0
73,-509.06314,0
74,-359.56784,0
75,-265.85605,0
76,-382.02963,0
77,-409.7925,0
78,-230.46825,0
79,-216.55908,0
80,-193.0811,1
81,-59.222015,1
82,-156.97087,1
83,-158.12479,1
84,-141.81627,1
85,-171.12785,1
86,-148.8127,1
87,-142.81624,1
88,-161.44385,1
89,-210.2476,1
90,-89.16347,1
91,-114.7643,1
92,-140.60634,1
93,-247.8767,1
94,-204.04514,1
95,-108.74513,1
96,-258.652,1
97,-107.424164,1
98,-130.87839,1
99,-160.34822,1
100,-120.09497,1
101,-135.11073,1
102,-263.1072,1
103,-102.778046,1
104,-128.32063,1
105,-134.6218,1
106,-231.99385,1
107,-211.02303,1
108,-136.34569,1
109,-114.07448,1
110,-252.85304,1
111,-156.4907,1
112,-181.74573,1
113,-214.76552,1
114,-184.63527,1
115,-94.443146,1
116,-226.48172,1
117,-116.222244,1
118,-211.52682,1
119,-123.48174,1
120,-129.14638,1
121,-145.56221,1
122,-128.37172,1
123,-153.8428,1
124,-126.99928,1
125,-99.09859,1
126,-166.45833,1
127,-103.99539,1
128,-161.80246,1
129,-103.88469,1
130,-190.79819,1
131,-145.08647,1
132,-109.96984,1
133,-132.43654,1
134,-86.60581,1
135,-163.47285,1
136,-145.69264,1
137,-117.40983,1
138,-189.988,1
139,-172.85109,1
140,-133.77354,1
141,-110.27948,1
142,-221.18947,1
143,-166.1925,1
144,-154.54822,1
145,-217.9623,1
146,-149.2692,1
147,-157.1199,1
148,-170.73906,1
149,-212.07402,1
150,-232.12737,1
151,-235.3574,1
152,-263.16315,1
153,-197.60942,1
154,-202.76161,1
155,-223.7535,1
156,-289.01227,1
157,-136.00102,1
158,-130.69368,1
159,-178.37207,1
160,-184.60252,2
161,-256.0175,2
162,-246.03406,2
163,-170.81787,2
164,-273.63092,2
165,-348.41226,2
166,-214.24995,2
167,-333.24515,2
168,-228.86325,2
169,-304.62143,2
170,-240.26193,2
171,-277.98618,2
172,-209.70476,2
173,-281.46112,2
174,-324.27426,2
175,-365.02948,2
176,-233.8467,2
177,-275.91312,2
178,-337.87946,2
179,-439.75784,2
180,-76.40044,2
181,-440.37857,2
182,-277.64853,2
183,-284.69592,2
184,-252.73376,2
185,-260.22452,2
186,-264.8464,2
187,-209.91188,2
188,-104.31674,2
189,-110.490074,2
190,-204.85373,2
191,-243.43468,2
192,-243.20285,2
193,-318.14413,2
194,-271.37576,2
195,-186.13873,2
196,-399.83023,2
197,-217.47414,2
198,-268.93802,2
199,-384.52798,2
200,-202.26106,2
201,-335.5624,2
202,-171.2491,2
203,-315.5828,2
204,-196.06432,2
205,-108.97353,2
206,-197.32498,2
207,-396.6895,2
208,-314.65735,2
209,-324.22232,2
210,-329.85513,2
211,-337.99454,2
212,-408.72998,2
213,-262.70093,2
214,-245.49727,2
215,-342.54398,2
216,-216.49208,2
217,-103.02161,2
218,-354.44656,2
219,-338.59036,2
220,-345.0516,2
221,-424.54282,2
222,-316.6779,2
223,-216.24498,2
224,-221.26991,2
225,-283.8345,2
226,-312.92535,2
227,-332.49344,2
228,-294.0262,2
229,-314.34613,2
230,-250.91493,2
231,-309.13898,2
232,-191.38133,2
233,-444.34952,2
234,-367.9561,2
235,-354.10492,2
236,-238.62296,2
237,-293.99466,2
238,-198.27324,2
239,-178.87498,2
240,-326.2808,3
241,-274.29816,3
242,-195.34683,3
243,-170.23845,3
244,-364.9373,3
245,-299.4772,3
246,-359.08212,3
247,-217.66608,3
248,-318.1727,3
249,-264.0253,3
250,-320.20947,3
251,-295.0049,3
252,-320.53537,3
253,-340.40256,3
254,-268.16013,3
255,-393.83365,3
256,-223.00352,3
257,-303.60446,3
258,-346.71692,3
259,-394.94662,3
260,-373.7435,3
261,-281.31778,3
262,-370.11673,3
263,-256.88943,3
264,-263.0627,3
265,-310.58615,3
266,-280.17383,3
267,-299.96945,3
268,-488.98178,3
269,-282.53616,3
270,-303.6273,3
271,-263.4908,3
272,-280.5519,3
273,-256.5776,3
274,-251.7527,3
275,-231.21187,3
276,-344.37256,3
277,-238.32434,3
278,-345.95273,3
279,-328.13925,3
280,-316.50345,3
281,-392.70914,3
282,-354.2243,3
283,-309.15915,3
284,-358.0753,3
285,-286.7368,3
286,-250.58388,3
287,-353.4083,3
288,-371.02448,3
289,-325.44235,3
290,-289.6485,3
291,-307.81467,3
292,-337.6044,3
293,-281.2986,3
294,-407.7346,3
295,-351.55624,3
296,-294.3909,3
297,-314.37305,3
298,-333.3093,3
299,-427.50327,3
300,-460.91028,3
301,-455.6967,3
302,-169.08055,3
303,-193.48656,3
304,-239.74466,3
305,-229.74593,3
306,-246.48947,3
307,-170.84192,3
308,-188.41318,3
309,-391.42493,3
310,-541.3753,3
311,-252.59134,3
312,-282.47168,3
313,-203.48598,3
314,-346.6934,3
315,-359.46954,3
316,-155.86345,3
317,-312.79337,3
318,-249.75598,3
319,-357.1909,3
320,-284.2604,4
321,-182.17766,4
322,-150.08635,4
323,-240.24872,4
324,-273.90533,4
325,-204.54683,4
326,-267.16592,4
327,-212.74974,4
328,-322.13254,4
329,-170.22346,4
330,-209.4525,4
331,-236.22105,4
332,-198.46434,4
333,-234.32106,4
334,-251.09212,4
335,-150.6251,4
336,-95.33147,4
337,-315.0673,4
338,-222.51607,4
339,-285.65823,4
340,-360.12372,4
341,-145.87492,4
342,-335.91202,4
343,-199.45747,4
344,-242.50629,4
345,-252.20842,4
346,-146.47209,4
347,-166.97343,4
348,-127.73888,4
349,-193.62407,4
350,-312.283,4
351,-187.52785,4
352,-198.35233,4
353,-250.51312,4
354,-189.35512,4
355,-254.71469,4
356,-383.86697,4
357,-265.5596,4
358,-176.39783,4
359,-201.2131,4
360,-210.71315,4
361,-310.4318,4
362,-213.69987,4
363,-89.7446,4
364,-212.93715,4
365,-242.88506,4
366,-351.2029,4
367,-266.58975,4
368,-190.5425,4
369,-165.93149,4
370,-206.21704,4
371,-191.77129,4
372,-84.56987,4
373,-165.30548,4
374,-338.77112,4
375,-275.61905,4
376,-192.24904,4
377,-197.98677,4
378,-248.79967,4
379,-161.34505,4
380,-274.02283,4
381,-185.35677,4
382,-212.56013,4
383,-161.8649,4
384,-280.7045,4
385,-170.41972,4
386,-276.33786,4
387,-297.53513,4
388,-216.09709,4
389,-291.53635,4
390,-256.7768,4
391,-188.32138,4
392,-241.12042,4
393,-313.0389,4
394,-140.83838,4
395,-274.4379,4
396,-280.77884,4
397,-187.14452,4
398,-209.85925,4
399,-226.78564,4
400,-259.7855,5
401,-207.61,5
402,-300.68515,5
403,-244.026,5
404,-269.29562,5
405,-237.09593,5
406,-340.4452,5
407,-239.44533,5
408,-289.53568,5
409,-215.844,5
410,-276.93088,5
411,-211.07054,5
412,-77.027306,5
413,-232.7325,5
414,-335.46268,5
415,-192.9502,5
416,-343.76193,5
417,-336.85712,5
418,-269.4986,5
419,-304.01126,5
420,-339.38632,5
421,-316.5481,5
422,-417.964,5
423,-274.08243,5
424,-260.0668,5
425,-137.94107,5
426,-282.8585,5
427,-385.10355,5
428,-285.04483,5
429,-206.46538,5
430,-332.45053,5
431,-220.90446,5
432,-143.52817,5
433,-317.22318,5
434,-256.4498,5
435,-325.05948,5
436,-240.08083,5
437,-285.63953,5
438,-160.13206,5
439,-205.628,5
440,-177.028,5
441,-385.06693,5
442,-302.19595,5
443,-276.56158,5
444,-169.54938,5
445,-171.39026,5
446,-271.7185,5
447,-357.43686,5
448,-416.65543,5
449,-248.50801,5
450,-172.68484,5
451,-134.19316,5
452,-160.48325,5
453,-238.052,5
454,-172.41197,5
455,-149.94283,5
456,-254.82274,5
457,-309.21524,5
458,-239.19525,5
459,-242.98097,5
460,-113.3493,5
461,-390.34525,5
462,-290.60553,5
463,-259.03665,5
464,-298.76184,5
465,-142.67046,5
466,-336.49826,5
467,-247.30748,5
468,-115.05183,5
469,-347.08984,5
470,-216.86922,5
471,-281.65085,5
472,-267.51376,5
473,-213.99464,5
474,-276.60953,5
475,-341.4329,5
476,-315.12476,5
477,-191.74318,5
478,-237.8521,5
479,-251.7624,5
480,-175.81226,6
481,-233.45741,6
482,-272.2352,6
483,-183.85501,6
484,-134.48357,6
485,-284.8115,6
486,-336.78033,6
487,-437.12976,6
488,-456.61758,6
489,-189.1154,6
490,-173.67094,6
491,-156.22037,6
492,-207.5398,6
493,-231.19118,6
494,-243.9704,6
495,-379.71484,6
496,-331.47836,6
497,-206.50853,6
498,-243.23076,6
499,-395.69022,6
500,-252.02652,6
501,-212.42747,6
502,-252.85019,6
503,-197.06068,6
504,-282.65808,6
505,-414.86258,6
506,-322.86728,6
507,-323.8599,6
508,-275.92776,6
509,-335.95798,6
510,-226.21033,6
511,-270.6832,6
512,-234.57408,6
513,-285.29462,6
514,-119.77034,6
515,-201.21779,6
516,-321.8605,6
517,-139.54439,6
518,-234.18794,6
519,-181.83278,6
520,-383.80334,6
521,-241.31633,6
522,-153.92418,6
523,-368.8947,6
524,-307.29364,6
525,-221.1136,6
526,-201.49815,6
527,-199.05667,6
528,-277.82477,6
529,-213.2119,6
530,-229.13702,6
531,-268.5466,6
532,-376.60876,6
533,-130.86868,6
534,-318.38593,6
535,-306.2153,6
536,-278.18527,6
537,-345.71387,6
538,-245.88734,6
539,-311.46518,6
540,-173.72112,6
541,-179.74254,6
542,-187.04738,6
543,-230.8519,6
544,-218.0472,6
545,-173.03174,6
546,-228.44948,6
547,-155.49736,6
548,-300.68512,6
549,-249.50311,6
550,-289.13138,6
551,-292.10236,6
552,-176.38063,6
553,-333.17892,6
554,-360.24948,6
555,-310.66162,6
556,-287.97885,6
557,-328.1962,6
558,-269.88095,6
559,-204.85051,6
560,-191.15648,7
561,-184.97852,7
562,-146.99269,7
563,-246.81786,7
564,-262.79648,7
565,-271.51785,7
566,-283.31915,7
567,-178.369,7
568,-210.13713,7
569,-263.38583,7
570,-264.74414,7
571,-129.70782,7
572,-212.30965,7
573,-320.98477,7
574,-231.63658,7
575,-210.1382,7
576,-255.2945,7
577,-185.36565,7
578,-290.6298,7
579,-226.88004,7
580,-200.63097,7
581,-102.02359,7
582,-153.14363,7
583,-203.99481,7
584,-162.63075,7
585,-169.42471,7
586,-190.0281,7
587,-230.15993,7
588,-129.87997,7
589,-215.87918,7
590,-290.79263,7
591,-114.97887,7
592,-166.89873,7
593,-339.42764,7
594,-257.6584,7
595,-226.04573,7
596,-207.46129,7
597,-334.21884,7
598,-215.49324,7
599,-244.75334,7
600,-338.3528,7
601,-236.7441,7
602,-221.1983,7
603,-260.1576,7
604,-254.13127,7
605,-215.5372,7
606,-164.7273,7
607,-275.51257,7
608,-166.5005,7
609,-163.76665,7
610,-316.0353,7
611,-220.7899,7
612,-188.09071,7
613,-176.67389,7
614,-144.42488,7
615,-85.36369,7
616,-230.03148,7
617,-233.48311,7
618,-220.32114,7
619,-314.27618,7
620,-268.8928,7
621,-200.39087,7
622,-216.49692,7
623,-120.56206,7
624,-114.586945,7
625,-246.64575,7
626,-191.61363,7
627,-125.58558,7
628,-131.02156,7
629,-171.32048,7
630,-273.04117,7
631,-168.61568,7
632,-215.21025,7
633,-182.84758,7
634,-190.78734,7
635,-194.03561,7
636,-185.25478,7
637,-194.6523,7
638,-239.2353,7
639,-176.49556,7
640,-441.6539,8
641,-342.43283,8
642,-316.6119,8
643,-211.96007,8
644,-418.67154,8
645,-111.83635,8
646,-358.34457,8
647,-192.82805,8
648,-205.41951,8
649,-212.36604,8
650,-324.9329,8
651,-243.91092,8
652,-427.5148,8
653,-446.23813,8
654,-416.7972,8
655,-213.98183,8
656,-235.96278,8
657,-262.19058,8
658,-272.98795,8
659,-557.45404,8
660,-374.33743,8
661,-259.40738,8
662,-322.4023,8
663,-408.09232,8
664,-519.08594,8
665,-207.01306,8
666,-371.99936,8
667,-162.89476,8
668,-309.693,8
669,-520.2994,8
670,-287.2603,8
671,-181.76663,8
672,-334.9729,8
673,-373.74585,8
674,-327.60715,8
675,-356.59583,8
676,-238.78462,8
677,-251.42314,8
678,-180.44539,8
679,-323.33646,8
680,-283.09995,8
681,-298.27277,8
682,-380.3195,8
683,-396.0401,8
684,-322.15775,8
685,-275.42795,8
686,-319.14697,8
687,-373.08386,8
688,-333.34164,8
689,-227.213,8
690,-296.51782,8
691,-337.75388,8
692,-299.9233,8
693,-406.85794,8
694,-259.34048,8
695,-229.13539,8
696,-369.9186,8
697,-217.85283,8
698,-241.79655,8
699,-238.71646,8
700,-387.92288,8
701,-286.9984,8
702,-279.7358,8
703,-217.01303,8
704,-404.94382,8
705,-270.48923,8
706,-298.31442,8
707,-326.257,8
708,-199.8076,8
709,-410.45135,8
710,-213.23586,8
711,-218.54579,8
712,-327.7924,8
713,-265.12277,8
714,-158.84052,8
715,-320.99512,8
716,-314.5631,8
717,-305.40536,8
718,-310.24203,8
719,-211.44044,8
720,-254.0707,9
721,-344.2657,9
722,-220.67896,9
723,-407.83487,9
724,-219.48521,9
725,-141.41801,9
726,-198.3796,9
727,-208.48311,9
728,-195.39934,9
729,-268.62247,9
730,-262.4509,9
731,-133.27628,9
732,-269.73657,9
733,-232.33379,9
734,-167.4598,9
735,-267.56247,9
736,-173.99622,9
737,-305.051,9
738,-329.1608,9
739,-229.50969,9
740,-299.53122,9
741,-259.30206,9
742,-208.4036,9
743,-293.8378,9
744,-262.91113,9
745,-271.1189,9
746,-178.35078,9
747,-185.6121,9
748,-191.08334,9
749,-232.38109,9
750,-165.3012,9
751,-216.8088,9
752,-359.7953,9
753,-295.4062,9
754,-386.24326,9
755,-187.77698,9
756,-260.12106,9
757,-169.40091,9
758,-326.2856,9
759,-94.589645,9
760,-177.4158,9
761,-247.16377,9
762,-230.98093,9
763,-200.93776,9
764,-301.90497,9
765,-205.42448,9
766,-209.56853,9
767,-337.42093,9
768,-140.95665,9
769,-135.61266,9
770,-238.85817,9
771,-154.44835,9
772,-321.51254,9
773,-149.96623,9
774,-199.70418,9
775,-167.91054,9
776,-252.16446,9
777,-187.89458,9
778,-225.95448,9
779,-158.39865,9
780,-376.0519,9
781,-189.93674,9
782,-125.49166,9
783,-213.28401,9
784,-187.213,9
785,-312.38675,9
786,-250.3201,9
787,-135.82664,9
788,-192.17406,9
789,-227.74089,9
790,-239.17108,9
791,-188.74623,9
792,-290.75183,9
793,-203.70628,9
794,-289.97708,9
795,-186.78159,9
796,-208.51512,9
797,-156.55864,9
798,-331.5444,9
799,-223.093,9
