Image,Value,Label
0,-358.46735,0
1,-154.70241,0
2,-237.3729,0
3,-308.363,0
4,-248.46262,0
5,-233.41599,0
6,-328.26196,0
7,-352.54944,0
8,-319.30542,0
9,-281.95602,0
10,-305.97424,0
11,-269.12866,0
12,-441.0067,0
13,-301.45935,0
14,-276.88788,0
15,-253.61752,0
16,-242.16914,0
17,-338.75827,0
18,-354.55536,0
19,-284.11322,0
20,-445.1278,0
21,-297.5481,0
22,-296.31256,0
23,-243.08736,0
24,-307.4556,0
25,-149.92688,0
26,-318.89972,0
27,-206.47084,0
28,-362.4396,0
29,-219.67111,0
30,-332.43036,0
31,-194.41129,0
32,-270.52783,0
33,-183.60013,0
34,-393.52466,0
35,-243.89374,0
36,-202.25568,0
37,-132.89618,0
38,-357.92072,0
39,-240.10484,0
40,-297.7561,0
41,-303.89096,0
42,-451.92984,0
43,-265.10333,0
44,-292.1955,0
45,-339.76193,0
46,-376.88885,0
47,-309.9577,0
48,-182.16971,0
49,-146.47208,0
50,-254.07126,0
51,-342.4878,0
52,-247.19731,0
53,-289.35846,0
54,-266.03906,0
55,-218.13113,0
56,-331.71573,0
57,-108.36441,0
58,-332.0399,0
59,-252.35803,0
60,-305.79202,0
61,-255.80194,0
62,-204.76791,0
63,-334.1666,0
64,-326.5312,0
65,-350.85162,0
66,-338.22577,0
67,-217.59918,0
68,-231.95152,0
69,-209.1824,0
70,-296.57715,0
71,-272.27835,0
72,-336.13123,0
73,-462.9815,0
74,-342.28043,0
75,-205.24054,0
76,-324.3291,0
77,-380.59488,0
78,-185.81119,0
79,-239.32115,0
80,-153.76595,1
81,-57.538418,1
82,-136.39175,1
83,-105.815384,1
84,-93.06879,1
85,-120.24762,1
86,-78.20816,1
87,-93.57436,1
88,-94.63138,1
89,-143.23257,1
90,-74.43762,1
91,-110.76178,1
92,-134.78543,1
93,-195.78043,1
94,-130.591,1
95,-65.99844,1
96,-144.03004,1
97,-81.6225,1
98,-119.11809,1
99,-120.74657,1
100,-106.414604,1
101,-74.886856,1
102,-219.6117,1
103,-78.79341,1
104,-74.42677,1
105,-119.858246,1
106,-185.67145,1
107,-175.30833,1
108,-102.18141,1
109,-115.50136,1
110,-195.6786,1
111,-101.72121,1
112,-156.67203,1
113,-165.81061,1
114,-159.59949,1
115,-121.94278,1
116,-127.82108,1
117,-86.14857,1
118,-160.69489,1
119,-98.16475,1
120,-122.8621,1
121,-94.880905,1
122,-111.953064,1
123,-117.867714,1
124,-72.991516,1
125,-69.732956,1
126,-157.52362,1
127,-98.40774,1
128,-157.314,1
129,-84.9813,1
130,-128.98799,1
131,-76.09913,1
132,-101.98519,1
133,-115.59152,1
134,-96.90467,1
135,-128.97302,1
136,-117.045685,1
137,-83.07651,1
138,-144.99313,1
139,-113.06805,1
140,-99.00838,1
141,-82.22351,1
142,-174.28006,1
143,-127.75861,1
144,-161.61285,1
145,-173.71008,1
146,-136.71165,1
147,-132.09247,1
148,-125.8374,1
149,-194.27945,1
150,-182.55711,1
151,-222.60745,1
152,-166.64069,1
153,-164.9382,1
154,-151.27298,1
155,-161.31635,1
156,-176.08807,1
157,-83.22427,1
158,-77.8423,1
159,-155.24734,1
160,-133.05118,2
161,-229.39044,2
162,-170.15631,2
163,-180.72214,2
164,-247.66858,2
165,-275.00073,2
166,-202.42023,2
167,-276.82556,2
168,-252.60591,2
169,-293.16943,2
170,-171.77478,2
171,-256.3168,2
172,-198.91328,2
173,-221.12589,2
174,-263.50446,2
175,-312.25494,2
176,-195.12245,2
177,-269.03674,2
178,-289.97125,2
179,-321.4863,2
180,-98.44049,2
181,-297.27917,2
182,-306.849,2
183,-207.37056,2
184,-182.26648,2
185,-175.41063,2
186,-206.2587,2
187,-160.95657,2
188,-92.5365,2
189,-96.5329,2
190,-159.60391,2
191,-201.7746,2
192,-236.2016,2
193,-273.74704,2
194,-192.26736,2
195,-160.30426,2
196,-281.09213,2
197,-191.18243,2
198,-220.41943,2
199,-334.61823,2
200,-161.69809,2
201,-270.94424,2
202,-147.51997,2
203,-180.59518,2
204,-145.58899,2
205,-86.66418,2
206,-161.87184,2
207,-312.6337,2
208,-251.98987,2
209,-338.67767,2
210,-281.20322,2
211,-232.10406,2
212,-365.9287,2
213,-214.1811,2
214,-263.00757,2
215,-266.90424,2
216,-205.40482,2
217,-117.56336,2
218,-270.63043,2
219,-310.2276,2
220,-314.97943,2
221,-347.78485,2
222,-250.11163,2
223,-178.95915,2
224,-174.09265,2
225,-221.59543,2
226,-237.05618,2
227,-245.45377,2
228,-241.2025,2
229,-279.2229,2
230,-134.55164,2
231,-152.72455,2
232,-153.41605,2
233,-360.01624,2
234,-336.8778,2
235,-302.98056,2
236,-195.26874,2
237,-268.64612,2
238,-140.48105,2
239,-243.78639,2
240,-293.17987,3
241,-221.29953,3
242,-163.81085,3
243,-196.05396,3
244,-307.8755,3
245,-238.45218,3
246,-334.06274,3
247,-175.233,3
248,-317.9348,3
249,-207.14903,3
250,-309.8007,3
251,-204.05008,3
252,-287.38318,3
253,-309.42844,3
254,-221.86081,3
255,-364.24966,3
256,-191.41742,3
257,-272.86075,3
258,-277.87378,3
259,-364.1108,3
260,-284.2202,3
261,-267.28357,3
262,-297.39276,3
263,-192.1116,3
264,-245.34274,3
265,-272.0169,3
266,-279.1034,3
267,-236.88333,3
268,-385.47968,3
269,-231.25595,3
270,-233.8768,3
271,-193.17905,3
272,-273.36612,3
273,-242.37769,3
274,-229.68321,3
275,-135.76657,3
276,-311.57825,3
277,-172.89365,3
278,-266.7381,3
279,-210.71472,3
280,-225.5187,3
281,-325.15253,3
282,-282.0151,3
283,-278.3113,3
284,-212.486,3
285,-284.45053,3
286,-255.71994,3
287,-304.979,3
288,-290.49695,3
289,-252.3719,3
290,-252.7095,3
291,-245.98306,3
292,-282.76056,3
293,-250.25827,3
294,-363.32916,3
295,-275.64227,3
296,-268.4391,3
297,-273.4664,3
298,-335.6881,3
299,-337.8172,3
300,-353.40396,3
301,-376.56085,3
302,-176.5954,3
303,-169.75812,3
304,-276.85596,3
305,-225.33311,3
306,-254.01004,3
307,-138.52194,3
308,-157.84174,3
309,-343.25925,3
310,-420.08624,3
311,-224.95255,3
312,-281.47656,3
313,-186.52866,3
314,-322.99347,3
315,-314.9212,3
316,-125.35469,3
317,-277.02985,3
318,-244.36078,3
319,-295.23737,3
320,-249.02802,4
321,-163.62839,4
322,-209.85397,4
323,-215.04915,4
324,-276.87354,4
325,-141.09454,4
326,-304.13113,4
327,-156.99458,4
328,-302.5992,4
329,-114.224815,4
330,-213.31319,4
331,-145.46764,4
332,-147.38855,4
333,-205.47806,4
334,-127.982124,4
335,-170.46794,4
336,-131.2865,4
337,-276.33502,4
338,-170.05927,4
339,-241.94292,4
340,-292.20013,4
341,-110.467545,4
342,-310.66968,4
343,-215.18228,4
344,-233.9653,4
345,-157.07718,4
346,-120.348236,4
347,-140.13594,4
348,-78.441154,4
349,-170.89966,4
350,-256.61932,4
351,-244.6688,4
352,-233.0567,4
353,-151.73239,4
354,-285.32495,4
355,-259.35284,4
356,-243.73328,4
357,-231.25967,4
358,-169.31305,4
359,-123.80008,4
360,-194.22372,4
361,-203.36526,4
362,-209.88557,4
363,-101.30193,4
364,-249.68442,4
365,-258.79645,4
366,-355.39294,4
367,-239.9413,4
368,-163.89075,4
369,-109.04431,4
370,-147.85817,4
371,-148.332,4
372,-112.6427,4
373,-126.444145,4
374,-256.716,4
375,-165.81651,4
376,-125.7982,4
377,-186.81012,4
378,-238.74434,4
379,-209.99469,4
380,-256.31573,4
381,-151.25618,4
382,-149.18983,4
383,-153.72096,4
384,-283.6146,4
385,-178.3199,4
386,-167.08533,4
387,-201.38889,4
388,-168.30487,4
389,-243.29901,4
390,-197.13423,4
391,-149.06772,4
392,-165.09091,4
393,-238.16739,4
394,-142.19106,4
395,-232.72241,4
396,-241.95586,4
397,-173.48029,4
398,-216.6254,4
399,-239.77344,4
400,-201.53168,5
401,-219.7417,5
402,-240.63289,5
403,-184.09163,5
404,-267.36432,5
405,-332.82584,5
406,-232.93204,5
407,-266.98752,5
408,-241.3876,5
409,-183.79558,5
410,-211.35858,5
411,-203.41,5
412,-34.985638,5
413,-199.87439,5
414,-310.1037,5
415,-167.43372,5
416,-411.18756,5
417,-311.44232,5
418,-189.67993,5
419,-292.19824,5
420,-344.94482,5
421,-312.49197,5
422,-272.60602,5
423,-303.95755,5
424,-122.10417,5
425,-110.876915,5
426,-279.07956,5
427,-364.02756,5
428,-295.27112,5
429,-202.73584,5
430,-345.052,5
431,-211.90503,5
432,-251.46506,5
433,-232.0539,5
434,-261.37335,5
435,-264.9287,5
436,-183.16727,5
437,-239.99127,5
438,-157.76395,5
439,-151.14384,5
440,-192.604,5
441,-386.60663,5
442,-316.90997,5
443,-226.06729,5
444,-109.437454,5
445,-195.5787,5
446,-224.22757,5
447,-331.95325,5
448,-316.08084,5
449,-170.7595,5
450,-162.69318,5
451,-131.29195,5
452,-106.71521,5
453,-269.75052,5
454,-203.05838,5
455,-207.30289,5
456,-302.08347,5
457,-284.72092,5
458,-166.63744,5
459,-193.22186,5
460,-154.72293,5
461,-360.68912,5
462,-314.97574,5
463,-298.79535,5
464,-224.54892,5
465,-122.09979,5
466,-303.10046,5
467,-147.36047,5
468,-147.41043,5
469,-327.74786,5
470,-197.46999,5
471,-265.10712,5
472,-335.0191,5
473,-231.56203,5
474,-213.7461,5
475,-269.28613,5
476,-338.18243,5
477,-127.67049,5
478,-196.85379,5
479,-290.36993,5
480,-177.67294,6
481,-145.02437,6
482,-238.37358,6
483,-150.37143,6
484,-159.23239,6
485,-211.86853,6
486,-305.70923,6
487,-411.19714,6
488,-334.85226,6
489,-275.706,6
490,-128.314,6
491,-164.63596,6
492,-116.25805,6
493,-232.9331,6
494,-162.9693,6
495,-314.46716,6
496,-216.39886,6
497,-280.63324,6
498,-140.02441,6
499,-338.9502,6
500,-275.95007,6
501,-155.13098,6
502,-234.27127,6
503,-132.76897,6
504,-208.51033,6
505,-296.3459,6
506,-206.69289,6
507,-182.15335,6
508,-184.01123,6
509,-315.02487,6
510,-275.75262,6
511,-260.4762,6
512,-191.69432,6
513,-237.1683,6
514,-128.71893,6
515,-168.06801,6
516,-254.48734,6
517,-139.23401,6
518,-148.38419,6
519,-204.73454,6
520,-286.37943,6
521,-188.0645,6
522,-189.1813,6
523,-247.57222,6
524,-269.69962,6
525,-169.95053,6
526,-201.91821,6
527,-149.9437,6
528,-272.30756,6
529,-225.98709,6
530,-115.39267,6
531,-168.76468,6
532,-309.31787,6
533,-123.88292,6
534,-230.24844,6
535,-204.93141,6
536,-267.16565,6
537,-311.7622,6
538,-214.94527,6
539,-149.15057,6
540,-142.36862,6
541,-107.96785,6
542,-104.942856,6
543,-160.12933,6
544,-157.59012,6
545,-123.845856,6
546,-240.2432,6
547,-235.75671,6
548,-287.576,6
549,-167.44173,6
550,-321.10226,6
551,-187.2716,6
552,-232.44632,6
553,-211.2251,6
554,-336.98257,6
555,-182.66348,6
556,-223.46844,6
557,-196.51404,6
558,-220.55984,6
559,-171.35938,6
560,-202.21765,7
561,-129.82147,7
562,-114.49042,7
563,-136.28859,7
564,-219.59174,7
565,-228.79262,7
566,-189.82172,7
567,-117.25658,7
568,-191.97173,7
569,-256.28885,7
570,-222.40936,7
571,-146.49774,7
572,-118.839264,7
573,-245.01263,7
574,-164.90967,7
575,-193.60738,7
576,-194.8655,7
577,-179.35265,7
578,-190.6142,7
579,-139.74977,7
580,-179.07191,7
581,-100.67258,7
582,-145.85777,7
583,-167.21875,7
584,-165.79315,7
585,-129.43546,7
586,-89.971054,7
587,-183.58307,7
588,-109.72363,7
589,-125.05299,7
590,-200.54248,7
591,-111.04361,7
592,-164.30154,7
593,-232.18535,7
594,-182.0869,7
595,-227.07114,7
596,-181.39984,7
597,-280.50513,7
598,-192.3307,7
599,-231.8883,7
600,-273.35004,7
601,-156.18407,7
602,-212.64487,7
603,-152.90431,7
604,-174.6799,7
605,-148.96057,7
606,-133.1641,7
607,-166.72394,7
608,-115.55908,7
609,-137.27258,7
610,-177.62833,7
611,-79.31731,7
612,-82.88799,7
613,-194.53647,7
614,-138.8023,7
615,-76.43037,7
616,-155.83582,7
617,-207.9981,7
618,-148.65976,7
619,-244.96297,7
620,-228.75497,7
621,-138.98386,7
622,-191.63452,7
623,-99.844696,7
624,-47.294075,7
625,-179.8527,7
626,-174.97475,7
627,-71.49697,7
628,-88.337906,7
629,-168.25717,7
630,-172.85403,7
631,-145.12592,7
632,-139.8932,7
633,-117.62802,7
634,-162.28227,7
635,-182.27812,7
636,-158.17444,7
637,-178.16797,7
638,-224.64574,7
639,-139.2365,7
640,-418.99585,8
641,-282.05634,8
642,-205.40094,8
643,-148.83493,8
644,-333.7906,8
645,-99.84949,8
646,-259.8866,8
647,-155.188,8
648,-170.20822,8
649,-209.0915,8
650,-256.3273,8
651,-200.1727,8
652,-392.56754,8
653,-444.93555,8
654,-245.71112,8
655,-175.14981,8
656,-161.56186,8
657,-284.98154,8
658,-190.24753,8
659,-370.008,8
660,-379.18246,8
661,-222.67564,8
662,-249.56561,8
663,-295.40997,8
664,-393.45203,8
665,-141.59798,8
666,-262.14508,8
667,-129.72939,8
668,-202.25371,8
669,-376.96588,8
670,-202.58171,8
671,-159.88713,8
672,-193.48553,8
673,-343.47775,8
674,-195.6517,8
675,-272.84537,8
676,-192.82603,8
677,-189.35825,8
678,-173.43118,8
679,-226.38,8
680,-222.12488,8
681,-257.2617,8
682,-287.37115,8
683,-272.96332,8
684,-259.4936,8
685,-159.4069,8
686,-257.38724,8
687,-359.24023,8
688,-296.56226,8
689,-184.80891,8
690,-140.2306,8
691,-307.8694,8
692,-213.28242,8
693,-321.83057,8
694,-196.24066,8
695,-163.57182,8
696,-303.1676,8
697,-176.66177,8
698,-135.43918,8
699,-180.2904,8
700,-328.7401,8
701,-199.31808,8
702,-201.23642,8
703,-155.22438,8
704,-305.8512,8
705,-205.7455,8
706,-229.40253,8
707,-207.23181,8
708,-145.06802,8
709,-343.9261,8
710,-188.56721,8
711,-164.93617,8
712,-205.05914,8
713,-212.9697,8
714,-125.97804,8
715,-237.8418,8
716,-252.75304,8
717,-246.74368,8
718,-245.80867,8
719,-157.9796,8
720,-168.67197,9
721,-263.10358,9
722,-249.0662,9
723,-319.76593,9
724,-194.24272,9
725,-153.90155,9
726,-133.41437,9
727,-183.9516,9
728,-191.33327,9
729,-211.63977,9
730,-248.02621,9
731,-123.5052,9
732,-264.42163,9
733,-214.20303,9
734,-148.39934,9
735,-165.76538,9
736,-130.98102,9
737,-280.76434,9
738,-254.82205,9
739,-217.55223,9
740,-283.23904,9
741,-254.51245,9
742,-177.41486,9
743,-208.40033,9
744,-232.09674,9
745,-273.2904,9
746,-113.778786,9
747,-202.71727,9
748,-163.29813,9
749,-190.52464,9
750,-198.66228,9
751,-182.7646,9
752,-286.20575,9
753,-198.63611,9
754,-343.07843,9
755,-166.22679,9
756,-195.66364,9
757,-158.1668,9
758,-288.43726,9
759,-92.39398,9
760,-135.65878,9
761,-224.79787,9
762,-256.0907,9
763,-165.84586,9
764,-293.07468,9
765,-214.2187,9
766,-151.00745,9
767,-240.86615,9
768,-88.02188,9
769,-149.83325,9
770,-227.81174,9
771,-136.33401,9
772,-296.94946,9
773,-108.91942,9
774,-170.96208,9
775,-131.15953,9
776,-236.21602,9
777,-141.11633,9
778,-259.30243,9
779,-150.64441,9
780,-249.24979,9
781,-219.06435,9
782,-123.08063,9
783,-150.43808,9
784,-218.7032,9
785,-255.45126,9
786,-243.69528,9
787,-78.91235,9
788,-136.4508,9
789,-153.71204,9
790,-202.61975,9
791,-198.42763,9
792,-249.0029,9
793,-246.2536,9
794,-243.23041,9
795,-185.20786,9
796,-197.31352,9
797,-102.06993,9
798,-220.38837,9
799,-141.0231,9
