Image,Value,Label
0,259.20114,0
1,279.1538,0
2,236.10466,0
3,289.9335,0
4,303.2952,0
5,272.51117,0
6,332.11243,0
7,268.34756,0
8,248.42,0
9,257.6734,0
10,326.8794,0
11,245.97548,0
12,262.3776,0
13,249.36249,0
14,242.79425,0
15,232.79007,0
16,333.10196,0
17,236.20366,0
18,320.048,0
19,260.01498,0
20,285.56638,0
21,276.30612,0
22,281.12387,0
23,268.3716,0
24,204.64445,0
25,292.9069,0
26,247.17044,0
27,289.31174,0
28,278.1342,0
29,275.18936,0
30,310.4111,0
31,207.80965,0
32,254.75679,0
33,238.83234,0
34,303.48105,0
35,311.80362,0
36,260.99634,0
37,271.43124,0
38,297.4684,0
39,263.5416,0
40,268.95886,0
41,281.0816,0
42,342.68655,0
43,304.73276,0
44,253.55296,0
45,193.1079,0
46,307.63712,0
47,314.76474,0
48,298.7421,0
49,283.52603,0
50,273.21863,0
51,287.58273,0
52,286.92148,0
53,306.89392,0
54,264.45938,0
55,215.01833,0
56,295.54733,0
57,258.87723,0
58,255.8138,0
59,323.96097,0
60,236.73917,0
61,286.878,0
62,244.96178,0
63,214.18831,0
64,316.3646,0
65,277.4859,0
66,271.32602,0
67,248.78493,0
68,273.6625,0
69,308.358,0
70,265.57748,0
71,212.31816,0
72,288.41794,0
73,285.50027,0
74,282.53543,0
75,233.88478,0
76,318.4998,0
77,349.49655,0
78,241.97897,0
79,200.40681,0
80,203.73819,1
81,207.6133,1
82,190.42735,1
83,176.46523,1
84,189.1014,1
85,269.7752,1
86,197.20775,1
87,178.79767,1
88,185.2227,1
89,292.45108,1
90,161.69748,1
91,166.27492,1
92,250.97514,1
93,235.03557,1
94,242.0984,1
95,187.13524,1
96,210.70647,1
97,176.75104,1
98,190.67815,1
99,186.65347,1
100,187.90367,1
101,183.9161,1
102,270.8036,1
103,169.49562,1
104,167.06097,1
105,189.12991,1
106,273.82666,1
107,222.04237,1
108,189.43385,1
109,212.25986,1
110,256.6506,1
111,187.32445,1
112,206.57518,1
113,222.24904,1
114,220.24602,1
115,195.41048,1
116,199.86055,1
117,161.9076,1
118,234.47618,1
119,178.03322,1
120,185.75166,1
121,202.85803,1
122,234.1133,1
123,193.441,1
124,239.38115,1
125,177.05508,1
126,188.06769,1
127,216.05135,1
128,234.72939,1
129,176.49574,1
130,184.88844,1
131,181.63145,1
132,189.91997,1
133,176.53542,1
134,165.04628,1
135,229.33604,1
136,180.027,1
137,191.615,1
138,244.70457,1
139,180.78069,1
140,167.83821,1
141,167.07999,1
142,253.8203,1
143,225.40556,1
144,271.57608,1
145,217.62636,1
146,200.50488,1
147,223.0465,1
148,188.73358,1
149,234.48839,1
150,237.47597,1
151,267.04642,1
152,177.33315,1
153,224.63924,1
154,186.01007,1
155,236.56302,1
156,264.83884,1
157,176.05238,1
158,187.43857,1
159,189.55394,1
160,166.07819,2
161,256.20328,2
162,218.64055,2
163,156.29356,2
164,257.81116,2
165,211.9616,2
166,213.06117,2
167,339.06088,2
168,184.76317,2
169,209.93025,2
170,213.92198,2
171,310.81064,2
172,268.79953,2
173,259.26178,2
174,316.72092,2
175,172.87692,2
176,269.57944,2
177,260.49222,2
178,257.63742,2
179,233.5474,2
180,208.97926,2
181,243.31898,2
182,198.55537,2
183,156.13484,2
184,295.80206,2
185,194.79808,2
186,224.5482,2
187,161.23517,2
188,177.57268,2
189,186.78667,2
190,180.80917,2
191,304.88873,2
192,156.52141,2
193,189.54816,2
194,236.88715,2
195,223.18945,2
196,213.95088,2
197,275.1218,2
198,179.79399,2
199,204.78093,2
200,220.15617,2
201,264.603,2
202,199.27089,2
203,21.366514,2
204,134.05185,2
205,170.29817,2
206,217.18983,2
207,255.43486,2
208,331.39145,2
209,133.92499,2
210,178.05292,2
211,135.76015,2
212,244.82101,2
213,168.59102,2
214,272.783,2
215,289.91443,2
216,175.92958,2
217,238.23064,2
218,270.96188,2
219,174.57304,2
220,167.80107,2
221,209.27295,2
222,189.42778,2
223,229.09377,2
224,137.46284,2
225,202.01512,2
226,46.509686,2
227,126.47047,2
228,213.96103,2
229,256.86276,2
230,164.23112,2
231,218.87921,2
232,240.0638,2
233,168.4014,2
234,208.50847,2
235,262.1919,2
236,224.43105,2
237,329.46964,2
238,139.71196,2
239,269.30673,2
240,229.47322,3
241,162.87648,3
242,140.06462,3
243,134.00067,3
244,194.24922,3
245,164.59563,3
246,216.08665,3
247,145.5075,3
248,214.61775,3
249,151.30264,3
250,237.44447,3
251,189.27936,3
252,168.9984,3
253,196.33156,3
254,206.40532,3
255,239.67332,3
256,165.3164,3
257,267.95175,3
258,255.11397,3
259,186.60194,3
260,197.42613,3
261,203.62578,3
262,196.46313,3
263,154.56847,3
264,111.9639,3
265,236.70966,3
266,235.31941,3
267,166.66228,3
268,158.3676,3
269,160.94415,3
270,138.85075,3
271,226.96361,3
272,184.42409,3
273,176.37106,3
274,150.69237,3
275,133.3545,3
276,204.91676,3
277,180.45055,3
278,188.9406,3
279,239.33664,3
280,203.83833,3
281,233.2822,3
282,237.40396,3
283,200.00562,3
284,126.506065,3
285,203.69885,3
286,241.2037,3
287,249.06906,3
288,185.7549,3
289,215.9264,3
290,156.25401,3
291,153.22858,3
292,181.82909,3
293,130.98065,3
294,164.78493,3
295,265.4407,3
296,154.76591,3
297,186.45389,3
298,236.72539,3
299,292.50842,3
300,164.86743,3
301,213.64919,3
302,144.34851,3
303,138.19814,3
304,251.81364,3
305,161.40959,3
306,177.30702,3
307,173.20877,3
308,153.47705,3
309,124.99485,3
310,301.37866,3
311,170.38756,3
312,162.7043,3
313,202.96806,3
314,210.0717,3
315,229.64445,3
316,151.26953,3
317,230.18593,3
318,213.21236,3
319,183.40666,3
320,98.293434,4
321,124.69469,4
322,122.54347,4
323,174.46654,4
324,131.01024,4
325,98.777626,4
326,128.06453,4
327,144.91208,4
328,195.14894,4
329,144.26921,4
330,134.41245,4
331,116.56266,4
332,139.88081,4
333,59.966522,4
334,144.06569,4
335,145.45923,4
336,111.00805,4
337,144.27249,4
338,55.315746,4
339,162.32341,4
340,105.164566,4
341,107.07296,4
342,132.04945,4
343,130.87859,4
344,100.99398,4
345,175.58067,4
346,180.59122,4
347,98.03158,4
348,121.96673,4
349,139.49648,4
350,150.16983,4
351,142.21013,4
352,137.7054,4
353,146.7795,4
354,119.45784,4
355,125.258125,4
356,20.825377,4
357,84.83732,4
358,149.07986,4
359,124.676506,4
360,133.68619,4
361,144.24657,4
362,135.74507,4
363,147.15218,4
364,207.65916,4
365,102.625404,4
366,99.498436,4
367,97.37379,4
368,117.6354,4
369,126.06809,4
370,56.424534,4
371,117.03434,4
372,105.13907,4
373,122.049416,4
374,56.803146,4
375,126.70608,4
376,161.66063,4
377,132.91518,4
378,155.65987,4
379,155.80226,4
380,153.55211,4
381,115.60149,4
382,156.10928,4
383,110.99055,4
384,113.362076,4
385,120.099304,4
386,116.500175,4
387,156.8387,4
388,144.00911,4
389,111.74782,4
390,69.68857,4
391,129.57277,4
392,152.41362,4
393,118.27974,4
394,147.84535,4
395,57.69175,4
396,146.90155,4
397,127.581474,4
398,82.84464,4
399,96.27607,4
400,114.26498,5
401,108.64393,5
402,132.56999,5
403,137.01305,5
404,114.24276,5
405,121.49921,5
406,127.76539,5
407,172.62871,5
408,88.61497,5
409,158.42491,5
410,70.22157,5
411,114.07669,5
412,141.7512,5
413,139.3899,5
414,162.10353,5
415,192.63702,5
416,113.649826,5
417,115.857635,5
418,177.30614,5
419,203.18727,5
420,113.60931,5
421,84.62888,5
422,180.07759,5
423,114.376076,5
424,171.65791,5
425,134.55116,5
426,142.73949,5
427,142.69484,5
428,138.53697,5
429,121.476654,5
430,129.56477,5
431,162.32526,5
432,135.32707,5
433,63.97742,5
434,144.09328,5
435,85.18032,5
436,155.11462,5
437,160.95686,5
438,215.50725,5
439,124.96104,5
440,121.70574,5
441,87.613235,5
442,125.9733,5
443,197.17543,5
444,142.03181,5
445,180.49352,5
446,150.72246,5
447,112.45223,5
448,153.94072,5
449,141.20837,5
450,89.51777,5
451,114.479225,5
452,180.93765,5
453,124.31472,5
454,186.89482,5
455,138.60866,5
456,26.160257,5
457,180.95897,5
458,135.23862,5
459,145.81946,5
460,178.38155,5
461,182.06975,5
462,142.30763,5
463,96.679985,5
464,178.06319,5
465,156.9842,5
466,93.928505,5
467,195.19272,5
468,115.59504,5
469,115.59211,5
470,147.57262,5
471,124.82819,5
472,130.2399,5
473,129.86482,5
474,118.75201,5
475,184.41313,5
476,114.74639,5
477,133.75024,5
478,110.88851,5
479,195.57108,5
480,91.99489,6
481,43.786556,6
482,94.46895,6
483,14.702546,6
484,84.68703,6
485,41.13589,6
486,110.360374,6
487,74.24962,6
488,-28.292948,6
489,21.348475,6
490,49.15691,6
491,106.890526,6
492,45.483906,6
493,49.858414,6
494,48.58227,6
495,22.104216,6
496,26.309504,6
497,93.38462,6
498,19.977753,6
499,-18.18315,6
500,95.25872,6
501,16.303259,6
502,83.73163,6
503,25.873158,6
504,71.57203,6
505,103.78275,6
506,4.537265,6
507,-36.019653,6
508,50.370327,6
509,-6.8270254,6
510,1.8035403,6
511,112.06518,6
512,72.47501,6
513,65.237076,6
514,69.921684,6
515,3.331643,6
516,5.67941,6
517,89.04508,6
518,65.21332,6
519,87.99645,6
520,14.8066,6
521,113.52696,6
522,18.880213,6
523,55.548733,6
524,-1.5946778,6
525,48.199844,6
526,-20.544422,6
527,101.02502,6
528,9.6621275,6
529,82.15205,6
530,36.81246,6
531,36.67413,6
532,15.834151,6
533,60.089893,6
534,-20.842062,6
535,48.585022,6
536,48.193333,6
537,162.90656,6
538,79.45679,6
539,31.948736,6
540,16.623455,6
541,47.27358,6
542,74.22903,6
543,61.950726,6
544,19.216461,6
545,88.73849,6
546,73.365944,6
547,6.6134577,6
548,114.09039,6
549,15.561509,6
550,71.9406,6
551,-15.530135,6
552,113.751396,6
553,58.82363,6
554,74.47293,6
555,17.755033,6
556,29.535608,6
557,-14.934142,6
558,6.440057,6
559,43.554016,6
560,161.01988,7
561,124.26068,7
562,106.70302,7
563,143.6235,7
564,122.120094,7
565,207.48395,7
566,101.42487,7
567,126.44765,7
568,138.7748,7
569,124.17817,7
570,114.744514,7
571,77.91393,7
572,176.27614,7
573,105.89675,7
574,157.28758,7
575,160.4502,7
576,98.69271,7
577,156.18138,7
578,156.85078,7
579,195.35124,7
580,179.8099,7
581,115.08927,7
582,164.07605,7
583,120.9094,7
584,156.46474,7
585,153.23065,7
586,166.2567,7
587,182.35498,7
588,129.08385,7
589,95.33898,7
590,140.98428,7
591,139.14474,7
592,147.22998,7
593,199.11539,7
594,211.21284,7
595,159.79652,7
596,5.496546,7
597,195.19255,7
598,123.17214,7
599,191.70345,7
600,104.483376,7
601,112.05873,7
602,199.28586,7
603,209.44485,7
604,183.60994,7
605,155.36865,7
606,118.97113,7
607,89.947685,7
608,117.345116,7
609,102.699646,7
610,201.34573,7
611,97.23138,7
612,142.62624,7
613,139.3496,7
614,153.19435,7
615,133.9464,7
616,155.00807,7
617,199.01006,7
618,33.91695,7
619,107.94643,7
620,92.63223,7
621,134.8518,7
622,180.90915,7
623,29.22508,7
624,99.44627,7
625,110.204994,7
626,145.94179,7
627,153.3286,7
628,108.1161,7
629,156.97856,7
630,184.90353,7
631,122.08625,7
632,139.10408,7
633,149.47797,7
634,73.323326,7
635,203.10986,7
636,146.02138,7
637,193.71144,7
638,167.8243,7
639,151.5072,7
640,174.25432,8
641,35.07288,8
642,27.423643,8
643,48.793823,8
644,120.62217,8
645,82.205605,8
646,143.89807,8
647,178.49841,8
648,36.72456,8
649,73.093834,8
650,207.00584,8
651,14.492736,8
652,150.8475,8
653,134.00894,8
654,135.88011,8
655,69.381035,8
656,-27.985886,8
657,81.40316,8
658,150.83263,8
659,64.35699,8
660,118.278275,8
661,141.02158,8
662,212.61275,8
663,112.78673,8
664,99.768555,8
665,79.40446,8
666,93.00371,8
667,142.12029,8
668,117.375114,8
669,113.22616,8
670,127.890465,8
671,152.13068,8
672,30.879898,8
673,175.96245,8
674,116.074715,8
675,144.4662,8
676,111.81646,8
677,127.33267,8
678,116.94294,8
679,87.14719,8
680,171.05037,8
681,109.552315,8
682,75.7215,8
683,76.508125,8
684,178.5576,8
685,20.042593,8
686,50.659412,8
687,116.655334,8
688,164.01015,8
689,83.52062,8
690,164.40083,8
691,135.82628,8
692,97.381805,8
693,171.99797,8
694,120.48699,8
695,123.57784,8
696,96.539375,8
697,115.493195,8
698,90.25211,8
699,135.3254,8
700,170.32005,8
701,113.46122,8
702,6.8012247,8
703,135.07869,8
704,202.9212,8
705,65.66327,8
706,39.387516,8
707,122.62163,8
708,119.78284,8
709,171.34724,8
710,37.388405,8
711,149.83525,8
712,98.46794,8
713,77.59637,8
714,122.36828,8
715,174.20561,8
716,25.640486,8
717,60.79851,8
718,40.722935,8
719,133.42305,8
720,46.444057,9
721,15.952586,9
722,29.958574,9
723,-28.777647,9
724,86.13673,9
725,37.81835,9
726,23.541864,9
727,23.19802,9
728,74.86177,9
729,36.653595,9
730,54.264908,9
731,73.27917,9
732,32.04637,9
733,51.37415,9
734,46.251984,9
735,53.833813,9
736,56.021595,9
737,18.98476,9
738,57.01019,9
739,-12.84509,9
740,69.192696,9
741,43.901096,9
742,4.3924837,9
743,63.89371,9
744,14.547091,9
745,39.348476,9
746,60.27804,9
747,47.75858,9
748,82.3964,9
749,3.3662848,9
750,30.583065,9
751,52.01328,9
752,-25.372042,9
753,57.283398,9
754,-13.560348,9
755,22.556803,9
756,23.924349,9
757,19.957104,9
758,22.853508,9
759,49.086353,9
760,-5.1113186,9
761,108.83642,9
762,50.122627,9
763,79.52889,9
764,7.431978,9
765,-1.4779843,9
766,69.04942,9
767,37.331997,9
768,22.345428,9
769,-26.13951,9
770,48.025124,9
771,36.224377,9
772,-10.801652,9
773,60.088905,9
774,64.132286,9
775,19.52244,9
776,14.798955,9
777,44.455162,9
778,-25.27831,9
779,31.617361,9
780,-29.463964,9
781,24.272152,9
782,57.129986,9
783,3.7186184,9
784,42.27337,9
785,12.203144,9
786,59.122463,9
787,50.995613,9
788,42.63206,9
789,57.672386,9
790,71.27978,9
791,30.317972,9
792,40.490177,9
793,23.87929,9
794,56.620785,9
795,92.90473,9
796,63.925022,9
797,6.3370056,9
798,39.004467,9
799,72.72534,9
