Image,Value,Label
0,-140.61668,0
1,-160.3253,0
2,-141.09988,0
3,-98.63359,0
4,-143.00658,0
5,-177.37569,0
6,-180.2546,0
7,-167.98769,0
8,-113.62838,0
9,-160.60753,0
10,-129.64906,0
11,-118.907135,0
12,-162.2483,0
13,-79.83099,0
14,-86.54562,0
15,-138.87352,0
16,-151.66988,0
17,-159.50923,0
18,-143.4134,0
19,-98.667786,0
20,-134.36215,0
21,-154.88855,0
22,-88.89841,0
23,-173.88504,0
24,-119.28608,0
25,-70.15604,0
26,-74.00926,0
27,-170.4232,0
28,-125.69049,0
29,-94.96373,0
30,-174.65962,0
31,-85.87931,0
32,-12.788606,0
33,-25.526281,0
34,-187.52238,0
35,-86.88235,0
36,-45.91711,0
37,-57.580826,0
38,-207.5114,0
39,-90.27257,0
40,-63.682003,0
41,-162.67285,0
42,-184.6745,0
43,-172.91197,0
44,-200.9761,0
45,-126.153145,0
46,-218.68889,0
47,-95.11658,0
48,-104.07131,0
49,-110.43732,0
50,-74.69293,0
51,-196.24028,0
52,-95.96125,0
53,-146.89314,0
54,-77.53284,0
55,-79.788055,0
56,-180.09863,0
57,-28.97069,0
58,-75.42152,0
59,-131.44542,0
60,-130.40813,0
61,-62.057083,0
62,-110.55889,0
63,-41.843937,0
64,-192.37401,0
65,-124.79925,0
66,-121.33781,0
67,-53.69655,0
68,-159.35455,0
69,-88.1424,0
70,-65.301834,0
71,-42.474926,0
72,-135.66557,0
73,-223.15033,0
74,-163.52107,0
75,-75.135666,0
76,-144.40027,0
77,-179.39551,0
78,-112.97611,0
79,-132.38747,0
80,-95.94714,1
81,-59.866898,1
82,-97.48094,1
83,-110.46797,1
84,-84.24479,1
85,-99.83097,1
86,-73.5014,1
87,-85.47284,1
88,-95.29529,1
89,-120.693245,1
90,-49.0168,1
91,-71.61697,1
92,-67.12823,1
93,-129.49127,1
94,-73.39898,1
95,-32.64962,1
96,-89.51156,1
97,-68.56068,1
98,-98.199875,1
99,-122.5762,1
100,-65.31924,1
101,-64.602135,1
102,-149.8293,1
103,-59.893715,1
104,-77.12867,1
105,-77.5714,1
106,-97.31866,1
107,-125.41316,1
108,-89.862335,1
109,-62.45936,1
110,-113.57812,1
111,-75.24236,1
112,-92.73827,1
113,-101.95356,1
114,-95.60021,1
115,-51.618557,1
116,-121.33315,1
117,-35.720932,1
118,-89.070366,1
119,-60.095596,1
120,-71.513374,1
121,-73.932205,1
122,-37.911777,1
123,-118.14799,1
124,-77.86589,1
125,-64.95231,1
126,-96.83329,1
127,-59.935097,1
128,-106.016785,1
129,-66.3787,1
130,-75.38519,1
131,-62.585888,1
132,-60.43405,1
133,-47.95523,1
134,-73.76347,1
135,-78.26528,1
136,-94.89633,1
137,-87.72833,1
138,-87.99795,1
139,-121.473305,1
140,-110.83427,1
141,-78.27094,1
142,-81.662056,1
143,-93.01233,1
144,-51.09518,1
145,-118.62556,1
146,-92.58309,1
147,-107.81689,1
148,-146.74388,1
149,-136.13931,1
150,-105.07046,1
151,-117.70603,1
152,-128.76205,1
153,-122.36654,1
154,-121.363045,1
155,-121.02502,1
156,-164.73793,1
157,-76.95041,1
158,-86.97398,1
159,-127.72307,1
160,-87.1475,2
161,-124.01676,2
162,-122.95695,2
163,-144.74124,2
164,-192.4261,2
165,-207.93248,2
166,-143.26117,2
167,-236.20593,2
168,-161.8016,2
169,-128.1459,2
170,-123.116936,2
171,-170.38824,2
172,-123.358864,2
173,-198.25368,2
174,-191.0942,2
175,-169.40096,2
176,-146.4492,2
177,-124.13949,2
178,-136.27339,2
179,-221.9388,2
180,-69.10672,2
181,-219.24484,2
182,-152.16547,2
183,-209.2524,2
184,-170.40227,2
185,-197.3708,2
186,-105.85552,2
187,-167.01245,2
188,-78.49867,2
189,-118.94814,2
190,-109.42515,2
191,-183.10771,2
192,-175.49965,2
193,-179.51788,2
194,-136.09312,2
195,-172.45287,2
196,-227.2854,2
197,-240.56244,2
198,-169.61353,2
199,-223.24681,2
200,-106.4663,2
201,-200.5088,2
202,-61.9898,2
203,-202.91925,2
204,-148.01767,2
205,-62.068054,2
206,-168.76666,2
207,-194.61963,2
208,-176.89703,2
209,-225.62297,2
210,-160.47424,2
211,-213.11534,2
212,-244.93379,2
213,-165.0772,2
214,-105.06905,2
215,-159.13809,2
216,-122.64165,2
217,-111.426674,2
218,-221.40929,2
219,-226.29625,2
220,-203.11305,2
221,-174.56892,2
222,-163.97752,2
223,-82.24785,2
224,-121.49813,2
225,-240.7126,2
226,-282.86765,2
227,-155.41054,2
228,-137.53691,2
229,-159.6188,2
230,-123.45105,2
231,-112.080864,2
232,-131.88109,2
233,-299.40494,2
234,-226.03711,2
235,-157.00868,2
236,-83.506966,2
237,-205.25603,2
238,-60.13087,2
239,-162.15363,2
240,-184.51918,3
241,-160.61217,3
242,-79.785255,3
243,-111.25417,3
244,-196.22731,3
245,-145.29701,3
246,-277.23724,3
247,-142.11215,3
248,-203.75157,3
249,-101.645,3
250,-146.47855,3
251,-214.21846,3
252,-192.59746,3
253,-147.46513,3
254,-187.13768,3
255,-223.61024,3
256,-76.00662,3
257,-124.89597,3
258,-186.89772,3
259,-234.36751,3
260,-131.04329,3
261,-136.0186,3
262,-203.41634,3
263,-150.59853,3
264,-186.24768,3
265,-203.52986,3
266,-166.35231,3
267,-190.34592,3
268,-173.92694,3
269,-138.72232,3
270,-151.9427,3
271,-195.59427,3
272,-171.80544,3
273,-126.31912,3
274,-176.36284,3
275,-131.25587,3
276,-184.54045,3
277,-127.35275,3
278,-113.30537,3
279,-170.85011,3
280,-170.35776,3
281,-164.54646,3
282,-265.95078,3
283,-161.59492,3
284,-153.42268,3
285,-148.29823,3
286,-138.77342,3
287,-251.51021,3
288,-200.4699,3
289,-239.8685,3
290,-162.02974,3
291,-113.68365,3
292,-145.74544,3
293,-98.137924,3
294,-185.97105,3
295,-153.22408,3
296,-128.48662,3
297,-135.42763,3
298,-191.56627,3
299,-191.64984,3
300,-230.30779,3
301,-233.4067,3
302,-103.3698,3
303,-116.66395,3
304,-106.882744,3
305,-139.57118,3
306,-157.68532,3
307,-125.183624,3
308,-89.987076,3
309,-205.24696,3
310,-312.82068,3
311,-147.4956,3
312,-149.6443,3
313,-110.7763,3
314,-145.17503,3
315,-165.49919,3
316,-80.21928,3
317,-116.508064,3
318,-123.8774,3
319,-211.62262,3
320,-120.77473,4
321,-167.12933,4
322,-170.53383,4
323,-165.74017,4
324,-146.63397,4
325,-87.71749,4
326,-189.41861,4
327,-134.07222,4
328,-245.90428,4
329,-90.503716,4
330,-147.60413,4
331,-79.71564,4
332,-126.41626,4
333,-136.82263,4
334,-162.28514,4
335,-173.11716,4
336,-122.481895,4
337,-229.36967,4
338,-153.12727,4
339,-169.64659,4
340,-180.22255,4
341,-115.10943,4
342,-233.81218,4
343,-172.45912,4
344,-213.66469,4
345,-128.66844,4
346,-137.50822,4
347,-54.42394,4
348,-92.0489,4
349,-171.8068,4
350,-196.03152,4
351,-107.79464,4
352,-129.13614,4
353,-111.885155,4
354,-113.80862,4
355,-221.72331,4
356,-153.74364,4
357,-162.93633,4
358,-72.31801,4
359,-60.89078,4
360,-171.76399,4
361,-179.1427,4
362,-199.4354,4
363,-101.70487,4
364,-160.48332,4
365,-157.98848,4
366,-236.42677,4
367,-203.23158,4
368,-145.95898,4
369,-83.93664,4
370,-98.00789,4
371,-93.37199,4
372,-95.59735,4
373,-114.23399,4
374,-214.09483,4
375,-139.22334,4
376,-109.05421,4
377,-179.36821,4
378,-190.89668,4
379,-136.94594,4
380,-191.08057,4
381,-137.83565,4
382,-102.11845,4
383,-175.85835,4
384,-89.70078,4
385,-144.29585,4
386,-149.1935,4
387,-206.07797,4
388,-121.254524,4
389,-136.24223,4
390,-119.62396,4
391,-171.35251,4
392,-145.39458,4
393,-163.76657,4
394,-96.19039,4
395,-122.71962,4
396,-151.26381,4
397,-106.91247,4
398,-106.84263,4
399,-164.78398,4
400,-94.48614,5
401,-89.06517,5
402,-169.71172,5
403,-113.56112,5
404,-203.32158,5
405,-158.64958,5
406,-122.70305,5
407,-204.45094,5
408,-153.6365,5
409,-118.34372,5
410,-198.52753,5
411,-219.09976,5
412,-40.53083,5
413,-116.02571,5
414,-225.2748,5
415,-138.79219,5
416,-229.00494,5
417,-127.68348,5
418,-105.43873,5
419,-175.49199,5
420,-232.00804,5
421,-189.2628,5
422,-221.0208,5
423,-217.7511,5
424,-105.39846,5
425,-42.76617,5
426,-165.61969,5
427,-262.26855,5
428,-177.25699,5
429,-122.7758,5
430,-133.49794,5
431,-207.97578,5
432,-162.04633,5
433,-149.88496,5
434,-187.53328,5
435,-166.25008,5
436,-113.303566,5
437,-184.57274,5
438,-101.65373,5
439,-105.40024,5
440,-57.9179,5
441,-268.88095,5
442,-218.28523,5
443,-188.41574,5
444,-94.58994,5
445,-123.16425,5
446,-174.87947,5
447,-160.63152,5
448,-278.63705,5
449,-137.11977,5
450,-79.94036,5
451,-111.291504,5
452,-99.017845,5
453,-108.02155,5
454,-106.2334,5
455,-161.88165,5
456,-126.35534,5
457,-119.735115,5
458,-147.62422,5
459,-213.69878,5
460,-105.52244,5
461,-188.1949,5
462,-131.84001,5
463,-140.80504,5
464,-150.21376,5
465,-113.45057,5
466,-144.46165,5
467,-92.2165,5
468,-141.5587,5
469,-228.27446,5
470,-225.37296,5
471,-100.07255,5
472,-138.83115,5
473,-137.64302,5
474,-139.81697,5
475,-178.80293,5
476,-168.49089,5
477,-149.79863,5
478,-145.9534,5
479,-196.90431,5
480,-129.25786,6
481,-140.42467,6
482,-172.15642,6
483,-176.98314,6
484,-134.70634,6
485,-176.20334,6
486,-162.23175,6
487,-259.68784,6
488,-225.43509,6
489,-164.18474,6
490,-126.3358,6
491,-135.92787,6
492,-82.63082,6
493,-196.66052,6
494,-138.68907,6
495,-195.75146,6
496,-166.96875,6
497,-186.149,6
498,-96.19369,6
499,-246.33397,6
500,-171.61885,6
501,-147.93384,6
502,-186.11519,6
503,-151.68394,6
504,-206.78392,6
505,-130.93896,6
506,-164.56003,6
507,-132.67502,6
508,-159.9033,6
509,-213.50777,6
510,-139.77417,6
511,-203.05235,6
512,-86.148796,6
513,-193.41005,6
514,-107.248665,6
515,-121.38935,6
516,-213.40959,6
517,-101.27996,6
518,-136.15852,6
519,-126.471275,6
520,-196.72272,6
521,-132.12144,6
522,-115.50381,6
523,-139.40614,6
524,-194.9087,6
525,-140.14359,6
526,-128.60017,6
527,-140.98872,6
528,-174.00706,6
529,-140.09969,6
530,-137.66441,6
531,-141.70857,6
532,-173.30373,6
533,-94.152214,6
534,-139.14638,6
535,-171.23326,6
536,-126.876335,6
537,-153.65552,6
538,-154.77669,6
539,-133.00688,6
540,-95.857735,6
541,-92.204414,6
542,-91.19788,6
543,-145.14864,6
544,-132.19759,6
545,-130.66862,6
546,-249.87477,6
547,-96.170494,6
548,-158.03123,6
549,-150.46304,6
550,-196.77214,6
551,-149.34393,6
552,-150.2044,6
553,-188.3751,6
554,-194.23767,6
555,-182.26587,6
556,-125.49734,6
557,-185.55733,6
558,-105.14474,6
559,-131.42923,6
560,-180.3794,7
561,-97.96412,7
562,-112.13782,7
563,-83.266685,7
564,-136.33688,7
565,-167.04,7
566,-102.749825,7
567,-147.71089,7
568,-151.54172,7
569,-167.77702,7
570,-132.78088,7
571,-146.65761,7
572,-136.41603,7
573,-131.68636,7
574,-140.81621,7
575,-121.72024,7
576,-103.71627,7
577,-67.68646,7
578,-142.81898,7
579,-94.688255,7
580,-101.13676,7
581,-121.29745,7
582,-115.00839,7
583,-177.75523,7
584,-128.216,7
585,-121.22666,7
586,-173.76906,7
587,-143.01312,7
588,-123.309105,7
589,-117.335335,7
590,-189.76128,7
591,-61.418255,7
592,-102.592766,7
593,-174.03001,7
594,-102.25692,7
595,-197.4222,7
596,-87.05813,7
597,-259.25314,7
598,-99.20198,7
599,-174.33246,7
600,-115.55164,7
601,-112.37852,7
602,-139.0506,7
603,-114.13798,7
604,-119.87972,7
605,-95.35891,7
606,-122.7694,7
607,-183.91164,7
608,-144.18657,7
609,-109.4925,7
610,-185.32988,7
611,-140.26102,7
612,-122.72068,7
613,-132.67755,7
614,-161.2086,7
615,-81.44863,7
616,-118.75221,7
617,-176.57787,7
618,-116.593834,7
619,-227.86067,7
620,-217.20473,7
621,-184.99995,7
622,-138.93858,7
623,-86.42002,7
624,-60.613903,7
625,-204.11092,7
626,-118.23548,7
627,-144.93118,7
628,-129.54803,7
629,-150.04976,7
630,-223.5145,7
631,-94.2775,7
632,-75.48059,7
633,-78.4168,7
634,-135.02986,7
635,-157.07112,7
636,-107.446945,7
637,-153.04369,7
638,-85.99067,7
639,-136.24516,7
640,-320.00705,8
641,-153.78316,8
642,-195.00871,8
643,-149.82211,8
644,-285.30594,8
645,-104.97411,8
646,-202.77711,8
647,-111.687645,8
648,-78.844505,8
649,-151.8737,8
650,-238.02419,8
651,-103.80178,8
652,-225.00215,8
653,-324.518,8
654,-202.4258,8
655,-231.1491,8
656,-95.621376,8
657,-115.61451,8
658,-133.84341,8
659,-262.36334,8
660,-245.33818,8
661,-196.72984,8
662,-172.08507,8
663,-216.3679,8
664,-288.153,8
665,-116.233795,8
666,-208.41223,8
667,-146.40929,8
668,-136.01402,8
669,-240.11258,8
670,-187.29546,8
671,-151.64412,8
672,-165.5247,8
673,-212.16493,8
674,-180.12498,8
675,-251.1318,8
676,-106.823784,8
677,-156.28853,8
678,-142.57689,8
679,-175.62401,8
680,-182.59431,8
681,-182.69475,8
682,-197.62123,8
683,-169.25589,8
684,-147.59364,8
685,-149.74141,8
686,-136.1595,8
687,-256.35226,8
688,-173.72816,8
689,-163.98395,8
690,-128.63889,8
691,-192.31587,8
692,-204.73053,8
693,-260.39264,8
694,-169.8393,8
695,-100.2511,8
696,-254.1957,8
697,-184.29791,8
698,-119.34534,8
699,-138.769,8
700,-233.1884,8
701,-174.30367,8
702,-120.28823,8
703,-144.0566,8
704,-245.20547,8
705,-157.36174,8
706,-197.23134,8
707,-133.13991,8
708,-98.008675,8
709,-249.84053,8
710,-124.94287,8
711,-141.14334,8
712,-139.74628,8
713,-128.2527,8
714,-105.095924,8
715,-223.80634,8
716,-122.62703,8
717,-126.20934,8
718,-86.25695,8
719,-133.24068,8
720,-154.60667,9
721,-213.85751,9
722,-113.161285,9
723,-235.50485,9
724,-149.67006,9
725,-123.97652,9
726,-161.79124,9
727,-179.01018,9
728,-171.42993,9
729,-115.43358,9
730,-171.62733,9
731,-97.595345,9
732,-153.41414,9
733,-173.5706,9
734,-122.827065,9
735,-137.98549,9
736,-149.44629,9
737,-207.87805,9
738,-205.31721,9
739,-173.76736,9
740,-189.13873,9
741,-186.61891,9
742,-91.385925,9
743,-195.52718,9
744,-121.6899,9
745,-117.02829,9
746,-96.015785,9
747,-136.71417,9
748,-115.06113,9
749,-105.591835,9
750,-142.02684,9
751,-156.35333,9
752,-242.7246,9
753,-151.6298,9
754,-214.57536,9
755,-111.29507,9
756,-189.109,9
757,-158.83678,9
758,-170.34384,9
759,-80.990456,9
760,-164.0844,9
761,-194.04378,9
762,-128.72887,9
763,-69.004906,9
764,-224.2292,9
765,-139.68266,9
766,-154.82042,9
767,-152.89995,9
768,-128.51027,9
769,-112.517136,9
770,-141.94133,9
771,-151.07011,9
772,-119.50197,9
773,-149.32675,9
774,-138.02664,9
775,-135.98386,9
776,-165.81021,9
777,-141.57817,9
778,-98.7031,9
779,-121.188736,9
780,-125.16422,9
781,-122.0026,9
782,-115.78951,9
783,-155.49771,9
784,-148.32225,9
785,-187.84099,9
786,-81.60471,9
787,-123.805626,9
788,-130.91887,9
789,-196.67058,9
790,-165.2531,9
791,-90.693474,9
792,-212.95323,9
793,-192.6697,9
794,-203.30714,9
795,-137.08815,9
796,-169.79552,9
797,-162.22215,9
798,-193.58379,9
799,-103.05717,9
