Image,Value,Label
0,-343.41794,0
1,-200.32239,0
2,-179.57967,0
3,-340.4823,0
4,-268.64575,0
5,-268.64417,0
6,-360.2678,0
7,-345.71573,0
8,-268.15048,0
9,-319.9842,0
10,-241.89647,0
11,-282.22092,0
12,-436.77603,0
13,-323.26303,0
14,-222.02284,0
15,-155.35905,0
16,-166.4191,0
17,-312.3179,0
18,-386.54068,0
19,-277.51712,0
20,-473.941,0
21,-196.29008,0
22,-316.554,0
23,-162.32388,0
24,-301.6257,0
25,-220.4028,0
26,-250.20045,0
27,-274.92334,0
28,-343.77213,0
29,-234.08705,0
30,-233.70833,0
31,-177.50928,0
32,-217.9347,0
33,-187.59703,0
34,-319.20203,0
35,-286.89865,0
36,-302.87793,0
37,-172.41768,0
38,-326.8287,0
39,-219.00768,0
40,-291.80942,0
41,-315.70493,0
42,-449.41,0
43,-244.63182,0
44,-238.67735,0
45,-376.2396,0
46,-334.9415,0
47,-369.29807,0
48,-175.50105,0
49,-246.26581,0
50,-207.34372,0
51,-255.50108,0
52,-267.64618,0
53,-262.48572,0
54,-220.83746,0
55,-243.95439,0
56,-307.47382,0
57,-184.04634,0
58,-397.80905,0
59,-201.64351,0
60,-266.10062,0
61,-293.3417,0
62,-277.27252,0
63,-310.80554,0
64,-299.27515,0
65,-382.50418,0
66,-299.32422,0
67,-253.99944,0
68,-200.39629,0
69,-246.62144,0
70,-267.4581,0
71,-270.14383,0
72,-330.65485,0
73,-419.55252,0
74,-387.64194,0
75,-223.78935,0
76,-270.86484,0
77,-496.05368,0
78,-233.91142,0
79,-216.7447,0
80,-170.77948,1
81,-24.041637,1
82,-125.6442,1
83,-96.81007,1
84,-123.437325,1
85,-164.26482,1
86,-72.71319,1
87,-69.54748,1
88,-80.963066,1
89,-185.1375,1
90,-85.06113,1
91,-101.210304,1
92,-94.85618,1
93,-223.71397,1
94,-182.4629,1
95,-58.622204,1
96,-142.18948,1
97,-86.452126,1
98,-119.93796,1
99,-120.04264,1
100,-83.80335,1
101,-69.59875,1
102,-223.74025,1
103,-52.707134,1
104,-107.420586,1
105,-110.968864,1
106,-184.89796,1
107,-197.65053,1
108,-101.31212,1
109,-122.5711,1
110,-193.2517,1
111,-103.116806,1
112,-187.66118,1
113,-167.10838,1
114,-179.36208,1
115,-116.98116,1
116,-117.630775,1
117,-91.1849,1
118,-193.97713,1
119,-110.19654,1
120,-107.98042,1
121,-88.26229,1
122,-128.70825,1
123,-140.94093,1
124,-112.37095,1
125,-59.77717,1
126,-111.89793,1
127,-103.09297,1
128,-167.64642,1
129,-75.48026,1
130,-121.497116,1
131,-92.74853,1
132,-91.24871,1
133,-129.6183,1
134,-45.096607,1
135,-156.8796,1
136,-147.09796,1
137,-83.2945,1
138,-193.99515,1
139,-85.58567,1
140,-71.44972,1
141,-62.55967,1
142,-165.8355,1
143,-153.72037,1
144,-146.84999,1
145,-170.17369,1
146,-147.33885,1
147,-160.63799,1
148,-98.051674,1
149,-218.72276,1
150,-197.97978,1
151,-218.86375,1
152,-183.25496,1
153,-184.03474,1
154,-130.71713,1
155,-228.7162,1
156,-242.06752,1
157,-82.03425,1
158,-63.764503,1
159,-141.10197,1
160,-112.26885,2
161,-258.53738,2
162,-181.49606,2
163,-231.3378,2
164,-273.65762,2
165,-238.59381,2
166,-143.97386,2
167,-251.85915,2
168,-206.18199,2
169,-248.53589,2
170,-154.4469,2
171,-254.73457,2
172,-172.67218,2
173,-224.32515,2
174,-257.4075,2
175,-250.12032,2
176,-196.8802,2
177,-181.26888,2
178,-235.30197,2
179,-273.3678,2
180,-56.106396,2
181,-291.3512,2
182,-253.92296,2
183,-181.58907,2
184,-184.20506,2
185,-139.20825,2
186,-170.63791,2
187,-206.7703,2
188,-155.23067,2
189,-100.75742,2
190,-146.64836,2
191,-203.02663,2
192,-122.55089,2
193,-248.82515,2
194,-192.43948,2
195,-219.9427,2
196,-210.82414,2
197,-194.85075,2
198,-207.84535,2
199,-281.72702,2
200,-181.03981,2
201,-287.76266,2
202,-108.86379,2
203,-182.03804,2
204,-162.78593,2
205,-122.88993,2
206,-159.67523,2
207,-294.7815,2
208,-290.13666,2
209,-263.17825,2
210,-218.35085,2
211,-189.92998,2
212,-312.41748,2
213,-89.5806,2
214,-157.3836,2
215,-261.04178,2
216,-172.52705,2
217,-103.773445,2
218,-336.37915,2
219,-267.0841,2
220,-174.91809,2
221,-354.8243,2
222,-207.65407,2
223,-236.72466,2
224,-114.45545,2
225,-212.88261,2
226,-189.54881,2
227,-189.60506,2
228,-190.81651,2
229,-245.9254,2
230,-154.59708,2
231,-144.26653,2
232,-112.75946,2
233,-328.50732,2
234,-221.14684,2
235,-221.87254,2
236,-160.93892,2
237,-272.0443,2
238,-84.70782,2
239,-254.465,2
240,-282.8124,3
241,-168.47453,3
242,-166.95354,3
243,-132.0786,3
244,-261.80542,3
245,-203.04607,3
246,-325.94217,3
247,-143.1385,3
248,-264.0396,3
249,-145.47469,3
250,-338.8445,3
251,-164.34233,3
252,-193.75404,3
253,-273.0803,3
254,-215.7624,3
255,-305.4918,3
256,-216.69551,3
257,-288.32382,3
258,-329.14713,3
259,-327.68066,3
260,-265.48425,3
261,-275.79584,3
262,-245.0115,3
263,-132.54234,3
264,-158.32011,3
265,-297.03897,3
266,-308.55338,3
267,-214.39828,3
268,-396.6271,3
269,-193.7914,3
270,-182.02768,3
271,-259.26218,3
272,-236.6703,3
273,-140.13286,3
274,-178.9048,3
275,-135.24504,3
276,-376.33752,3
277,-213.69438,3
278,-279.30887,3
279,-200.62213,3
280,-215.64519,3
281,-299.9187,3
282,-299.0486,3
283,-279.876,3
284,-217.66214,3
285,-189.93456,3
286,-308.50455,3
287,-303.07022,3
288,-233.51474,3
289,-309.92938,3
290,-199.52713,3
291,-237.41438,3
292,-280.76974,3
293,-187.32855,3
294,-241.98613,3
295,-272.86713,3
296,-216.30511,3
297,-271.6795,3
298,-291.96152,3
299,-362.33688,3
300,-276.34085,3
301,-395.27158,3
302,-66.134636,3
303,-79.34739,3
304,-235.18565,3
305,-141.46017,3
306,-228.76543,3
307,-81.49975,3
308,-102.830986,3
309,-225.44853,3
310,-402.1145,3
311,-174.33937,3
312,-174.02232,3
313,-115.10376,3
314,-254.9504,3
315,-323.56345,3
316,-97.267784,3
317,-347.03534,3
318,-269.28302,3
319,-296.02,3
320,-213.71274,4
321,-99.820625,4
322,-133.1263,4
323,-131.15945,4
324,-140.80266,4
325,-107.07945,4
326,-232.35236,4
327,-82.5835,4
328,-155.12666,4
329,-126.67553,4
330,-146.70091,4
331,-114.11706,4
332,-136.86989,4
333,-107.74167,4
334,-93.50802,4
335,-158.77623,4
336,-96.04886,4
337,-163.49356,4
338,-97.07966,4
339,-197.30067,4
340,-191.64456,4
341,-125.329865,4
342,-164.76083,4
343,-166.36632,4
344,-135.0706,4
345,-207.21638,4
346,-73.51922,4
347,-154.61888,4
348,-76.71253,4
349,-126.45206,4
350,-195.52719,4
351,-160.96515,4
352,-227.81381,4
353,-221.46274,4
354,-93.30654,4
355,-186.09848,4
356,-172.0017,4
357,-139.85368,4
358,-188.27458,4
359,-102.919464,4
360,-130.34837,4
361,-130.8647,4
362,-99.31013,4
363,-108.46363,4
364,-162.48546,4
365,-114.04261,4
366,-263.07193,4
367,-118.652756,4
368,-195.19397,4
369,-131.20253,4
370,-115.81296,4
371,-141.31984,4
372,-54.34695,4
373,-165.81311,4
374,-153.8325,4
375,-211.80266,4
376,-140.3611,4
377,-54.7075,4
378,-153.49255,4
379,-132.06165,4
380,-214.89473,4
381,-111.57833,4
382,-96.19699,4
383,-150.36601,4
384,-164.91368,4
385,-144.44243,4
386,-165.02846,4
387,-123.45951,4
388,-198.62749,4
389,-168.90862,4
390,-113.761696,4
391,-130.1048,4
392,-177.61058,4
393,-118.377625,4
394,-52.259884,4
395,-100.39059,4
396,-184.99135,4
397,-188.71101,4
398,-156.45178,4
399,-174.96983,4
400,-236.98671,5
401,-181.23128,5
402,-120.48669,5
403,-178.72964,5
404,-125.21087,5
405,-252.96289,5
406,-186.76851,5
407,-202.14603,5
408,-191.70561,5
409,-217.9305,5
410,-165.8146,5
411,-198.81773,5
412,-68.54957,5
413,-114.99837,5
414,-271.00552,5
415,-181.90347,5
416,-307.39175,5
417,-301.99774,5
418,-194.9766,5
419,-247.8749,5
420,-220.23811,5
421,-233.56079,5
422,-197.2637,5
423,-210.25076,5
424,-77.402054,5
425,-166.98373,5
426,-165.1413,5
427,-312.93515,5
428,-241.94685,5
429,-243.58577,5
430,-373.84662,5
431,-216.90805,5
432,-203.59898,5
433,-194.84897,5
434,-183.04555,5
435,-164.25064,5
436,-150.9583,5
437,-207.83643,5
438,-205.92072,5
439,-156.25716,5
440,-173.58163,5
441,-299.79816,5
442,-248.46902,5
443,-98.16874,5
444,-117.06466,5
445,-185.21794,5
446,-190.64018,5
447,-277.95486,5
448,-295.36703,5
449,-165.88182,5
450,-130.834,5
451,-122.84803,5
452,-112.75216,5
453,-181.5151,5
454,-97.55512,5
455,-225.51588,5
456,-282.98608,5
457,-348.78918,5
458,-113.89986,5
459,-253.60806,5
460,-187.3184,5
461,-324.3461,5
462,-334.54648,5
463,-161.92522,5
464,-191.20515,5
465,-123.86151,5
466,-227.35509,5
467,-161.68471,5
468,-184.10942,5
469,-216.51308,5
470,-155.20334,5
471,-279.33716,5
472,-326.62802,5
473,-146.3779,5
474,-207.08669,5
475,-187.88382,5
476,-268.1712,5
477,-116.990005,5
478,-130.85315,5
479,-231.91304,5
480,-102.73461,6
481,-176.82222,6
482,-109.54439,6
483,-144.62349,6
484,-79.83021,6
485,-128.89546,6
486,-217.31601,6
487,-234.9103,6
488,-313.66794,6
489,-179.5935,6
490,-147.60411,6
491,-119.93417,6
492,-145.35768,6
493,-65.87638,6
494,-188.55424,6
495,-225.11679,6
496,-264.1149,6
497,-204.01279,6
498,-183.75351,6
499,-375.45773,6
500,-134.14713,6
501,-135.09431,6
502,-106.43842,6
503,-191.45412,6
504,-96.18432,6
505,-263.3759,6
506,-266.72275,6
507,-218.49492,6
508,-219.74725,6
509,-284.2977,6
510,-234.6261,6
511,-175.11934,6
512,-202.24895,6
513,-151.0277,6
514,-65.45498,6
515,-85.67673,6
516,-152.02208,6
517,-76.1912,6
518,-86.64591,6
519,-91.44294,6
520,-277.4017,6
521,-184.65404,6
522,-147.8885,6
523,-274.96323,6
524,-192.92717,6
525,-166.75076,6
526,-140.15355,6
527,-176.39827,6
528,-263.5391,6
529,-143.63228,6
530,-116.34229,6
531,-161.74171,6
532,-278.0251,6
533,-67.5127,6
534,-199.76918,6
535,-147.03203,6
536,-242.53859,6
537,-267.85526,6
538,-118.39522,6
539,-186.63133,6
540,-145.7067,6
541,-99.711914,6
542,-44.851242,6
543,-112.11284,6
544,-182.6839,6
545,-110.13284,6
546,-120.31525,6
547,-110.82587,6
548,-194.83043,6
549,-111.551765,6
550,-152.36531,6
551,-168.81914,6
552,-179.21675,6
553,-107.85657,6
554,-239.73155,6
555,-190.41087,6
556,-179.84447,6
557,-192.09209,6
558,-171.57066,6
559,-127.710365,6
560,-180.38438,7
561,-177.89749,7
562,-145.28839,7
563,-167.54257,7
564,-195.71458,7
565,-249.30544,7
566,-231.89656,7
567,-142.24498,7
568,-128.56241,7
569,-228.97362,7
570,-156.70204,7
571,-122.604164,7
572,-196.81819,7
573,-218.85933,7
574,-176.74348,7
575,-134.18925,7
576,-259.53378,7
577,-172.88405,7
578,-301.49783,7
579,-196.83,7
580,-224.62167,7
581,-134.58917,7
582,-122.78037,7
583,-189.62767,7
584,-146.64235,7
585,-185.07607,7
586,-143.01794,7
587,-177.7058,7
588,-120.11601,7
589,-163.93317,7
590,-293.82205,7
591,-138.38132,7
592,-128.09877,7
593,-295.12955,7
594,-180.72755,7
595,-173.41988,7
596,-169.0274,7
597,-251.16739,7
598,-136.31252,7
599,-193.53232,7
600,-186.58754,7
601,-197.91252,7
602,-232.67134,7
603,-282.96683,7
604,-256.1798,7
605,-136.5064,7
606,-142.86299,7
607,-252.09975,7
608,-127.722084,7
609,-211.83742,7
610,-262.37613,7
611,-230.42455,7
612,-227.25996,7
613,-133.62958,7
614,-149.02562,7
615,-63.787983,7
616,-146.93048,7
617,-220.82129,7
618,-139.96202,7
619,-242.86499,7
620,-157.0012,7
621,-202.332,7
622,-149.10846,7
623,-72.013985,7
624,-102.94045,7
625,-247.94646,7
626,-175.2546,7
627,-101.6558,7
628,-147.77975,7
629,-166.75099,7
630,-212.59221,7
631,-198.2705,7
632,-247.70656,7
633,-152.23534,7
634,-196.47533,7
635,-160.16682,7
636,-129.87442,7
637,-172.31578,7
638,-224.99205,7
639,-138.49962,7
640,-404.06104,8
641,-210.11401,8
642,-179.28683,8
643,-161.96222,8
644,-303.3804,8
645,-123.31371,8
646,-296.4533,8
647,-154.67969,8
648,-133.8392,8
649,-197.57974,8
650,-313.7427,8
651,-142.6216,8
652,-339.06265,8
653,-322.5237,8
654,-229.84012,8
655,-199.65047,8
656,-179.32585,8
657,-188.49269,8
658,-190.77971,8
659,-382.30264,8
660,-390.06412,8
661,-205.02519,8
662,-297.20386,8
663,-251.12056,8
664,-330.82285,8
665,-142.33315,8
666,-279.37082,8
667,-105.2132,8
668,-197.68929,8
669,-327.60464,8
670,-236.52287,8
671,-177.34099,8
672,-244.72684,8
673,-308.3633,8
674,-173.78983,8
675,-239.39772,8
676,-176.9683,8
677,-178.73665,8
678,-187.98772,8
679,-226.52301,8
680,-239.92192,8
681,-231.23833,8
682,-281.5199,8
683,-284.66574,8
684,-303.14835,8
685,-185.197,8
686,-282.5537,8
687,-399.99948,8
688,-258.25717,8
689,-195.67955,8
690,-271.10995,8
691,-335.44666,8
692,-250.35884,8
693,-363.94913,8
694,-264.77945,8
695,-202.63554,8
696,-351.05655,8
697,-143.2498,8
698,-198.15987,8
699,-266.49255,8
700,-315.1327,8
701,-231.50087,8
702,-173.2996,8
703,-172.3381,8
704,-327.0487,8
705,-236.987,8
706,-226.96892,8
707,-283.1722,8
708,-167.87569,8
709,-311.25497,8
710,-164.75279,8
711,-189.22302,8
712,-229.49707,8
713,-205.08087,8
714,-192.9698,8
715,-307.98898,8
716,-221.74727,8
717,-231.38069,8
718,-155.36241,8
719,-189.56973,8
720,-185.42906,9
721,-221.36345,9
722,-107.73783,9
723,-252.54823,9
724,-141.14378,9
725,-143.20421,9
726,-162.92827,9
727,-121.894295,9
728,-130.00671,9
729,-170.00987,9
730,-190.77365,9
731,-82.420815,9
732,-183.91759,9
733,-138.17494,9
734,-123.07006,9
735,-195.06354,9
736,-149.3397,9
737,-183.16905,9
738,-165.8334,9
739,-157.57083,9
740,-214.06459,9
741,-154.72716,9
742,-183.11197,9
743,-116.87153,9
744,-183.28821,9
745,-193.55379,9
746,-58.561523,9
747,-139.524,9
748,-174.88976,9
749,-211.02673,9
750,-149.51302,9
751,-120.055244,9
752,-225.44356,9
753,-229.90807,9
754,-330.82697,9
755,-133.42952,9
756,-115.85729,9
757,-111.093376,9
758,-216.00087,9
759,-63.14719,9
760,-114.59274,9
761,-181.64934,9
762,-150.25688,9
763,-238.15596,9
764,-173.70406,9
765,-181.13254,9
766,-127.773994,9
767,-163.14998,9
768,-114.50994,9
769,-89.45609,9
770,-168.83446,9
771,-146.7524,9
772,-228.28018,9
773,-141.04607,9
774,-194.07388,9
775,-100.8846,9
776,-175.28334,9
777,-121.095406,9
778,-112.89022,9
779,-87.36983,9
780,-259.40582,9
781,-175.6088,9
782,-51.79489,9
783,-104.25768,9
784,-159.11177,9
785,-167.32866,9
786,-162.48067,9
787,-58.907196,9
788,-81.56142,9
789,-160.61316,9
790,-159.9699,9
791,-159.54546,9
792,-190.4124,9
793,-131.50153,9
794,-148.15349,9
795,-141.25813,9
796,-147.28622,9
797,-137.9738,9
798,-199.28084,9
799,-118.207985,9
