Image,Value,Label
0,290.52023,0
1,197.92336,0
2,308.70346,0
3,307.35605,0
4,239.73456,0
5,259.19354,0
6,165.09265,0
7,369.8285,0
8,197.73799,0
9,247.77568,0
10,181.81525,0
11,221.20578,0
12,366.0185,0
13,253.65231,0
14,223.31744,0
15,306.5088,0
16,182.94406,0
17,380.10522,0
18,223.04916,0
19,409.23392,0
20,302.45572,0
21,287.5906,0
22,334.6146,0
23,319.20984,0
24,203.83188,0
25,224.47597,0
26,187.52246,0
27,276.93405,0
28,398.87997,0
29,147.58545,0
30,270.54355,0
31,360.37442,0
32,214.49594,0
33,322.14658,0
34,283.80292,0
35,190.60468,0
36,249.08485,0
37,195.78458,0
38,347.30997,0
39,143.98419,0
40,224.24228,0
41,354.96884,0
42,393.32376,0
43,214.49716,0
44,343.12088,0
45,344.38266,0
46,209.26547,0
47,230.6843,0
48,220.35443,0
49,231.18967,0
50,155.01372,0
51,308.21152,0
52,205.64178,0
53,217.44955,0
54,195.25125,0
55,365.95895,0
56,262.60022,0
57,192.16849,0
58,350.11868,0
59,138.03235,0
60,275.0834,0
61,176.15356,0
62,273.80673,0
63,469.5004,0
64,285.93317,0
65,410.49173,0
66,285.8378,0
67,259.5087,0
68,248.22708,0
69,268.70294,0
70,374.61288,0
71,454.88977,0
72,314.29752,0
73,221.85378,0
74,325.8198,0
75,228.5971,0
76,215.14886,0
77,190.38763,0
78,188.19469,0
79,414.9172,0
80,72.73246,1
81,144.89789,1
82,56.58784,1
83,75.45505,1
84,73.49363,1
85,88.00559,1
86,85.017914,1
87,103.028725,1
88,96.539566,1
89,108.685234,1
90,87.33597,1
91,89.045975,1
92,126.88928,1
93,87.99564,1
94,123.40967,1
95,121.129944,1
96,82.62509,1
97,112.56948,1
98,93.97802,1
99,48.06214,1
100,90.90373,1
101,112.067116,1
102,99.0321,1
103,99.48783,1
104,105.250435,1
105,113.97078,1
106,138.648,1
107,118.558846,1
108,84.70248,1
109,149.83885,1
110,124.85405,1
111,122.17542,1
112,80.84551,1
113,108.92662,1
114,130.70909,1
115,94.37069,1
116,62.063908,1
117,73.16098,1
118,77.907875,1
119,112.31625,1
120,107.0129,1
121,88.94871,1
122,121.28278,1
123,53.140995,1
124,120.41526,1
125,84.245026,1
126,65.93914,1
127,117.0274,1
128,139.68481,1
129,93.79569,1
130,109.98118,1
131,113.27059,1
132,137.89609,1
133,76.36241,1
134,82.38305,1
135,115.30391,1
136,58.607315,1
137,86.19555,1
138,92.74853,1
139,63.92518,1
140,70.46301,1
141,95.764824,1
142,103.05045,1
143,110.788994,1
144,157.33975,1
145,148.9444,1
146,92.0498,1
147,100.13633,1
148,66.42792,1
149,138.41951,1
150,82.71554,1
151,133.67049,1
152,252.45044,1
153,79.32499,1
154,39.044483,1
155,103.720955,1
156,167.45935,1
157,113.60801,1
158,73.973564,1
159,55.942673,1
160,79.12912,2
161,217.4976,2
162,148.40207,2
163,227.15236,2
164,106.403694,2
165,232.63657,2
166,203.7687,2
167,15.108981,2
168,167.09686,2
169,377.51468,2
170,327.0352,2
171,163.96284,2
172,126.69866,2
173,116.73029,2
174,89.03597,2
175,257.39957,2
176,176.2763,2
177,223.69565,2
178,115.877754,2
179,232.27142,2
180,94.10445,2
181,298.68723,2
182,264.9055,2
183,242.56152,2
184,-29.010572,2
185,315.7714,2
186,174.45984,2
187,91.96083,2
188,142.36642,2
189,151.36221,2
190,79.50976,2
191,146.55661,2
192,168.64662,2
193,263.6169,2
194,136.35556,2
195,-48.812355,2
196,303.78323,2
197,47.115795,2
198,273.2872,2
199,302.084,2
200,140.53033,2
201,118.46415,2
202,166.70369,2
203,413.94455,2
204,381.13437,2
205,219.136,2
206,142.63367,2
207,289.5499,2
208,161.53651,2
209,390.67395,2
210,263.70853,2
211,312.29904,2
212,230.10799,2
213,197.29483,2
214,229.76791,2
215,264.8666,2
216,83.44038,2
217,42.151936,2
218,64.80363,2
219,440.61472,2
220,414.3074,2
221,359.7405,2
222,211.4906,2
223,102.14754,2
224,329.32663,2
225,506.5989,2
226,483.81702,2
227,204.76248,2
228,180.07419,2
229,239.30722,2
230,307.22098,2
231,108.80122,2
232,164.40398,2
233,417.8135,2
234,192.27994,2
235,252.44,2
236,150.15733,2
237,-7.649061,2
238,226.91373,2
239,192.54135,2
240,39.43123,3
241,87.68402,3
242,122.14156,3
243,140.85501,3
244,83.35763,3
245,85.729866,3
246,16.099712,3
247,147.91351,3
248,-13.790633,3
249,116.30746,3
250,41.18343,3
251,87.53787,3
252,62.705643,3
253,62.85834,3
254,-19.56571,3
255,136.74335,3
256,121.632744,3
257,69.147255,3
258,-45.224613,3
259,59.817856,3
260,84.83545,3
261,28.493763,3
262,107.286674,3
263,100.72366,3
264,297.2239,3
265,-48.082455,3
266,-36.350887,3
267,38.71424,3
268,279.95016,3
269,155.13333,3
270,145.01921,3
271,-3.998403,3
272,37.814426,3
273,97.12154,3
274,49.094337,3
275,105.35639,3
276,6.0362773,3
277,99.91453,3
278,145.13321,3
279,36.265514,3
280,23.867598,3
281,52.01937,3
282,-71.031105,3
283,72.59495,3
284,238.63469,3
285,110.5411,3
286,-58.972782,3
287,16.001919,3
288,68.05153,3
289,-3.7175288,3
290,89.12921,3
291,158.03726,3
292,121.59673,3
293,43.366837,3
294,153.48961,3
295,74.677246,3
296,80.118675,3
297,139.93561,3
298,38.32906,3
299,19.166767,3
300,137.16385,3
301,12.91721,3
302,146.55705,3
303,89.13212,3
304,104.38754,3
305,94.354034,3
306,61.20836,3
307,67.489845,3
308,192.30753,3
309,185.20055,3
310,57.12795,3
311,51.32335,3
312,110.7261,3
313,96.43947,3
314,104.45666,3
315,91.1756,3
316,113.1455,3
317,77.678734,3
318,20.827694,3
319,410.29166,3
320,72.14902,4
321,14.424611,4
322,42.299004,4
323,58.430466,4
324,45.880096,4
325,25.161411,4
326,43.46691,4
327,13.589511,4
328,150.37704,4
329,62.74209,4
330,-18.964485,4
331,92.81861,4
332,22.18869,4
333,150.74542,4
334,5.6925826,4
335,51.987564,4
336,58.183987,4
337,-99.30381,4
338,-16.657372,4
339,37.685783,4
340,198.93445,4
341,-15.157851,4
342,-17.861376,4
343,9.6573515,4
344,-16.36013,4
345,-8.783998,4
346,75.60921,4
347,241.98352,4
348,60.456123,4
349,103.79,4
350,-24.417976,4
351,101.04516,4
352,33.79759,4
353,43.16233,4
354,180.75734,4
355,67.53308,4
356,-25.891502,4
357,77.17431,4
358,46.723465,4
359,21.445591,4
360,-28.628674,4
361,16.423027,4
362,-54.36527,4
363,88.46429,4
364,125.367836,4
365,13.368016,4
366,111.96309,4
367,-59.99556,4
368,33.15014,4
369,82.46091,4
370,176.79349,4
371,52.063175,4
372,102.403,4
373,13.184073,4
374,-97.544235,4
375,-46.42226,4
376,28.303051,4
377,6.543157,4
378,-10.486666,4
379,1.3073516,4
380,18.893585,4
381,57.95987,4
382,7.9415126,4
383,-15.405484,4
384,89.64649,4
385,60.843815,4
386,0.9062743,4
387,63.00364,4
388,43.65372,4
389,127.4044,4
390,52.42504,4
391,-11.373315,4
392,-12.903104,4
393,-42.10031,4
394,10.222821,4
395,-9.900998,4
396,45.92065,4
397,93.73733,4
398,31.390984,4
399,92.12073,4
400,89.67386,5
401,184.4328,5
402,166.98059,5
403,-39.44127,5
404,235.28615,5
405,206.581,5
406,43.53679,5
407,277.6425,5
408,91.43263,5
409,96.90057,5
410,211.42908,5
411,90.92012,5
412,36.58645,5
413,78.44282,5
414,119.83374,5
415,63.401054,5
416,43.81341,5
417,125.06177,5
418,7.2043834,5
419,67.21331,5
420,118.43003,5
421,84.9116,5
422,137.67798,5
423,62.1861,5
424,72.32336,5
425,37.248947,5
426,48.00346,5
427,98.81946,5
428,93.70225,5
429,95.88884,5
430,76.67153,5
431,41.352184,5
432,97.017494,5
433,279.32254,5
434,114.77517,5
435,21.747126,5
436,81.734886,5
437,69.96468,5
438,-82.97608,5
439,141.19022,5
440,82.01333,5
441,331.32147,5
442,70.735344,5
443,16.539558,5
444,55.617958,5
445,33.78691,5
446,-11.175267,5
447,151.39883,5
448,-41.53541,5
449,200.21628,5
450,104.92283,5
451,55.6364,5
452,-19.729977,5
453,232.75424,5
454,107.556274,5
455,15.968383,5
456,351.37546,5
457,21.143475,5
458,65.944435,5
459,-69.50301,5
460,1.2209048,5
461,69.25755,5
462,165.70805,5
463,40.13916,5
464,45.57895,5
465,27.743965,5
466,126.37777,5
467,99.09095,5
468,38.232437,5
469,140.27687,5
470,65.97749,5
471,81.8272,5
472,198.64738,5
473,89.88082,5
474,129.37186,5
475,44.435905,5
476,116.99153,5
477,156.09863,5
478,198.87437,5
479,163.97679,5
480,159.40175,6
481,237.5893,6
482,265.13577,6
483,197.60251,6
484,138.27264,6
485,234.16898,6
486,370.4611,6
487,351.78528,6
488,341.72235,6
489,241.90506,6
490,272.9752,6
491,152.64653,6
492,180.04556,6
493,274.92502,6
494,179.53543,6
495,226.22675,6
496,195.86124,6
497,267.64618,6
498,155.47798,6
499,322.74228,6
500,242.2937,6
501,286.90628,6
502,210.29102,6
503,206.67798,6
504,204.37085,6
505,282.6758,6
506,253.87408,6
507,269.97803,6
508,194.43068,6
509,382.1661,6
510,307.10394,6
511,274.2293,6
512,260.6796,6
513,293.4581,6
514,189.23215,6
515,262.91434,6
516,189.06738,6
517,146.54088,6
518,157.67221,6
519,132.6878,6
520,290.01132,6
521,106.71191,6
522,278.8845,6
523,256.3169,6
524,153.01141,6
525,172.5228,6
526,195.76398,6
527,185.70107,6
528,231.45758,6
529,159.55084,6
530,144.87762,6
531,209.10435,6
532,310.66486,6
533,79.139465,6
534,175.99123,6
535,227.38527,6
536,257.3582,6
537,196.40283,6
538,210.2717,6
539,188.15228,6
540,175.28278,6
541,168.80981,6
542,138.01682,6
543,164.07864,6
544,221.43118,6
545,101.38058,6
546,173.91644,6
547,243.13014,6
548,250.37653,6
549,201.61505,6
550,283.16174,6
551,290.57806,6
552,223.05887,6
553,171.89722,6
554,329.08212,6
555,228.53401,6
556,197.48238,6
557,327.73386,6
558,240.14265,6
559,234.87257,6
560,-130.04688,7
561,-64.06578,7
562,-52.247116,7
563,-116.06635,7
564,-116.52258,7
565,-130.44308,7
566,-83.56826,7
567,-89.063225,7
568,-120.96586,7
569,-53.037685,7
570,-111.809555,7
571,-23.690489,7
572,-162.9928,7
573,-140.29057,7
574,-17.373592,7
575,-70.37954,7
576,-156.40103,7
577,-88.79177,7
578,-70.67559,7
579,-141.94052,7
580,-90.180275,7
581,-79.320015,7
582,-90.38493,7
583,-67.92659,7
584,-65.77549,7
585,-28.822487,7
586,-151.15912,7
587,-95.538216,7
588,-52.892666,7
589,-151.42462,7
590,-172.71713,7
591,-60.356342,7
592,-65.243034,7
593,-107.78234,7
594,-89.163246,7
595,-60.619133,7
596,-59.05391,7
597,-164.01637,7
598,-76.805824,7
599,-159.97519,7
600,-113.86679,7
601,-63.76062,7
602,-197.6307,7
603,-173.35403,7
604,-134.56381,7
605,-96.97869,7
606,-94.9374,7
607,-178.45355,7
608,-53.52881,7
609,-37.60408,7
610,-212.43852,7
611,-169.04596,7
612,-71.51024,7
613,-78.04495,7
614,-127.48545,7
615,-44.08772,7
616,-163.1528,7
617,-120.83103,7
618,34.200047,7
619,-113.81528,7
620,-35.148064,7
621,-153.80515,7
622,-105.19534,7
623,3.1133857,7
624,-5.157662,7
625,-160.27762,7
626,-68.98312,7
627,-120.589676,7
628,-61.978428,7
629,-114.01466,7
630,-163.93944,7
631,-23.69236,7
632,-104.07439,7
633,-87.8912,7
634,-79.86144,7
635,-125.96609,7
636,-124.82765,7
637,-106.21299,7
638,-16.425835,7
639,-35.569336,7
640,-100.59208,8
641,58.57949,8
642,-47.435562,8
643,36.122864,8
644,71.50793,8
645,-25.496437,8
646,18.275066,8
647,-18.208244,8
648,22.215954,8
649,-78.7161,8
650,-19.584606,8
651,-58.042686,8
652,4.8137507,8
653,-36.364258,8
654,-2.8201966,8
655,-17.436867,8
656,-18.248314,8
657,43.805214,8
658,43.140373,8
659,-73.45621,8
660,-46.23835,8
661,5.9979157,8
662,26.58538,8
663,26.548384,8
664,-43.906357,8
665,-93.97112,8
666,-164.46428,8
667,4.149632,8
668,10.938377,8
669,59.11993,8
670,-29.692146,8
671,12.72426,8
672,-211.17372,8
673,-85.93026,8
674,-10.680388,8
675,29.507154,8
676,-56.089745,8
677,-16.869064,8
678,-28.157764,8
679,6.323902,8
680,-35.22741,8
681,-14.22803,8
682,-13.519204,8
683,13.43887,8
684,-13.82684,8
685,-83.93908,8
686,20.397257,8
687,-85.84841,8
688,77.1408,8
689,2.9460344,8
690,-162.2453,8
691,-20.405027,8
692,8.015798,8
693,-101.30874,8
694,-130.02374,8
695,-3.4000287,8
696,-212.62787,8
697,3.98916,8
698,16.205593,8
699,-82.867874,8
700,-0.5466986,8
701,1.6806941,8
702,-83.72456,8
703,-17.58686,8
704,-40.537075,8
705,-108.3833,8
706,-56.243675,8
707,-6.4369245,8
708,2.716082,8
709,129.47719,8
710,-32.995396,8
711,10.39397,8
712,-7.9010863,8
713,61.575264,8
714,-43.183807,8
715,-18.603788,8
716,-0.461247,8
717,75.43355,8
718,-16.876747,8
719,-1.3216257,8
720,-122.1613,9
721,-137.82132,9
722,-45.030315,9
723,-107.92223,9
724,-99.61704,9
725,-115.754265,9
726,-68.34699,9
727,-98.994194,9
728,-88.632034,9
729,-122.80065,9
730,66.224205,9
731,-77.11998,9
732,-146.14493,9
733,-175.67299,9
734,-126.45155,9
735,-108.23604,9
736,-84.9876,9
737,-137.8271,9
738,-53.918083,9
739,-44.612244,9
740,-140.38924,9
741,-42.08024,9
742,-131.61052,9
743,-141.46443,9
744,92.86799,9
745,-72.484146,9
746,-78.64573,9
747,-98.094246,9
748,-40.50571,9
749,-109.987144,9
750,-82.84054,9
751,-131.49098,9
752,-95.73512,9
753,-138.76904,9
754,-130.39015,9
755,-83.09205,9
756,22.62274,9
757,-33.477505,9
758,-17.499691,9
759,-56.558567,9
760,-124.13867,9
761,-158.57202,9
762,-26.800598,9
763,-86.822014,9
764,-101.22011,9
765,-76.832695,9
766,-106.3768,9
767,-149.76056,9
768,-69.21337,9
769,-38.21624,9
770,-97.75062,9
771,-89.94923,9
772,23.638073,9
773,-96.9114,9
774,-118.06353,9
775,-93.96459,9
776,-76.51875,9
777,-78.82472,9
778,-78.22607,9
779,-85.24605,9
780,-135.88556,9
781,4.538548,9
782,-74.610825,9
783,-129.91348,9
784,-106.97851,9
785,-102.17849,9
786,26.161127,9
787,-68.31728,9
788,-97.98667,9
789,-146.83731,9
790,6.0106683,9
791,2.8238997,9
792,-196.11386,9
793,-60.1916,9
794,-63.5102,9
795,-164.74469,9
796,-147.9601,9
797,-94.78158,9
798,-176.07744,9
799,-108.898415,9
