Image,Value,Label
0,357.33572,0
1,23.268482,0
2,188.30577,0
3,508.4959,0
4,164.46938,0
5,138.10913,0
6,50.641003,0
7,74.214874,0
8,270.81055,0
9,14.603448,0
10,-508.95853,0
11,367.74118,0
12,454.9332,0
13,242.5229,0
14,340.39713,0
15,-100.57719,0
16,-200.95905,0
17,120.84897,0
18,519.5929,0
19,354.83218,0
20,333.73984,0
21,-66.623955,0
22,438.34067,0
23,-107.0633,0
24,336.93143,0
25,114.15802,0
26,374.83453,0
27,8.055711,0
28,149.5273,0
29,276.64056,0
30,-348.5371,0
31,-55.959488,0
32,332.4545,0
33,151.47255,0
34,-155.05925,0
35,322.03275,0
36,172.36551,0
37,289.54236,0
38,-215.7963,0
39,-171.34256,0
40,475.02667,0
41,193.33977,0
42,-49.035763,0
43,11.590394,0
44,-56.849033,0
45,157.67686,0
46,-407.5192,0
47,421.06894,0
48,-10.070247,0
49,127.27294,0
50,277.78934,0
51,-218.902,0
52,68.1892,0
53,114.28381,0
54,331.44308,0
55,402.83737,0
56,217.24825,0
57,146.03601,0
58,491.48447,0
59,-233.60074,0
60,113.69593,0
61,336.29803,0
62,98.025566,0
63,161.55922,0
64,-321.20944,0
65,345.51718,0
66,39.081623,0
67,294.50677,0
68,-91.29459,0
69,317.61414,0
70,318.55673,0
71,168.6358,0
72,395.78165,0
73,-384.9377,0
74,149.71167,0
75,278.37006,0
76,-189.86664,0
77,431.92123,0
78,198.77434,0
79,224.43411,0
80,-226.20146,1
81,-107.53329,1
82,-300.28885,1
83,-242.56133,1
84,-273.86124,1
85,-120.97407,1
86,-219.71227,1
87,-237.13747,1
88,-297.5452,1
89,-180.08145,1
90,-161.32619,1
91,-220.4474,1
92,-174.08229,1
93,-322.72467,1
94,-177.56126,1
95,-126.786964,1
96,-349.9342,1
97,-183.24443,1
98,-174.0153,1
99,-332.29953,1
100,-202.56049,1
101,-175.36688,1
102,-294.20004,1
103,-194.47469,1
104,-195.92026,1
105,-229.70596,1
106,-204.43407,1
107,-324.17685,1
108,-218.24309,1
109,-168.5815,1
110,-202.32677,1
111,-296.20108,1
112,-299.9263,1
113,-224.06932,1
114,-266.40033,1
115,-80.916626,1
116,-436.0319,1
117,-188.01552,1
118,-180.75114,1
119,-204.63582,1
120,-116.14466,1
121,-256.34787,1
122,-76.48162,1
123,-202.02174,1
124,-61.783936,1
125,-173.71162,1
126,-325.23642,1
127,-72.224075,1
128,-156.15828,1
129,-237.09521,1
130,-277.61765,1
131,-202.63771,1
132,-177.92006,1
133,-198.83281,1
134,-156.07791,1
135,-91.21378,1
136,-251.14626,1
137,-140.37798,1
138,-167.64882,1
139,-286.05032,1
140,-307.13205,1
141,-189.7376,1
142,-201.89426,1
143,-150.15733,1
144,-112.400925,1
145,-203.6642,1
146,-148.97618,1
147,-140.17537,1
148,-417.14847,1
149,-207.53627,1
150,-235.81398,1
151,-230.83733,1
152,-347.2186,1
153,-217.05054,1
154,-380.86966,1
155,-232.47441,1
156,-257.1843,1
157,-202.83551,1
158,-224.66714,1
159,-286.5518,1
160,-183.99898,2
161,-334.733,2
162,-55.04392,2
163,-156.56378,2
164,-241.5215,2
165,-227.27815,2
166,-451.58267,2
167,-314.12415,2
168,-335.66562,2
169,-206.29417,2
170,-228.11195,2
171,-318.7407,2
172,-301.309,2
173,-263.2461,2
174,-221.13547,2
175,-422.56656,2
176,-258.87888,2
177,-289.51212,2
178,-328.6508,2
179,-427.5868,2
180,-136.81976,2
181,-364.1651,2
182,-272.74393,2
183,-285.27853,2
184,-205.4873,2
185,-217.46239,2
186,-256.2513,2
187,-11.196002,2
188,-145.08272,2
189,-232.80783,2
190,-340.4687,2
191,-280.7071,2
192,-326.04645,2
193,-251.8066,2
194,-227.87576,2
195,-246.8069,2
196,-409.90012,2
197,-341.9403,2
198,-419.95123,2
199,-208.83076,2
200,-12.292712,2
201,-345.00113,2
202,-148.93925,2
203,-38.124786,2
204,-267.0375,2
205,-153.47536,2
206,-180.93631,2
207,-360.06116,2
208,-401.21936,2
209,-323.0235,2
210,-382.74466,2
211,-230.17877,2
212,-367.26578,2
213,-330.77982,2
214,-279.05917,2
215,-250.88191,2
216,-269.12997,2
217,-224.89017,2
218,-348.99698,2
219,-206.02042,2
220,-375.19534,2
221,-234.92323,2
222,-210.67078,2
223,-69.899796,2
224,-307.2595,2
225,-201.87413,2
226,-481.17566,2
227,-540.2371,2
228,-185.55006,2
229,-76.92841,2
230,-172.94107,2
231,-110.19309,2
232,-227.02675,2
233,-330.37497,2
234,-436.46005,2
235,-260.34302,2
236,-197.70323,2
237,-261.7002,2
238,-181.79404,2
239,-252.08531,2
240,-278.5722,3
241,-367.12363,3
242,-199.8102,3
243,-216.90582,3
244,-306.27884,3
245,-226.45006,3
246,-209.64662,3
247,-219.22624,3
248,-460.72018,3
249,-243.85408,3
250,-259.0025,3
251,-313.57635,3
252,-332.84464,3
253,-387.59396,3
254,-319.49564,3
255,-361.5643,3
256,-66.753136,3
257,-252.80267,3
258,-203.93257,3
259,-242.5932,3
260,-265.49973,3
261,-195.48656,3
262,-435.9926,3
263,-346.95316,3
264,-254.22453,3
265,-123.50153,3
266,-259.12082,3
267,-483.9647,3
268,-215.29988,3
269,-229.25304,3
270,-340.8054,3
271,-219.34135,3
272,-446.18784,3
273,-292.5064,3
274,-316.11172,3
275,-124.05747,3
276,-207.34259,3
277,-97.739555,3
278,-164.98491,3
279,-448.41782,3
280,-477.5167,3
281,-260.5805,3
282,-460.545,3
283,-107.43159,3
284,-246.13295,3
285,-300.91644,3
286,-76.33365,3
287,-189.24745,3
288,-376.8564,3
289,-276.8107,3
290,-223.23949,3
291,-139.965,3
292,-304.8232,3
293,-59.25119,3
294,-469.69315,3
295,-441.894,3
296,-272.98798,3
297,-229.52971,3
298,-517.82574,3
299,-130.89262,3
300,-385.9588,3
301,-189.4793,3
302,-244.85078,3
303,-311.15747,3
304,-300.79724,3
305,-338.31564,3
306,-265.62552,3
307,-167.27892,3
308,-190.00227,3
309,-403.15707,3
310,-267.2528,3
311,-425.91293,3
312,-394.76355,3
313,-268.21457,3
314,-386.65283,3
315,-73.83291,3
316,-183.31377,3
317,-172.53348,3
318,-198.04015,3
319,-83.662865,3
320,-96.57873,4
321,-365.89392,4
322,-255.45935,4
323,-369.09866,4
324,-176.44423,4
325,-136.28288,4
326,-480.915,4
327,-379.77957,4
328,-508.3054,4
329,-250.94325,4
330,-143.60493,4
331,-228.78009,4
332,-233.35262,4
333,-135.70538,4
334,-416.29657,4
335,-284.56058,4
336,-263.60315,4
337,-215.71536,4
338,-283.74515,4
339,-456.3733,4
340,-207.30803,4
341,-182.56879,4
342,-319.2723,4
343,-268.38733,4
344,-315.5696,4
345,-261.9445,4
346,-356.53918,4
347,1.7657404,4
348,-144.9019,4
349,-303.84705,4
350,-388.85794,4
351,-153.71901,4
352,-212.48547,4
353,-159.11989,4
354,-158.66734,4
355,-328.04507,4
356,-179.97743,4
357,-408.5992,4
358,-195.45145,4
359,-97.25861,4
360,-257.69214,4
361,-311.17545,4
362,-226.36627,4
363,-279.50793,4
364,-433.3249,4
365,-180.4893,4
366,-347.08298,4
367,-265.12903,4
368,-347.3126,4
369,-201.09972,4
370,-16.17003,4
371,-259.7218,4
372,-289.77347,4
373,-237.71072,4
374,-201.94408,4
375,-419.58517,4
376,-348.79935,4
377,-394.12936,4
378,-308.53073,4
379,-210.87836,4
380,-286.8796,4
381,-152.80693,4
382,-297.6977,4
383,-320.62277,4
384,-149.45677,4
385,-301.70087,4
386,-402.7379,4
387,-442.93088,4
388,-202.41508,4
389,-337.55032,4
390,4.421323,4
391,-403.98227,4
392,-360.60794,4
393,-161.64685,4
394,-139.54799,4
395,-126.14088,4
396,-398.24094,4
397,-179.95697,4
398,129.1842,4
399,-169.22922,4
400,-109.524254,5
401,-34.699936,5
402,-209.07625,5
403,20.113134,5
404,-203.06088,5
405,-235.55988,5
406,-32.741512,5
407,-485.17844,5
408,80.16566,5
409,-226.0329,5
410,-283.34927,5
411,-183.09258,5
412,-60.858475,5
413,-326.1962,5
414,-265.22324,5
415,-270.80045,5
416,21.887718,5
417,91.56821,5
418,-344.65637,5
419,-185.3326,5
420,-44.67989,5
421,-94.68114,5
422,-336.15054,5
423,-135.76805,5
424,-269.071,5
425,-132.69862,5
426,-375.92477,5
427,-176.20198,5
428,-306.15558,5
429,-106.88257,5
430,6.6362123,5
431,-298.5499,5
432,74.46754,5
433,-429.69348,5
434,-204.02397,5
435,-119.442986,5
436,-387.6415,5
437,-329.83456,5
438,-6.7484503,5
439,-396.30582,5
440,-133.72655,5
441,-394.33316,5
442,-121.13685,5
443,-473.77393,5
444,-242.57162,5
445,-21.813581,5
446,-128.56781,5
447,-282.20844,5
448,-186.09624,5
449,-275.31494,5
450,-5.4825735,5
451,-51.923225,5
452,-168.83618,5
453,-201.7359,5
454,-472.59912,5
455,-80.24532,5
456,-104.81508,5
457,-42.639206,5
458,-137.81522,5
459,-116.023605,5
460,-55.90819,5
461,-331.7017,5
462,-213.55501,5
463,67.253136,5
464,-246.33797,5
465,-90.41047,5
466,-33.24948,5
467,-55.050644,5
468,-67.312614,5
469,-271.78702,5
470,-145.80836,5
471,-59.99945,5
472,-142.83246,5
473,58.39424,5
474,25.417557,5
475,-344.15866,5
476,-206.87047,5
477,-268.07077,5
478,-284.5655,5
479,-278.74182,5
480,-409.7492,6
481,-97.67127,6
482,-355.59396,6
483,-306.35788,6
484,-253.96678,6
485,-383.13846,6
486,-218.01517,6
487,-436.6737,6
488,-442.49118,6
489,-73.47705,6
490,-311.8469,6
491,-383.84622,6
492,-272.92508,6
493,-315.78433,6
494,-165.29984,6
495,-484.8696,6
496,-516.7011,6
497,-141.88228,6
498,27.512024,6
499,-299.18155,6
500,-331.2048,6
501,-203.5911,6
502,-365.10104,6
503,-200.33728,6
504,-539.2297,6
505,-88.485725,6
506,-151.33684,6
507,-197.47421,6
508,-177.37314,6
509,-157.56291,6
510,-65.32958,6
511,-353.9642,6
512,58.675953,6
513,-345.254,6
514,-315.90598,6
515,-326.04147,6
516,-745.19293,6
517,-357.27548,6
518,-481.91476,6
519,-328.86722,6
520,-509.39832,6
521,-347.03836,6
522,-10.938731,6
523,-153.81447,6
524,-63.643383,6
525,-161.68294,6
526,-95.636024,6
527,-233.56767,6
528,-149.38336,6
529,-417.1296,6
530,-428.5483,6
531,-442.40628,6
532,-168.07536,6
533,-409.7888,6
534,-393.3155,6
535,-581.73456,6
536,55.35617,6
537,-340.6804,6
538,-297.95193,6
539,-334.50928,6
540,-22.061646,6
541,-232.44951,6
542,-274.9539,6
543,-571.3355,6
544,-145.38368,6
545,-364.7757,6
546,-608.17267,6
547,-242.09502,6
548,-600.5217,6
549,-380.81247,6
550,-359.0604,6
551,-344.45828,6
552,-224.63924,6
553,-581.51575,6
554,-383.67184,6
555,-269.85434,6
556,-573.69464,6
557,-98.99653,6
558,47.16155,6
559,-424.71915,6
560,-336.40112,7
561,-177.9687,7
562,-176.76321,7
563,-233.80592,7
564,-288.40683,7
565,-286.13785,7
566,220.69455,7
567,-327.79727,7
568,-284.41183,7
569,-376.08978,7
570,-76.01218,7
571,-325.43674,7
572,-238.54362,7
573,-66.94041,7
574,-342.80942,7
575,-90.523834,7
576,-177.65471,7
577,-250.5868,7
578,-225.83139,7
579,-245.62956,7
580,-157.86581,7
581,-221.20168,7
582,-210.74918,7
583,-355.773,7
584,-282.59787,7
585,-289.54956,7
586,-284.86072,7
587,-358.3043,7
588,-166.92331,7
589,-277.4824,7
590,-90.499115,7
591,-27.410168,7
592,-87.178185,7
593,-481.6379,7
594,-195.17088,7
595,-409.61038,7
596,-55.746864,7
597,-535.2821,7
598,-51.07526,7
599,-303.54,7
600,-134.8094,7
601,-221.96657,7
602,-117.95338,7
603,-138.42279,7
604,-115.317986,7
605,-103.194305,7
606,-336.06894,7
607,-178.74548,7
608,-335.92468,7
609,-154.00809,7
610,-436.39835,7
611,137.5644,7
612,-82.91761,7
613,-201.34322,7
614,-311.39645,7
615,-202.1952,7
616,-255.03691,7
617,-240.76042,7
618,-228.38318,7
619,-576.2423,7
620,-499.27026,7
621,-284.4413,7
622,-262.49472,7
623,-270.7258,7
624,-72.56576,7
625,-109.852745,7
626,-295.90384,7
627,-211.0905,7
628,-230.22835,7
629,-310.16666,7
630,-385.2534,7
631,-87.756096,7
632,-99.82044,7
633,-226.18457,7
634,-399.9095,7
635,-313.8889,7
636,-128.47592,7
637,-263.13345,7
638,-186.2051,7
639,-350.5739,7
640,-338.859,8
641,-324.96817,8
642,-254.2269,8
643,-387.0783,8
644,-506.926,8
645,-218.66438,8
646,-462.08533,8
647,-214.5376,8
648,-318.44394,8
649,-215.9398,8
650,-338.93396,8
651,-300.49902,8
652,-380.82584,8
653,-89.36231,8
654,-336.92337,8
655,-163.65062,8
656,-295.7676,8
657,-320.0373,8
658,-192.86949,8
659,-222.40358,8
660,-362.14377,8
661,-315.6506,8
662,-320.1967,8
663,-221.259,8
664,-636.07666,8
665,-94.4313,8
666,-385.49826,8
667,-237.13182,8
668,-269.6979,8
669,-545.0463,8
670,-260.94373,8
671,-248.90022,8
672,-428.53488,8
673,-309.87378,8
674,-376.20792,8
675,-475.09595,8
676,-50.33471,8
677,-288.82367,8
678,-204.76021,8
679,-287.0125,8
680,-431.834,8
681,-348.05713,8
682,-301.55368,8
683,-193.48723,8
684,-340.77115,8
685,-240.38834,8
686,-297.1415,8
687,-236.53355,8
688,-211.635,8
689,-231.7436,8
690,-183.23758,8
691,-323.27298,8
692,-202.59856,8
693,-383.62173,8
694,-228.25443,8
695,-270.26947,8
696,-306.34714,8
697,-248.8843,8
698,-286.9085,8
699,-108.21242,8
700,-400.7903,8
701,-362.15942,8
702,-298.98032,8
703,-224.01476,8
704,-415.30353,8
705,-392.85928,8
706,-231.30193,8
707,-309.5757,8
708,-210.30629,8
709,-329.8868,8
710,-294.39667,8
711,-220.30312,8
712,-398.41122,8
713,-378.9062,8
714,-298.47366,8
715,-443.0369,8
716,-5.861232,8
717,-333.23257,8
718,-256.58685,8
719,-256.06094,8
720,-284.95303,9
721,-536.417,9
722,-165.29793,9
723,-490.74155,9
724,-247.55013,9
725,-242.64354,9
726,-380.2213,9
727,-118.266945,9
728,-280.74442,9
729,-225.55467,9
730,-318.15485,9
731,-150.2601,9
732,-190.45186,9
733,-151.06636,9
734,-261.8515,9
735,-374.79153,9
736,-226.20116,9
737,-120.57093,9
738,-330.21368,9
739,-379.14035,9
740,-178.42451,9
741,-12.364097,9
742,-183.60391,9
743,-230.62352,9
744,-35.623825,9
745,-165.58995,9
746,-247.57674,9
747,-237.29997,9
748,-246.5087,9
749,-386.54117,9
750,-252.81317,9
751,-218.51265,9
752,-283.71634,9
753,-305.59097,9
754,35.59268,9
755,-150.98787,9
756,-303.8514,9
757,-231.01036,9
758,-98.93669,9
759,-87.295,9
760,-319.24582,9
761,-298.82684,9
762,-81.29838,9
763,-62.75654,9
764,-347.085,9
765,-181.6964,9
766,-212.4854,9
767,-146.87225,9
768,-243.6193,9
769,-270.69052,9
770,-327.28012,9
771,-315.27765,9
772,-133.14803,9
773,-283.84015,9
774,-290.9744,9
775,-267.8418,9
776,-447.938,9
777,-219.19247,9
778,-18.415596,9
779,-196.36574,9
780,-119.62516,9
781,-133.48676,9
782,-398.257,9
783,-407.81534,9
784,-220.03915,9
785,-218.22078,9
786,-83.25331,9
787,-260.0843,9
788,-256.2612,9
789,-344.60367,9
790,-271.37988,9
791,-205.86409,9
792,-403.05603,9
793,-207.8187,9
794,-167.74986,9
795,-210.91513,9
796,-158.271,9
797,-347.88126,9
798,-415.76675,9
799,-277.07535,9
