Image,Value,Label
0,-253.08649,0
1,-62.46281,0
2,-78.92074,0
3,-204.51656,0
4,-127.07572,0
5,-62.968784,0
6,-160.85696,0
7,-127.20807,0
8,-230.47667,0
9,-193.56831,0
10,0.59444284,0
11,-207.5066,0
12,-319.8583,0
13,-142.79857,0
14,-209.15117,0
15,-34.59932,0
16,-37.774837,0
17,-131.29115,0
18,-305.59427,0
19,-182.26833,0
20,-334.0789,0
21,-95.076454,0
22,-137.45946,0
23,-52.590458,0
24,-267.64798,0
25,-83.548454,0
26,-258.46463,0
27,-149.99307,0
28,-134.18341,0
29,-181.91151,0
30,-85.82952,0
31,53.347286,0
32,-232.64262,0
33,40.26366,0
34,-49.670017,0
35,-209.95995,0
36,-83.682144,0
37,-209.6638,0
38,-103.632835,0
39,-62.592144,0
40,-208.31064,0
41,-127.41455,0
42,-267.31537,0
43,-93.10106,0
44,-61.830883,0
45,61.928337,0
46,-16.647772,0
47,-243.10556,0
48,-38.574802,0
49,-85.14387,0
50,-199.27058,0
51,-44.30764,0
52,-116.52209,0
53,-179.53532,0
54,-329.73892,0
55,-259.92606,0
56,-187.2814,0
57,-95.69067,0
58,-284.01746,0
59,-143.74092,0
60,-195.4582,0
61,-126.137924,0
62,-89.45263,0
63,43.118736,0
64,-121.045845,0
65,-143.79826,0
66,-150.94714,0
67,-106.367775,0
68,-82.956635,0
69,-242.99718,0
70,-51.08729,0
71,-104.744286,0
72,-253.64491,0
73,-39.928608,0
74,-141.9749,0
75,-73.83516,0
76,-62.39219,0
77,-511.88327,0
78,-309.91534,0
79,-191.12218,0
80,-33.648952,1
81,1.007834,1
82,-73.48826,1
83,-42.589565,1
84,-53.42315,1
85,-2.5085444,1
86,-20.316263,1
87,-55.98725,1
88,-66.03557,1
89,-17.215088,1
90,-50.955082,1
91,-40.874638,1
92,-36.720547,1
93,-16.51883,1
94,-97.65467,1
95,-54.211853,1
96,-126.13418,1
97,-47.267868,1
98,14.037827,1
99,-18.226507,1
100,-60.52091,1
101,-83.657646,1
102,-11.050493,1
103,-53.39934,1
104,-18.98437,1
105,-45.84312,1
106,-82.963005,1
107,-73.164566,1
108,-28.62019,1
109,-49.751675,1
110,-56.42806,1
111,-33.53107,1
112,-27.256266,1
113,14.645287,1
114,-96.538475,1
115,-35.711937,1
116,-6.9191785,1
117,-68.061226,1
118,-16.42786,1
119,-73.60236,1
120,-14.781202,1
121,-41.047997,1
122,-73.600655,1
123,17.411604,1
124,30.40303,1
125,-28.270897,1
126,-69.842125,1
127,-36.20166,1
128,-92.64672,1
129,-100.481804,1
130,-114.14645,1
131,-63.41854,1
132,-41.129314,1
133,-64.10592,1
134,-20.671074,1
135,-53.769047,1
136,24.683825,1
137,10.903872,1
138,-70.30915,1
139,-46.657154,1
140,-14.63229,1
141,-39.243935,1
142,-60.52064,1
143,-37.07581,1
144,-96.39355,1
145,-8.77076,1
146,22.011007,1
147,-15.526354,1
148,-26.63654,1
149,-92.1892,1
150,-12.437208,1
151,-104.20092,1
152,-88.60678,1
153,-9.301025,1
154,-60.362698,1
155,-66.77212,1
156,-9.745552,1
157,-58.580814,1
158,-4.6246915,1
159,-57.553326,1
160,-104.82781,2
161,-192.7835,2
162,-118.78109,2
163,-132.57402,2
164,-187.03098,2
165,-127.701126,2
166,132.6116,2
167,-333.04428,2
168,89.78941,2
169,-72.03324,2
170,-57.15949,2
171,-168.94397,2
172,-95.842735,2
173,-93.869576,2
174,-184.6479,2
175,10.893648,2
176,61.481293,2
177,-45.730427,2
178,-172.67206,2
179,-148.29579,2
180,81.05349,2
181,-58.279556,2
182,-141.94633,2
183,11.482546,2
184,-147.44951,2
185,-308.3948,2
186,29.913187,2
187,-96.6643,2
188,70.43715,2
189,50.757538,2
190,-2.8974042,2
191,-72.18728,2
192,14.926111,2
193,-276.40353,2
194,26.122341,2
195,-38.006126,2
196,-55.76488,2
197,-140.32355,2
198,20.981575,2
199,-123.319885,2
200,-187.21674,2
201,-280.72202,2
202,141.02786,2
203,47.57598,2
204,137.38042,2
205,94.32882,2
206,-13.569933,2
207,-27.174728,2
208,-130.75975,2
209,60.534405,2
210,147.98943,2
211,-17.181856,2
212,-373.25546,2
213,84.34554,2
214,-138.15639,2
215,-88.65366,2
216,-123.91029,2
217,-42.90606,2
218,-243.13719,2
219,-256.43158,2
220,-24.717337,2
221,-228.5483,2
222,-227.02776,2
223,-159.3261,2
224,80.621086,2
225,-268.22824,2
226,138.95308,2
227,180.28261,2
228,-168.49869,2
229,-270.8087,2
230,-10.170628,2
231,65.96474,2
232,-31.665295,2
233,-375.4376,2
234,-128.38885,2
235,-139.54726,2
236,-155.85448,2
237,-304.48752,2
238,37.898186,2
239,-124.0297,2
240,-211.54643,3
241,-119.98415,3
242,-94.04139,3
243,-21.378813,3
244,-174.46509,3
245,-135.61267,3
246,-130.22139,3
247,-105.88064,3
248,-228.9528,3
249,-66.05749,3
250,-238.89116,3
251,-98.30261,3
252,-217.69708,3
253,-212.00633,3
254,-101.25152,3
255,-173.88799,3
256,-39.10947,3
257,-414.58408,3
258,-259.86288,3
259,-92.68733,3
260,-124.98923,3
261,-196.52443,3
262,-197.56439,3
263,-143.10573,3
264,-171.91603,3
265,-158.74034,3
266,-180.0786,3
267,-161.6762,3
268,-91.97423,3
269,-179.2504,3
270,-126.97295,3
271,-138.10286,3
272,-123.11586,3
273,-45.485104,3
274,-203.39336,3
275,63.341606,3
276,-189.14532,3
277,-111.39393,3
278,-243.94116,3
279,-64.28493,3
280,-23.205936,3
281,-297.13657,3
282,-50.46359,3
283,-49.55515,3
284,-25.499544,3
285,-229.75145,3
286,-160.68362,3
287,-93.593575,3
288,-223.8849,3
289,8.386782,3
290,-111.547844,3
291,-58.43728,3
292,-154.41081,3
293,-48.91999,3
294,-128.91632,3
295,-46.667133,3
296,-176.54475,3
297,-130.68333,3
298,-68.00472,3
299,-246.77556,3
300,-216.11606,3
301,-103.45637,3
302,16.939817,3
303,-3.748805,3
304,-160.91148,3
305,-66.48569,3
306,-190.25175,3
307,25.9783,3
308,-111.04661,3
309,-183.85503,3
310,-322.51852,3
311,-74.44819,3
312,-122.869286,3
313,-138.43906,3
314,-225.2363,3
315,-276.75113,3
316,-57.378437,3
317,-223.70003,3
318,-218.50255,3
319,-205.26833,3
320,267.37503,4
321,202.13168,4
322,147.915,4
323,202.76524,4
324,210.51018,4
325,209.31223,4
326,226.67247,4
327,174.2393,4
328,83.709785,4
329,181.68619,4
330,152.00795,4
331,210.56436,4
332,180.21306,4
333,100.08023,4
334,167.90938,4
335,160.89735,4
336,130.36156,4
337,142.54523,4
338,218.94221,4
339,192.10796,4
340,177.0761,4
341,117.117775,4
342,261.50906,4
343,233.36516,4
344,237.48213,4
345,220.55867,4
346,177.04272,4
347,118.28593,4
348,174.5004,4
349,222.1972,4
350,250.66475,4
351,195.34474,4
352,229.81053,4
353,190.96574,4
354,199.14784,4
355,226.2806,4
356,338.15628,4
357,329.98734,4
358,214.71666,4
359,90.36157,4
360,173.3712,4
361,231.41133,4
362,140.55403,4
363,180.97078,4
364,210.89813,4
365,270.59073,4
366,273.3987,4
367,283.4366,4
368,224.49284,4
369,239.33109,4
370,149.95981,4
371,228.7003,4
372,161.75063,4
373,127.28058,4
374,275.40222,4
375,227.39136,4
376,227.61888,4
377,223.2856,4
378,219.53288,4
379,218.81714,4
380,218.88649,4
381,175.58517,4
382,159.72081,4
383,63.9419,4
384,250.42198,4
385,253.92079,4
386,165.25954,4
387,213.13597,4
388,274.63162,4
389,372.87894,4
390,169.52559,4
391,145.9063,4
392,246.93442,4
393,211.87987,4
394,98.840126,4
395,237.26541,4
396,175.03908,4
397,147.38255,4
398,134.86028,4
399,237.8196,4
400,-158.85893,5
401,-134.47198,5
402,-98.9739,5
403,-1.9114537,5
404,-89.881584,5
405,-130.72498,5
406,-65.88232,5
407,31.718876,5
408,-76.181816,5
409,14.214903,5
410,15.750647,5
411,-91.678154,5
412,37.673298,5
413,-86.71014,5
414,-206.6941,5
415,-99.98926,5
416,-220.48636,5
417,-2.4378676,5
418,-53.49992,5
419,-275.86072,5
420,-101.27258,5
421,-87.324524,5
422,-95.88826,5
423,-60.91784,5
424,-67.88329,5
425,29.400637,5
426,-36.038918,5
427,-163.46448,5
428,-88.468796,5
429,-105.208626,5
430,-245.21736,5
431,-66.26351,5
432,-67.90745,5
433,-1.4050956,5
434,-145.16313,5
435,-19.695196,5
436,-48.613037,5
437,-108.54073,5
438,-75.229126,5
439,80.601845,5
440,26.887949,5
441,-34.96918,5
442,-63.75521,5
443,-83.917496,5
444,23.431114,5
445,-164.60478,5
446,-40.05172,5
447,6.4229455,5
448,-94.59907,5
449,-44.221455,5
450,54.17132,5
451,-35.096558,5
452,21.122185,5
453,-155.62646,5
454,167.07704,5
455,22.474894,5
456,-111.26655,5
457,-217.6587,5
458,-60.109875,5
459,-25.488008,5
460,-39.451252,5
461,-167.81256,5
462,-204.58714,5
463,-83.93568,5
464,-195.0456,5
465,-64.17334,5
466,-127.06006,5
467,-167.18733,5
468,-68.51739,5
469,-67.83072,5
470,38.102505,5
471,-150.91817,5
472,-246.34839,5
473,-49.93777,5
474,-72.607445,5
475,-68.47652,5
476,-75.86208,5
477,-89.511086,5
478,87.44102,5
479,-114.53101,5
480,-14.573254,6
481,198.7114,6
482,-18.611444,6
483,179.52109,6
484,-27.330853,6
485,127.370735,6
486,-24.58254,6
487,55.952984,6
488,285.4422,6
489,124.3505,6
490,136.65987,6
491,-69.095406,6
492,210.33983,6
493,73.291695,6
494,198.75108,6
495,198.08932,6
496,193.72832,6
497,12.52635,6
498,120.214096,6
499,367.16635,6
500,66.38595,6
501,191.24751,6
502,-27.248281,6
503,175.4804,6
504,64.57742,6
505,-116.89293,6
506,274.31717,6
507,141.26968,6
508,192.97,6
509,187.72688,6
510,39.81348,6
511,105.52149,6
512,2.3689942,6
513,26.427465,6
514,159.17577,6
515,118.06123,6
516,191.3304,6
517,114.67866,6
518,123.85848,6
519,-26.524012,6
520,262.9767,6
521,-47.460358,6
522,78.29302,6
523,-17.009977,6
524,141.12405,6
525,39.321735,6
526,280.75165,6
527,21.214062,6
528,63.564396,6
529,-81.747444,6
530,233.4499,6
531,205.53233,6
532,194.35359,6
533,-5.273412,6
534,428.0175,6
535,272.41928,6
536,-45.36552,6
537,-120.18031,6
538,-9.623209,6
539,190.57196,6
540,209.15305,6
541,65.37356,6
542,59.369812,6
543,129.48402,6
544,265.773,6
545,32.372448,6
546,249.69443,6
547,277.15594,6
548,241.3015,6
549,97.5264,6
550,193.4694,6
551,267.26886,6
552,-27.389656,6
553,167.58136,6
554,114.80306,6
555,64.159615,6
556,77.75181,6
557,60.332127,6
558,155.06688,6
559,157.03877,6
560,-68.86571,7
561,-15.752447,7
562,-48.40005,7
563,28.580206,7
564,65.08033,7
565,5.2152505,7
566,-120.20095,7
567,-21.441092,7
568,-46.719593,7
569,-13.149012,7
570,14.429638,7
571,26.072504,7
572,1.947226,7
573,-80.336075,7
574,77.20644,7
575,-52.76783,7
576,22.459513,7
577,-45.60026,7
578,36.761448,7
579,-61.97662,7
580,7.9329743,7
581,-5.8850827,7
582,-70.60225,7
583,-84.766205,7
584,-77.248726,7
585,-61.294586,7
586,-155.09415,7
587,-109.20118,7
588,-63.209595,7
589,-13.4510765,7
590,-93.60306,7
591,-6.538519,7
592,-21.491846,7
593,102.01092,7
594,-60.373684,7
595,58.683125,7
596,41.041134,7
597,71.32757,7
598,-12.231487,7
599,-120.69108,7
600,46.94166,7
601,-112.87069,7
602,-24.094858,7
603,-17.443283,7
604,30.899643,7
605,-59.909096,7
606,-10.191847,7
607,-107.105644,7
608,36.94017,7
609,-5.92691,7
610,-36.7871,7
611,-119.08396,7
612,-110.876076,7
613,-23.54178,7
614,-36.341534,7
615,-20.606043,7
616,-30.0566,7
617,-39.63558,7
618,0.22125864,7
619,84.69814,7
620,88.521965,7
621,-26.213676,7
622,-45.55432,7
623,127.72615,7
624,-57.634792,7
625,-175.70273,7
626,-1.7521243,7
627,-14.348249,7
628,-4.526237,7
629,-60.06457,7
630,-52.97244,7
631,-7.4702,7
632,66.28253,7
633,50.853054,7
634,-12.873005,7
635,-69.57836,7
636,4.729161,7
637,-122.30279,7
638,-96.44096,7
639,-29.469778,7
640,-61.54015,8
641,-42.17627,8
642,13.295641,8
643,-32.469555,8
644,-83.86701,8
645,14.844498,8
646,-74.73786,8
647,-42.749588,8
648,-52.02975,8
649,-48.902916,8
650,-110.189674,8
651,-95.33707,8
652,-170.44342,8
653,-75.011314,8
654,-4.5574756,8
655,-85.70636,8
656,0.08640337,8
657,-125.55183,8
658,-173.50331,8
659,-40.9884,8
660,-186.31493,8
661,-68.86385,8
662,-133.68753,8
663,-74.57842,8
664,-3.9376855,8
665,-7.2757344,8
666,-20.962145,8
667,9.697939,8
668,-200.13722,8
669,-88.241394,8
670,-57.012005,8
671,-81.57771,8
672,2.6148515,8
673,-75.86975,8
674,-85.4548,8
675,-46.96212,8
676,-45.286777,8
677,29.449013,8
678,-17.761152,8
679,-54.308693,8
680,-27.603891,8
681,-153.95268,8
682,-81.06776,8
683,-50.265606,8
684,-164.59427,8
685,47.80374,8
686,-51.047985,8
687,-139.99788,8
688,-202.55663,8
689,-8.516413,8
690,-19.210928,8
691,-70.9472,8
692,-12.4514885,8
693,-49.77709,8
694,-40.65714,8
695,-138.96826,8
696,-126.77796,8
697,-54.672436,8
698,-51.01683,8
699,40.8681,8
700,-143.11697,8
701,-17.028967,8
702,-56.541943,8
703,-5.32245,8
704,-197.90077,8
705,94.44779,8
706,34.586887,8
707,-95.99601,8
708,-97.05608,8
709,-207.23909,8
710,-53.33846,8
711,-77.99469,8
712,-68.95978,8
713,-141.01237,8
714,-45.0201,8
715,-85.96683,8
716,-114.98136,8
717,-97.71781,8
718,-127.7898,8
719,2.3652139,8
720,111.6777,9
721,34.972927,9
722,70.78739,9
723,253.70862,9
724,159.79634,9
725,7.25923,9
726,55.744465,9
727,91.63082,9
728,137.79892,9
729,182.28075,9
730,108.86628,9
731,74.29499,9
732,72.55419,9
733,48.386387,9
734,48.925175,9
735,90.241646,9
736,95.78494,9
737,83.154335,9
738,219.7057,9
739,61.3482,9
740,190.88017,9
741,43.069054,9
742,98.912445,9
743,47.668743,9
744,49.995647,9
745,132.87593,9
746,111.67714,9
747,8.962053,9
748,83.313866,9
749,85.511696,9
750,138.87895,9
751,78.20985,9
752,131.69196,9
753,126.72616,9
754,-45.13028,9
755,99.49882,9
756,120.19051,9
757,76.18905,9
758,117.46053,9
759,92.04132,9
760,99.751564,9
761,58.66251,9
762,93.82523,9
763,-133.61195,9
764,196.30687,9
765,167.59363,9
766,87.08071,9
767,75.556854,9
768,43.72085,9
769,103.97972,9
770,23.250338,9
771,64.05183,9
772,32.347393,9
773,129.398,9
774,17.59347,9
775,69.93763,9
776,62.834232,9
777,65.135025,9
778,129.74683,9
779,89.786705,9
780,157.16222,9
781,25.513742,9
782,102.09175,9
783,56.879898,9
784,115.96237,9
785,62.680164,9
786,-35.15924,9
787,110.64112,9
788,118.55033,9
789,68.51165,9
790,111.496346,9
791,107.08833,9
792,68.676796,9
793,68.123665,9
794,130.11703,9
795,132.76546,9
796,70.07846,9
797,92.06806,9
798,122.55048,9
799,84.51633,9
