Image,Value,Label
0,255.36574,0
1,-14.467477,0
2,-3.7295513,0
3,70.02257,0
4,-98.360306,0
5,-30.605787,0
6,-74.14962,0
7,46.433956,0
8,69.102135,0
9,-67.05172,0
10,13.361018,0
11,15.434256,0
12,151.79796,0
13,100.56633,0
14,115.85727,0
15,-23.481691,0
16,-135.6109,0
17,27.655107,0
18,98.76443,0
19,54.78646,0
20,74.81099,0
21,-1.1921959,0
22,84.04236,0
23,3.3359027,0
24,222.25075,0
25,47.398518,0
26,149.61832,0
27,6.7902985,0
28,52.753963,0
29,43.63002,0
30,23.916145,0
31,117.73439,0
32,98.60178,0
33,104.72723,0
34,46.78805,0
35,-49.819386,0
36,75.2591,0
37,68.691864,0
38,34.037846,0
39,-38.56451,0
40,119.287125,0
41,67.90118,0
42,14.102718,0
43,-16.181667,0
44,51.255833,0
45,162.17181,0
46,5.042996,0
47,94.84673,0
48,-41.12156,0
49,33.798367,0
50,28.246754,0
51,-8.236457,0
52,67.61426,0
53,-52.491905,0
54,108.901596,0
55,138.4543,0
56,-43.11514,0
57,60.37852,0
58,212.51347,0
59,-107.65306,0
60,24.887938,0
61,83.339584,0
62,81.77744,0
63,105.58473,0
64,67.72971,0
65,218.98682,0
66,111.12927,0
67,137.35664,0
68,8.788404,0
69,111.85521,0
70,142.19853,0
71,137.62137,0
72,132.83102,0
73,76.67787,0
74,12.499677,0
75,153.60674,0
76,-95.28917,0
77,168.03917,0
78,171.18791,0
79,213.90096,0
80,22.52424,1
81,15.079086,1
82,-19.655703,1
83,-45.169884,1
84,23.180634,1
85,-4.4404926,1
86,-26.398954,1
87,4.609503,1
88,-2.9258995,1
89,4.0359364,1
90,-23.507582,1
91,19.725,1
92,-31.094515,1
93,52.802258,1
94,113.87634,1
95,29.310379,1
96,42.227932,1
97,3.7472267,1
98,-4.6857376,1
99,-23.430437,1
100,-19.989988,1
101,30.315933,1
102,44.588604,1
103,9.824947,1
104,-3.123228,1
105,-23.4107,1
106,-13.529598,1
107,62.28404,1
108,2.792286,1
109,38.07703,1
110,36.35374,1
111,3.2467785,1
112,19.564362,1
113,33.931038,1
114,49.60542,1
115,-15.154873,1
116,14.590748,1
117,15.170509,1
118,22.293135,1
119,27.001442,1
120,0.5957308,1
121,9.2682495,1
122,-61.366673,1
123,-25.675117,1
124,-41.22343,1
125,23.173021,1
126,-3.5270195,1
127,-22.320362,1
128,12.1535225,1
129,14.994198,1
130,65.727905,1
131,29.742285,1
132,46.13451,1
133,3.7521706,1
134,-3.6276703,1
135,16.784916,1
136,24.146091,1
137,-16.387962,1
138,-13.046188,1
139,-35.483303,1
140,-31.638535,1
141,-16.204582,1
142,9.94264,1
143,14.194274,1
144,-10.868756,1
145,65.77983,1
146,8.73545,1
147,-6.3244014,1
148,-38.99776,1
149,37.65418,1
150,40.51838,1
151,-17.91418,1
152,70.78239,1
153,38.71874,1
154,-37.63712,1
155,72.16112,1
156,-42.51289,1
157,17.637207,1
158,-27.168709,1
159,-63.648834,1
160,93.992035,2
161,-24.536781,2
162,19.414282,2
163,24.551167,2
164,74.56151,2
165,-12.499426,2
166,4.488022,2
167,100.717415,2
168,82.01915,2
169,-21.128483,2
170,96.801895,2
171,-93.4567,2
172,43.891003,2
173,-96.950645,2
174,99.04525,2
175,-46.73714,2
176,68.04202,2
177,80.224724,2
178,82.98433,2
179,58.20171,2
180,13.534846,2
181,-42.694798,2
182,76.378654,2
183,60.067616,2
184,67.5701,2
185,12.726248,2
186,98.41524,2
187,33.815365,2
188,57.68816,2
189,-12.367037,2
190,57.54894,2
191,4.1703224,2
192,-14.287759,2
193,112.212906,2
194,21.659533,2
195,44.836857,2
196,92.09689,2
197,-39.449703,2
198,6.5922174,2
199,83.95772,2
200,-19.388367,2
201,61.015507,2
202,22.64706,2
203,117.44438,2
204,138.99019,2
205,20.755886,2
206,-10.523488,2
207,225.37808,2
208,19.817131,2
209,46.159737,2
210,82.29023,2
211,60.22844,2
212,-37.97269,2
213,-15.403316,2
214,-44.08031,2
215,-52.797398,2
216,70.2841,2
217,-17.342293,2
218,104.52831,2
219,34.132732,2
220,126.27043,2
221,15.352286,2
222,52.044544,2
223,36.502712,2
224,114.77493,2
225,85.53012,2
226,171.43295,2
227,71.24407,2
228,59.923832,2
229,25.998888,2
230,118.02883,2
231,37.34279,2
232,-41.239777,2
233,99.52799,2
234,33.55402,2
235,139.43886,2
236,-4.26985,2
237,62.70926,2
238,-24.60808,2
239,-52.404438,2
240,-127.713646,3
241,29.502739,3
242,41.10511,3
243,-18.732868,3
244,20.5741,3
245,79.47775,3
246,-48.96487,3
247,15.793459,3
248,-161.24872,3
249,99.500114,3
250,-138.00151,3
251,-119.057846,3
252,2.9548092,3
253,-121.94242,3
254,42.351234,3
255,-9.668715,3
256,39.003353,3
257,-40.993023,3
258,-30.38358,3
259,-6.135908,3
260,86.53911,3
261,-85.23947,3
262,-33.664845,3
263,-3.4997215,3
264,46.361958,3
265,53.90128,3
266,-154.71269,3
267,-23.099438,3
268,197.78087,3
269,124.757065,3
270,36.59179,3
271,-31.061172,3
272,-99.40413,3
273,-90.074844,3
274,-2.1046352,3
275,6.922719,3
276,59.802807,3
277,15.898824,3
278,97.17289,3
279,-15.661777,3
280,-45.989674,3
281,14.387222,3
282,75.34961,3
283,-120.03563,3
284,17.401937,3
285,51.215252,3
286,-21.578156,3
287,-132.30045,3
288,41.210335,3
289,29.714657,3
290,19.391161,3
291,33.99292,3
292,-15.053311,3
293,21.72043,3
294,-0.072706245,3
295,72.194305,3
296,124.787674,3
297,114.03595,3
298,-169.37254,3
299,36.68623,3
300,-17.997042,3
301,-95.00337,3
302,-88.45747,3
303,-47.423454,3
304,-112.81604,3
305,-38.19302,3
306,-36.56647,3
307,-64.273056,3
308,81.96813,3
309,63.93394,3
310,63.718735,3
311,-112.17281,3
312,11.401535,3
313,-3.8145752,3
314,-15.991398,3
315,-82.85598,3
316,20.221565,3
317,73.301765,3
318,-195.64517,3
319,232.44685,3
320,101.18013,4
321,12.507494,4
322,-4.738039,4
323,40.23052,4
324,32.223133,4
325,43.9669,4
326,79.44479,4
327,-50.67416,4
328,-6.8164244,4
329,-0.47478965,4
330,7.241514,4
331,7.214099,4
332,10.771379,4
333,-23.861479,4
334,-4.3113413,4
335,-18.74596,4
336,-16.083023,4
337,42.963436,4
338,8.762083,4
339,18.362598,4
340,-29.095337,4
341,18.015732,4
342,16.923748,4
343,43.544327,4
344,16.566208,4
345,56.785496,4
346,-8.782742,4
347,61.687344,4
348,18.313408,4
349,-1.9769468,4
350,20.17601,4
351,-22.529425,4
352,102.88076,4
353,49.99065,4
354,64.147316,4
355,-9.518394,4
356,134.01051,4
357,-5.63948,4
358,77.243164,4
359,-26.531326,4
360,1.6172724,4
361,10.17208,4
362,44.913,4
363,47.612057,4
364,50.78497,4
365,52.46617,4
366,62.309593,4
367,50.471348,4
368,66.261154,4
369,70.434204,4
370,48.472656,4
371,43.20948,4
372,-0.7823334,4
373,10.41112,4
374,45.005054,4
375,12.295647,4
376,45.05265,4
377,27.90157,4
378,20.962948,4
379,46.36777,4
380,10.710397,4
381,12.525036,4
382,-19.68433,4
383,16.338837,4
384,118.14236,4
385,79.210945,4
386,-31.375053,4
387,-8.817091,4
388,61.592503,4
389,65.22524,4
390,6.1376066,4
391,14.284857,4
392,23.309046,4
393,7.0142746,4
394,-1.282505,4
395,-5.0622272,4
396,97.52678,4
397,33.914112,4
398,64.6648,4
399,36.466152,4
400,170.75923,5
401,50.575882,5
402,20.242525,5
403,2.618885,5
404,-8.707951,5
405,35.14207,5
406,55.48025,5
407,36.742535,5
408,47.090687,5
409,10.774983,5
410,53.59517,5
411,-39.799038,5
412,31.728045,5
413,49.054966,5
414,43.649628,5
415,43.29661,5
416,86.28546,5
417,57.634285,5
418,79.35026,5
419,19.427702,5
420,60.814,5
421,65.43637,5
422,60.253918,5
423,7.7057686,5
424,31.108364,5
425,77.2478,5
426,-63.70682,5
427,-64.686584,5
428,-21.435667,5
429,-38.85977,5
430,9.775114,5
431,-87.14723,5
432,-65.33569,5
433,64.60855,5
434,-17.886189,5
435,-8.826567,5
436,5.623333,5
437,-37.43351,5
438,67.45825,5
439,73.131325,5
440,8.171234,5
441,22.071629,5
442,-25.504255,5
443,-67.59361,5
444,110.76887,5
445,63.06065,5
446,-24.369698,5
447,-67.18319,5
448,78.428276,5
449,46.752384,5
450,-29.772898,5
451,15.583711,5
452,-52.897594,5
453,19.249329,5
454,58.517563,5
455,21.433247,5
456,158.27525,5
457,2.2471256,5
458,16.412294,5
459,-56.675957,5
460,-1.9256077,5
461,25.323952,5
462,-33.91377,5
463,35.061077,5
464,-35.022182,5
465,-52.846817,5
466,53.53813,5
467,61.402027,5
468,-57.538563,5
469,26.807655,5
470,-70.25758,5
471,94.65805,5
472,26.224453,5
473,-18.066841,5
474,43.95827,5
475,-17.976425,5
476,35.176697,5
477,46.880558,5
478,-2.1388206,5
479,-9.976612,5
480,70.166046,6
481,152.49113,6
482,117.217606,6
483,83.21893,6
484,41.185303,6
485,90.65878,6
486,66.96305,6
487,68.25241,6
488,154.44368,6
489,136.1052,6
490,35.33097,6
491,62.69944,6
492,53.197422,6
493,85.50078,6
494,119.73528,6
495,106.12692,6
496,60.901707,6
497,68.0705,6
498,130.10541,6
499,403.92337,6
500,72.21361,6
501,141.93855,6
502,51.40862,6
503,117.24826,6
504,93.76919,6
505,190.7288,6
506,181.25574,6
507,198.92644,6
508,174.6689,6
509,150.26302,6
510,138.4962,6
511,108.522354,6
512,150.64578,6
513,66.95634,6
514,25.204182,6
515,108.12048,6
516,148.90295,6
517,17.319212,6
518,41.22761,6
519,40.341663,6
520,96.11665,6
521,91.51068,6
522,135.16324,6
523,11.706262,6
524,192.02505,6
525,55.944935,6
526,134.82768,6
527,37.44237,6
528,122.32489,6
529,56.728764,6
530,68.33733,6
531,112.627335,6
532,221.2849,6
533,34.44984,6
534,159.93047,6
535,93.69792,6
536,97.82263,6
537,78.62924,6
538,59.94353,6
539,60.172115,6
540,174.0365,6
541,40.09032,6
542,10.234652,6
543,46.390507,6
544,135.37126,6
545,54.516926,6
546,93.38006,6
547,153.35733,6
548,130.61507,6
549,59.517124,6
550,118.1464,6
551,139.77794,6
552,76.96936,6
553,107.26305,6
554,75.72767,6
555,85.456154,6
556,59.47262,6
557,252.76714,6
558,211.6315,6
559,37.337162,6
560,44.784065,7
561,-6.433502,7
562,-12.331548,7
563,-2.5325394,7
564,0.9158764,7
565,5.86738,7
566,33.976746,7
567,-8.676144,7
568,53.7954,7
569,35.955833,7
570,54.92372,7
571,-18.013538,7
572,-2.3507595,7
573,2.298119,7
574,-25.871056,7
575,-11.374837,7
576,56.928158,7
577,-33.079502,7
578,5.2701635,7
579,4.8728046,7
580,24.522827,7
581,-1.8279476,7
582,-23.339983,7
583,62.355373,7
584,71.81902,7
585,62.300205,7
586,122.59573,7
587,-5.4853563,7
588,-59.004116,7
589,116.76575,7
590,191.08752,7
591,7.054844,7
592,-2.3694715,7
593,68.7556,7
594,11.717325,7
595,25.275085,7
596,126.08162,7
597,19.901077,7
598,18.154583,7
599,81.651115,7
600,28.845379,7
601,-23.037241,7
602,111.311966,7
603,12.550491,7
604,65.24236,7
605,39.020515,7
606,8.231274,7
607,167.12022,7
608,0.5011616,7
609,21.326591,7
610,48.323944,7
611,115.90839,7
612,73.36171,7
613,48.800045,7
614,52.54442,7
615,-6.7907085,7
616,15.93577,7
617,19.107147,7
618,3.3511505,7
619,270.76028,7
620,40.586872,7
621,20.23886,7
622,37.51015,7
623,33.639736,7
624,6.4527283,7
625,115.24368,7
626,-22.027653,7
627,-17.851551,7
628,-19.939907,7
629,11.8840475,7
630,23.427195,7
631,25.680407,7
632,51.937096,7
633,0.5852566,7
634,94.71591,7
635,3.529255,7
636,33.22725,7
637,50.650906,7
638,29.700176,7
639,-44.941353,7
640,111.98425,8
641,74.34913,8
642,90.65245,8
643,36.114414,8
644,45.365917,8
645,5.479207,8
646,46.944134,8
647,-0.83256435,8
648,43.13407,8
649,56.065937,8
650,30.688366,8
651,65.83435,8
652,56.06676,8
653,101.156296,8
654,93.34849,8
655,-26.651825,8
656,82.57716,8
657,93.70028,8
658,26.968859,8
659,207.60625,8
660,-23.452436,8
661,152.29582,8
662,-1.9681673,8
663,84.99614,8
664,103.370514,8
665,69.28433,8
666,149.93732,8
667,42.86832,8
668,18.311262,8
669,71.58707,8
670,85.08449,8
671,-7.6232605,8
672,111.44384,8
673,180.03255,8
674,4.4745903,8
675,-6.352844,8
676,228.89177,8
677,113.67723,8
678,39.700523,8
679,131.14345,8
680,70.06629,8
681,93.39776,8
682,77.51807,8
683,129.70566,8
684,-113.51733,8
685,67.14071,8
686,0.93188,8
687,125.91239,8
688,-12.408269,8
689,102.29052,8
690,92.623314,8
691,85.3082,8
692,-63.52455,8
693,141.5779,8
694,126.27432,8
695,67.6104,8
696,66.905815,8
697,-57.96397,8
698,32.341618,8
699,59.878025,8
700,77.21768,8
701,-7.370058,8
702,91.56674,8
703,70.83712,8
704,31.977734,8
705,112.70042,8
706,-22.734077,8
707,44.56182,8
708,29.739227,8
709,8.6728945,8
710,17.83766,8
711,38.879276,8
712,87.241585,8
713,98.65405,8
714,39.314976,8
715,9.21637,8
716,92.5616,8
717,70.678925,8
718,63.898087,8
719,38.773018,8
720,-2.573988,9
721,-13.99703,9
722,35.937542,9
723,11.849972,9
724,29.408695,9
725,54.369846,9
726,-26.546928,9
727,52.577698,9
728,27.93808,9
729,77.89423,9
730,62.38522,9
731,32.791725,9
732,63.170204,9
733,47.26518,9
734,-19.471973,9
735,5.825654,9
736,8.364321,9
737,94.14391,9
738,82.24719,9
739,-36.266747,9
740,33.684727,9
741,20.727379,9
742,86.569824,9
743,51.412777,9
744,19.23144,9
745,15.316596,9
746,11.5894375,9
747,6.496031,9
748,-13.4234915,9
749,75.07639,9
750,13.330703,9
751,58.55564,9
752,37.864944,9
753,-4.0442505,9
754,-117.8024,9
755,26.510859,9
756,-8.365027,9
757,22.790833,9
758,65.29312,9
759,38.671955,9
760,-6.9906197,9
761,42.13399,9
762,-65.95131,9
763,0.8022771,9
764,29.973425,9
765,24.69629,9
766,4.1930094,9
767,105.03652,9
768,-14.090111,9
769,-6.430441,9
770,21.065891,9
771,2.183322,9
772,-34.839355,9
773,54.06747,9
774,26.985064,9
775,-10.309265,9
776,22.316227,9
777,-16.32098,9
778,-8.24633,9
779,54.903633,9
780,42.46593,9
781,6.379439,9
782,34.099834,9
783,17.560448,9
784,67.3733,9
785,-2.6264076,9
786,3.664474,9
787,22.140656,9
788,23.410885,9
789,-23.5319,9
790,30.693357,9
791,59.21555,9
792,52.981632,9
793,35.365917,9
794,13.12204,9
795,78.49954,9
796,76.70849,9
797,12.076289,9
798,30.155537,9
799,19.349476,9
