Image,Value,Label
0,78.09431,0
1,49.527466,0
2,31.17424,0
3,-55.63588,0
4,92.12768,0
5,121.55894,0
6,110.47913,0
7,70.26025,0
8,59.588642,0
9,-12.650437,0
10,124.713005,0
11,-50.473843,0
12,145.88257,0
13,117.46273,0
14,55.64646,0
15,3.4821587,0
16,73.5027,0
17,27.630075,0
18,113.69686,0
19,-49.485435,0
20,69.52374,0
21,64.70774,0
22,-22.51109,0
23,48.688026,0
24,54.892403,0
25,20.813828,0
26,78.645424,0
27,93.15587,0
28,24.457779,0
29,54.49449,0
30,167.31468,0
31,-64.93084,0
32,50.705696,0
33,-110.845436,0
34,111.75263,0
35,37.726364,0
36,99.87327,0
37,-77.119896,0
38,145.56427,0
39,-70.126396,0
40,93.829185,0
41,103.595604,0
42,185.72534,0
43,83.49536,0
44,72.63425,0
45,-111.27848,0
46,58.34723,0
47,108.86775,0
48,65.95768,0
49,56.009644,0
50,-32.41423,0
51,99.27926,0
52,85.697136,0
53,45.079018,0
54,-30.02182,0
55,-95.1082,0
56,106.111015,0
57,31.472897,0
58,-31.47144,0
59,166.42064,0
60,-17.399818,0
61,115.879776,0
62,99.37682,0
63,-67.53193,0
64,86.01187,0
65,-72.10624,0
66,100.78336,0
67,71.638725,0
68,71.91581,0
69,-65.193405,0
70,-103.00997,0
71,-104.171394,0
72,142.968,0
73,188.35857,0
74,117.28448,0
75,94.75536,0
76,32.31457,0
77,202.19838,0
78,101.79745,0
79,39.15693,0
80,34.992973,1
81,-50.011948,1
82,21.200731,1
83,-23.117434,1
84,51.563004,1
85,50.68364,1
86,-24.79206,1
87,-13.263272,1
88,17.151339,1
89,135.29964,1
90,-28.186827,1
91,-3.9810476,1
92,87.58625,1
93,89.64798,1
94,108.19897,1
95,-28.777206,1
96,96.38685,1
97,24.883919,1
98,-16.24995,1
99,41.51336,1
100,1.4226714,1
101,26.63916,1
102,145.80836,1
103,14.610524,1
104,-9.999791,1
105,2.8152294,1
106,161.81004,1
107,93.849915,1
108,45.547817,1
109,17.364017,1
110,138.22713,1
111,14.767713,1
112,58.769836,1
113,67.60965,1
114,68.08675,1
115,25.693535,1
116,60.75174,1
117,12.706519,1
118,71.47521,1
119,39.284172,1
120,20.435963,1
121,9.462979,1
122,61.52139,1
123,7.1184874,1
124,31.442337,1
125,4.769511,1
126,82.39775,1
127,7.096467,1
128,60.922585,1
129,24.275412,1
130,59.160378,1
131,21.615452,1
132,13.037175,1
133,29.324715,1
134,5.529317,1
135,17.356087,1
136,-30.714241,1
137,-29.625153,1
138,91.180275,1
139,-7.779729,1
140,-35.992092,1
141,-37.315346,1
142,139.38103,1
143,66.21058,1
144,103.217995,1
145,72.93926,1
146,-4.3044147,1
147,38.244576,1
148,1.3180038,1
149,120.9116,1
150,90.16232,1
151,165.14842,1
152,117.30512,1
153,63.445282,1
154,30.622984,1
155,91.033745,1
156,265.52304,1
157,-6.2034235,1
158,-32.463917,1
159,0.5220405,1
160,94.23156,2
161,114.404274,2
162,90.59263,2
163,153.79034,2
164,196.7448,2
165,149.0518,2
166,91.15449,2
167,421.38214,2
168,64.56127,2
169,130.28476,2
170,34.579525,2
171,175.09882,2
172,41.3341,2
173,115.27181,2
174,223.45906,2
175,194.70753,2
176,26.108305,2
177,45.97525,2
178,43.975845,2
179,52.39652,2
180,11.20379,2
181,191.54176,2
182,160.70467,2
183,153.8568,2
184,235.86436,2
185,229.80458,2
186,42.883293,2
187,1.2352706,2
188,83.622444,2
189,1.6553785,2
190,-4.685747,2
191,86.69731,2
192,100.54619,2
193,271.8258,2
194,92.252235,2
195,55.932343,2
196,187.57823,2
197,39.235832,2
198,127.682106,2
199,236.22102,2
200,113.45973,2
201,312.47412,2
202,0.893325,2
203,147.51952,2
204,88.324486,2
205,41.599846,2
206,163.23756,2
207,231.0255,2
208,131.25049,2
209,184.27974,2
210,51.652573,2
211,154.40239,2
212,344.466,2
213,207.73668,2
214,62.33725,2
215,77.388824,2
216,169.19864,2
217,-50.970177,2
218,235.1636,2
219,282.63794,2
220,141.0919,2
221,180.96474,2
222,158.26439,2
223,137.96141,2
224,87.166626,2
225,283.58353,2
226,307.56293,2
227,134.72612,2
228,109.44505,2
229,158.94392,2
230,114.40218,2
231,72.06656,2
232,30.761269,2
233,399.7016,2
234,174.94997,2
235,131.55093,2
236,185.91339,2
237,347.19315,2
238,51.701958,2
239,70.266785,2
240,225.92189,3
241,163.00862,3
242,63.24723,3
243,44.519566,3
244,262.3047,3
245,218.08003,3
246,292.99182,3
247,112.189125,3
248,145.66338,3
249,130.78265,3
250,197.27077,3
251,124.61925,3
252,193.16722,3
253,112.14924,3
254,175.2757,3
255,157.37091,3
256,27.9525,3
257,132.94624,3
258,203.08156,3
259,282.20526,3
260,303.18198,3
261,200.59987,3
262,183.73454,3
263,167.77867,3
264,60.62642,3
265,252.40535,3
266,186.06715,3
267,165.25015,3
268,206.9352,3
269,118.26641,3
270,122.10251,3
271,215.18138,3
272,122.944115,3
273,83.054375,3
274,145.40611,3
275,122.21783,3
276,228.95958,3
277,114.61487,3
278,121.356514,3
279,80.04617,3
280,134.64207,3
281,236.21799,3
282,320.01746,3
283,119.58231,3
284,92.9939,3
285,68.78531,3
286,242.75189,3
287,303.5185,3
288,217.15334,3
289,278.4647,3
290,164.9824,3
291,144.9539,3
292,138.3827,3
293,66.248245,3
294,113.32828,3
295,84.5787,3
296,133.65518,3
297,137.13368,3
298,32.85295,3
299,107.81751,3
300,293.3119,3
301,187.13707,3
302,69.7976,3
303,65.26417,3
304,-83.08255,3
305,97.34574,3
306,129.70087,3
307,77.72605,3
308,31.620323,3
309,176.53503,3
310,320.52127,3
311,21.233322,3
312,129.60208,3
313,23.164055,3
314,146.13408,3
315,43.342148,3
316,62.37671,3
317,178.34377,3
318,166.35274,3
319,107.41731,3
320,150.6699,4
321,115.45314,4
322,77.126465,4
323,137.34695,4
324,121.05016,4
325,98.54771,4
326,161.6259,4
327,117.304405,4
328,186.44907,4
329,37.51249,4
330,99.25588,4
331,129.89583,4
332,147.54292,4
333,92.13006,4
334,66.18537,4
335,136.32503,4
336,59.40125,4
337,202.43774,4
338,152.23314,4
339,115.25099,4
340,123.62125,4
341,52.883076,4
342,214.54497,4
343,110.15821,4
344,101.63604,4
345,133.95964,4
346,77.187706,4
347,88.155556,4
348,130.77507,4
349,73.128296,4
350,132.74556,4
351,103.214775,4
352,239.0807,4
353,104.246124,4
354,75.83606,4
355,100.396736,4
356,123.630806,4
357,46.971996,4
358,118.15977,4
359,54.491615,4
360,134.53633,4
361,111.6706,4
362,119.71984,4
363,35.43055,4
364,113.75003,4
365,90.05246,4
366,117.22791,4
367,121.850136,4
368,197.83525,4
369,39.408463,4
370,84.444595,4
371,150.8101,4
372,54.971436,4
373,28.467531,4
374,188.78679,4
375,121.97942,4
376,105.305984,4
377,95.16591,4
378,181.87447,4
379,122.38679,4
380,142.6013,4
381,97.88505,4
382,54.077503,4
383,85.48404,4
384,64.44252,4
385,127.17849,4
386,109.29975,4
387,159.91911,4
388,70.69119,4
389,73.03118,4
390,85.408226,4
391,89.44438,4
392,115.59687,4
393,205.00893,4
394,54.51583,4
395,132.39456,4
396,128.38362,4
397,144.9724,4
398,159.08075,4
399,47.701916,4
400,129.74344,5
401,203.03273,5
402,93.25112,5
403,78.73723,5
404,144.46777,5
405,154.15508,5
406,117.687,5
407,269.85815,5
408,172.98209,5
409,130.25378,5
410,235.35497,5
411,228.42792,5
412,27.36782,5
413,138.49446,5
414,313.53778,5
415,112.13357,5
416,308.05383,5
417,130.0261,5
418,139.31377,5
419,119.594635,5
420,291.3158,5
421,313.05658,5
422,161.33064,5
423,276.0747,5
424,99.37357,5
425,87.74874,5
426,158.80486,5
427,417.22882,5
428,265.05414,5
429,206.05225,5
430,213.83546,5
431,216.8745,5
432,295.488,5
433,153.90761,5
434,202.80037,5
435,308.07446,5
436,-23.777561,5
437,202.99785,5
438,105.09065,5
439,39.0817,5
440,134.38908,5
441,262.40942,5
442,298.73895,5
443,152.97954,5
444,32.99803,5
445,291.9367,5
446,240.69252,5
447,87.33145,5
448,386.12143,5
449,145.05833,5
450,101.91828,5
451,87.374725,5
452,160.8066,5
453,209.2823,5
454,109.79746,5
455,240.3608,5
456,188.67348,5
457,146.14052,5
458,119.50742,5
459,195.6328,5
460,192.91704,5
461,241.35585,5
462,116.97883,5
463,228.78835,5
464,50.33458,5
465,115.39535,5
466,245.00334,5
467,24.030598,5
468,241.99559,5
469,293.19177,5
470,231.58742,5
471,225.8674,5
472,279.60196,5
473,146.13295,5
474,208.89842,5
475,76.014534,5
476,302.0268,5
477,109.63498,5
478,103.12759,5
479,376.00134,5
480,142.56606,6
481,131.85167,6
482,232.33905,6
483,191.96175,6
484,115.77683,6
485,254.7337,6
486,192.92409,6
487,279.44232,6
488,304.15887,6
489,91.7028,6
490,96.9539,6
491,155.04594,6
492,2.7713623,6
493,197.41164,6
494,166.95142,6
495,169.10498,6
496,212.85858,6
497,217.26286,6
498,74.322556,6
499,130.77928,6
500,174.52946,6
501,158.25298,6
502,157.63622,6
503,183.16144,6
504,202.35765,6
505,225.9559,6
506,132.16827,6
507,183.458,6
508,210.59096,6
509,208.53514,6
510,68.28229,6
511,290.00024,6
512,161.05608,6
513,272.25122,6
514,73.49308,6
515,117.357315,6
516,198.80295,6
517,96.482216,6
518,147.84279,6
519,128.8144,6
520,269.00134,6
521,232.50928,6
522,140.364,6
523,145.51648,6
524,150.07758,6
525,133.3395,6
526,129.00584,6
527,236.91258,6
528,216.34789,6
529,195.1014,6
530,99.146645,6
531,163.35138,6
532,252.82234,6
533,119.92397,6
534,125.48364,6
535,202.38045,6
536,150.57849,6
537,234.52565,6
538,175.79768,6
539,151.78319,6
540,154.14914,6
541,116.38201,6
542,99.19073,6
543,188.56004,6
544,103.50887,6
545,181.31288,6
546,228.94476,6
547,100.92433,6
548,167.1027,6
549,153.97153,6
550,143.8239,6
551,46.996277,6
552,179.29518,6
553,210.93788,6
554,122.231834,6
555,200.7574,6
556,200.97404,6
557,128.67137,6
558,96.99724,6
559,65.18054,6
560,18.378601,7
561,17.841354,7
562,96.051704,7
563,36.07363,7
564,-4.68021,7
565,52.472687,7
566,37.36915,7
567,-27.536871,7
568,19.961552,7
569,101.22572,7
570,9.063407,7
571,74.27209,7
572,14.577521,7
573,-1.9607781,7
574,91.86033,7
575,18.862896,7
576,39.83889,7
577,46.607777,7
578,134.78703,7
579,37.353516,7
580,54.85222,7
581,6.449624,7
582,39.843613,7
583,-2.9497156,7
584,-22.546272,7
585,33.655346,7
586,-19.458424,7
587,25.499552,7
588,-5.6084175,7
589,-8.905134,7
590,4.16183,7
591,-2.7820826,7
592,96.35368,7
593,135.89131,7
594,-45.80448,7
595,119.02007,7
596,28.566153,7
597,167.05853,7
598,54.331017,7
599,71.87821,7
600,79.81404,7
601,115.65618,7
602,38.28268,7
603,35.305077,7
604,83.10971,7
605,13.820759,7
606,-5.1055155,7
607,-32.002357,7
608,-7.5512466,7
609,59.09732,7
610,73.368095,7
611,-8.705483,7
612,25.14767,7
613,67.603004,7
614,-17.553923,7
615,-0.352229,7
616,16.573189,7
617,35.985577,7
618,108.820496,7
619,-55.67218,7
620,129.97609,7
621,48.48575,7
622,45.679573,7
623,44.339058,7
624,45.52436,7
625,34.371773,7
626,24.971758,7
627,-11.660619,7
628,19.40746,7
629,61.577606,7
630,49.613213,7
631,46.638863,7
632,36.658245,7
633,-13.368453,7
634,-4.9963846,7
635,46.601135,7
636,7.984067,7
637,49.04435,7
638,15.143863,7
639,-10.611768,7
640,544.6295,8
641,280.31848,8
642,273.46136,8
643,167.30772,8
644,325.31586,8
645,102.73499,8
646,316.74054,8
647,250.62306,8
648,170.33095,8
649,244.17331,8
650,379.7453,8
651,258.40704,8
652,380.63428,8
653,503.45233,8
654,376.9034,8
655,326.48303,8
656,203.4018,8
657,268.70123,8
658,242.6453,8
659,408.58862,8
660,343.98444,8
661,342.2416,8
662,380.83914,8
663,394.18976,8
664,373.88275,8
665,182.63626,8
666,329.5697,8
667,196.19495,8
668,249.22963,8
669,350.703,8
670,373.9664,8
671,213.616,8
672,286.30353,8
673,339.44788,8
674,239.99788,8
675,303.8288,8
676,310.45044,8
677,271.2781,8
678,244.61748,8
679,334.45197,8
680,374.04416,8
681,391.6646,8
682,355.7369,8
683,328.73373,8
684,272.05054,8
685,167.7082,8
686,311.52966,8
687,545.9956,8
688,255.6984,8
689,192.20337,8
690,238.80309,8
691,430.7849,8
692,387.55078,8
693,410.97006,8
694,284.5844,8
695,173.10225,8
696,477.60767,8
697,187.31844,8
698,168.14288,8
699,270.67456,8
700,374.8731,8
701,194.14284,8
702,261.57407,8
703,219.0666,8
704,375.95364,8
705,248.89339,8
706,243.39879,8
707,200.75378,8
708,193.27647,8
709,356.14032,8
710,188.04137,8
711,241.5306,8
712,199.15546,8
713,188.86122,8
714,136.09782,8
715,272.43167,8
716,233.32574,8
717,286.39203,8
718,290.98068,8
719,162.70224,8
720,144.29648,9
721,183.86595,9
722,100.263596,9
723,314.70013,9
724,141.2188,9
725,88.5855,9
726,135.88608,9
727,132.4031,9
728,160.77292,9
729,113.63649,9
730,121.146965,9
731,120.869225,9
732,172.55116,9
733,156.11732,9
734,110.39948,9
735,143.22185,9
736,161.12044,9
737,169.1268,9
738,227.87764,9
739,193.89742,9
740,138.41402,9
741,200.0352,9
742,66.313736,9
743,198.45152,9
744,98.10661,9
745,175.7879,9
746,64.71781,9
747,134.54195,9
748,117.56111,9
749,141.82225,9
750,160.48026,9
751,138.61029,9
752,288.5377,9
753,118.63479,9
754,234.6415,9
755,108.979256,9
756,195.86519,9
757,156.74875,9
758,179.47801,9
759,97.808815,9
760,112.7893,9
761,219.31792,9
762,196.88707,9
763,92.37152,9
764,198.16687,9
765,145.71524,9
766,157.76877,9
767,188.05287,9
768,81.33572,9
769,109.58428,9
770,90.53449,9
771,74.68609,9
772,131.95222,9
773,70.05645,9
774,139.19296,9
775,156.07446,9
776,135.35362,9
777,106.04717,9
778,162.32823,9
779,129.51756,9
780,163.1556,9
781,96.816505,9
782,89.01507,9
783,150.39195,9
784,174.04156,9
785,195.16347,9
786,100.452545,9
787,110.18488,9
788,120.271576,9
789,141.24419,9
790,220.71184,9
791,88.84566,9
792,198.83015,9
793,190.51501,9
794,201.64192,9
795,129.92172,9
796,123.2205,9
797,112.35873,9
798,199.21625,9
799,80.39215,9
