Image,Value,Label
0,-287.2389,0
1,-124.60162,0
2,-207.81842,0
3,-251.609,0
4,-274.26282,0
5,-274.29984,0
6,-277.41122,0
7,-294.49036,0
8,-210.82408,0
9,-254.77562,0
10,-208.55626,0
11,-229.45518,0
12,-331.02786,0
13,-243.10739,0
14,-175.87431,0
15,-246.63957,0
16,-211.6904,0
17,-295.77417,0
18,-298.06674,0
19,-203.57527,0
20,-325.98938,0
21,-227.71786,0
22,-288.61612,0
23,-188.11078,0
24,-214.23485,0
25,-104.25655,0
26,-203.94691,0
27,-244.16866,0
28,-319.24564,0
29,-144.70328,0
30,-263.1039,0
31,-213.65929,0
32,-165.95186,0
33,-171.2481,0
34,-332.5975,0
35,-209.98006,0
36,-199.54005,0
37,-92.12425,0
38,-275.0092,0
39,-145.51006,0
40,-207.10268,0
41,-314.43323,0
42,-369.03363,0
43,-186.69286,0
44,-241.29866,0
45,-198.60378,0
46,-323.17877,0
47,-286.24796,0
48,-161.96046,0
49,-173.71635,0
50,-160.70375,0
51,-260.29416,0
52,-168.26122,0
53,-264.0246,0
54,-158.11617,0
55,-190.49849,0
56,-300.3942,0
57,-101.89438,0
58,-266.65216,0
59,-192.26483,0
60,-218.523,0
61,-207.46815,0
62,-188.53676,0
63,-285.037,0
64,-230.75993,0
65,-249.18857,0
66,-229.5055,0
67,-207.26988,0
68,-138.507,0
69,-173.76634,0
70,-204.54453,0
71,-219.02327,0
72,-227.14183,0
73,-414.15082,0
74,-318.55524,0
75,-216.12369,0
76,-280.76355,0
77,-352.65292,0
78,-164.95256,0
79,-148.5594,0
80,-70.67942,1
81,-15.333108,1
82,-25.328938,1
83,-7.9303474,1
84,-30.944365,1
85,-57.908306,1
86,28.080591,1
87,18.571836,1
88,21.927887,1
89,-124.18286,1
90,-18.494299,1
91,-37.09618,1
92,-78.721054,1
93,-127.58485,1
94,-102.32674,1
95,15.628655,1
96,-50.00255,1
97,-35.999214,1
98,-23.368555,1
99,-2.580919,1
100,5.555502,1
101,-32.731567,1
102,-136.03293,1
103,2.80774,1
104,-38.080536,1
105,-9.023149,1
106,-143.8384,1
107,-93.63287,1
108,-50.796066,1
109,-54.367447,1
110,-137.32295,1
111,-1.7993039,1
112,-85.523285,1
113,-103.72731,1
114,-72.77855,1
115,-45.794563,1
116,-30.41152,1
117,-11.063874,1
118,-106.602844,1
119,-41.535107,1
120,-46.438793,1
121,30.504652,1
122,-88.85097,1
123,-40.923836,1
124,-63.510456,1
125,-3.458649,1
126,-24.962503,1
127,-37.6876,1
128,-89.02163,1
129,25.309502,1
130,-56.938522,1
131,18.519672,1
132,19.078283,1
133,-51.23799,1
134,-17.501715,1
135,-41.365772,1
136,-46.16056,1
137,-40.331577,1
138,-72.71869,1
139,-1.987933,1
140,-4.4794483,1
141,-19.495722,1
142,-130.27138,1
143,-76.56601,1
144,-104.71193,1
145,-74.71172,1
146,-49.92559,1
147,-74.34144,1
148,-3.4363887,1
149,-123.89293,1
150,-115.20409,1
151,-185.99283,1
152,-119.66694,1
153,-110.20515,1
154,-19.679735,1
155,-103.95232,1
156,-219.3391,1
157,-18.263638,1
158,19.362255,1
159,-73.51691,1
160,-61.788204,2
161,-189.0718,2
162,-93.80909,2
163,-198.31183,2
164,-187.49648,2
165,-293.8352,2
166,-166.67119,2
167,-249.68794,2
168,-172.55426,2
169,-282.66223,2
170,-137.83122,2
171,-270.05328,2
172,-115.83859,2
173,-276.3908,2
174,-212.25095,2
175,-373.2262,2
176,-136.01994,2
177,-138.21855,2
178,-110.0992,2
179,-193.90852,2
180,-39.022587,2
181,-305.00427,2
182,-245.04292,2
183,-229.90956,2
184,-137.4718,2
185,-135.60457,2
186,-192.02763,2
187,-103.415405,2
188,-96.10399,2
189,-102.67303,2
190,-78.654884,2
191,-158.38225,2
192,-156.52293,2
193,-227.18375,2
194,-180.96558,2
195,-107.41612,2
196,-214.14748,2
197,-127.29574,2
198,-176.12273,2
199,-337.1787,2
200,-167.3006,2
201,-247.878,2
202,-84.58061,2
203,-301.4726,2
204,-120.08747,2
205,-129.76122,2
206,-189.28627,2
207,-301.3916,2
208,-240.74995,2
209,-365.77136,2
210,-207.86037,2
211,-322.01025,2
212,-251.58826,2
213,-239.91142,2
214,-139.67802,2
215,-232.83722,2
216,-147.40485,2
217,-110.15698,2
218,-219.85535,2
219,-275.46866,2
220,-227.09006,2
221,-351.47595,2
222,-143.1685,2
223,-145.57231,2
224,-110.012596,2
225,-227.24803,2
226,-313.4058,2
227,-177.71594,2
228,-89.94763,2
229,-191.4449,2
230,-154.4221,2
231,-171.12538,2
232,-152.45012,2
233,-284.97256,2
234,-168.40207,2
235,-168.1075,2
236,-139.33109,2
237,-203.42085,2
238,-140.16864,2
239,-162.71846,2
240,-255.74144,3
241,-117.28792,3
242,-117.03369,3
243,-110.46154,3
244,-228.54369,3
245,-180.5215,3
246,-263.0195,3
247,-121.10642,3
248,-199.3868,3
249,-141.71037,3
250,-241.9825,3
251,-151.5415,3
252,-170.23027,3
253,-141.50923,3
254,-162.188,3
255,-226.59897,3
256,-81.59903,3
257,-153.55568,3
258,-215.6787,3
259,-263.35425,3
260,-215.86925,3
261,-212.14134,3
262,-200.00789,3
263,-138.69673,3
264,-141.67842,3
265,-232.90071,3
266,-208.26788,3
267,-127.738365,3
268,-305.4796,3
269,-103.71405,3
270,-129.60112,3
271,-180.99095,3
272,-149.72438,3
273,-138.23996,3
274,-157.01341,3
275,-134.67682,3
276,-204.92178,3
277,-79.37928,3
278,-178.85962,3
279,-176.36809,3
280,-169.64696,3
281,-259.72412,3
282,-212.9669,3
283,-164.71217,3
284,-215.30472,3
285,-152.54895,3
286,-214.91376,3
287,-267.37274,3
288,-174.34547,3
289,-296.14484,3
290,-148.53957,3
291,-176.475,3
292,-180.47498,3
293,-158.6119,3
294,-189.6126,3
295,-175.62773,3
296,-199.39024,3
297,-163.152,3
298,-172.03775,3
299,-266.40164,3
300,-302.51785,3
301,-281.52545,3
302,-86.570694,3
303,-75.506,3
304,-154.81061,3
305,-100.42191,3
306,-120.33989,3
307,-80.76847,3
308,-79.68808,3
309,-245.67325,3
310,-342.43457,3
311,-106.857574,3
312,-189.54588,3
313,-80.43564,3
314,-184.14803,3
315,-182.41095,3
316,-31.129587,3
317,-225.9102,3
318,-190.0742,3
319,-178.25252,3
320,-213.67236,4
321,-141.9694,4
322,-191.52014,4
323,-199.46683,4
324,-258.5967,4
325,-144.08192,4
326,-235.97626,4
327,-144.39005,4
328,-240.95476,4
329,-102.166985,4
330,-241.0355,4
331,-182.88693,4
332,-203.70947,4
333,-207.94148,4
334,-116.18497,4
335,-167.84575,4
336,-99.5844,4
337,-262.46283,4
338,-201.41264,4
339,-167.3053,4
340,-288.88196,4
341,-112.61744,4
342,-276.72397,4
343,-162.36479,4
344,-183.29964,4
345,-163.45491,4
346,-84.189514,4
347,-238.98703,4
348,-99.92604,4
349,-152.38037,4
350,-179.61624,4
351,-190.29106,4
352,-240.7553,4
353,-142.20224,4
354,-194.11699,4
355,-167.92241,4
356,-227.73451,4
357,-191.96507,4
358,-173.41933,4
359,-121.152374,4
360,-157.43764,4
361,-194.25575,4
362,-115.6708,4
363,-95.82311,4
364,-268.08875,4
365,-225.20424,4
366,-315.19556,4
367,-161.57202,4
368,-177.96837,4
369,-113.52786,4
370,-185.29579,4
371,-150.23347,4
372,-143.60318,4
373,-87.955505,4
374,-245.4933,4
375,-196.421,4
376,-122.36398,4
377,-146.33731,4
378,-223.77626,4
379,-130.8263,4
380,-243.02982,4
381,-163.4511,4
382,-149.41655,4
383,-112.97322,4
384,-226.7867,4
385,-170.3199,4
386,-162.49136,4
387,-165.70695,4
388,-162.56616,4
389,-198.52074,4
390,-191.46227,4
391,-110.129395,4
392,-166.75291,4
393,-244.45036,4
394,-94.52493,4
395,-191.44963,4
396,-196.84355,4
397,-135.26723,4
398,-223.9698,4
399,-212.43651,4
400,-115.23726,5
401,-136.6786,5
402,-162.2183,5
403,-178.98415,5
404,-177.94034,5
405,-197.04509,5
406,-203.44023,5
407,-188.60301,5
408,-189.6079,5
409,-153.64667,5
410,-226.11507,5
411,-152.59114,5
412,-47.18116,5
413,-135.10373,5
414,-269.19,5
415,-119.022354,5
416,-275.1023,5
417,-240.1367,5
418,-143.83171,5
419,-170.98041,5
420,-276.26202,5
421,-270.83557,5
422,-208.49168,5
423,-218.09639,5
424,-99.146286,5
425,-107.01698,5
426,-154.77791,5
427,-382.94464,5
428,-226.59908,5
429,-178.00516,5
430,-256.56622,5
431,-166.02367,5
432,-254.5916,5
433,-158.62462,5
434,-159.59659,5
435,-283.42627,5
436,-75.44677,5
437,-184.29259,5
438,-145.51169,5
439,-120.85646,5
440,-134.81668,5
441,-353.85516,5
442,-284.69073,5
443,-150.43715,5
444,-86.512115,5
445,-203.21759,5
446,-186.50322,5
447,-200.1113,5
448,-305.09482,5
449,-129.77776,5
450,-115.77004,5
451,-133.92757,5
452,-143.76363,5
453,-211.99994,5
454,-125.562,5
455,-213.27965,5
456,-202.04733,5
457,-188.5335,5
458,-158.12047,5
459,-185.40901,5
460,-166.08803,5
461,-263.07178,5
462,-210.53499,5
463,-234.72337,5
464,-133.84389,5
465,-94.31659,5
466,-253.2946,5
467,-105.29132,5
468,-180.44211,5
469,-256.22693,5
470,-212.3469,5
471,-210.79851,5
472,-254.76305,5
473,-181.45026,5
474,-170.32594,5
475,-161.28076,5
476,-268.3717,5
477,-77.96064,5
478,-168.31697,5
479,-329.35522,5
480,-120.09383,6
481,-178.19441,6
482,-186.89595,6
483,-177.59792,6
484,-82.66095,6
485,-201.86276,6
486,-291.51752,6
487,-330.55884,6
488,-304.23663,6
489,-191.1534,6
490,-140.57538,6
491,-124.835724,6
492,-116.62311,6
493,-175.91466,6
494,-193.631,6
495,-201.89037,6
496,-198.61606,6
497,-220.851,6
498,-177.28456,6
499,-302.83704,6
500,-189.97902,6
501,-142.40227,6
502,-168.86804,6
503,-170.45193,6
504,-199.33719,6
505,-263.42896,6
506,-211.92154,6
507,-199.81952,6
508,-241.18266,6
509,-274.63763,6
510,-187.39551,6
511,-234.98708,6
512,-178.62465,6
513,-227.07806,6
514,-95.421265,6
515,-130.75983,6
516,-187.371,6
517,-88.87549,6
518,-125.397125,6
519,-90.49463,6
520,-277.60956,6
521,-211.00966,6
522,-211.22823,6
523,-191.38454,6
524,-161.45625,6
525,-134.02863,6
526,-203.06697,6
527,-180.89081,6
528,-223.56496,6
529,-171.66997,6
530,-124.530685,6
531,-200.6791,6
532,-321.59708,6
533,-80.97565,6
534,-234.47328,6
535,-191.05803,6
536,-238.00743,6
537,-227.34773,6
538,-154.9083,6
539,-207.64595,6
540,-187.42549,6
541,-134.95251,6
542,-98.58342,6
543,-145.64307,6
544,-165.48433,6
545,-72.25445,6
546,-199.82466,6
547,-210.10175,6
548,-228.491,6
549,-167.92241,6
550,-251.35472,6
551,-182.03606,6
552,-174.91652,6
553,-170.5834,6
554,-236.74161,6
555,-193.76581,6
556,-163.70024,6
557,-157.40797,6
558,-234.30942,6
559,-150.67624,6
560,-82.36675,7
561,-64.864395,7
562,-85.157486,7
563,-114.13196,7
564,-116.21955,7
565,-142.94777,7
566,-196.2525,7
567,-81.917114,7
568,-57.659145,7
569,-152.93532,7
570,-157.17178,7
571,-118.87001,7
572,-103.03134,7
573,-154.52628,7
574,-131.8106,7
575,-52.391373,7
576,-124.40348,7
577,-123.29549,7
578,-142.81921,7
579,-99.71173,7
580,-123.295334,7
581,-88.15306,7
582,-68.27547,7
583,-101.316635,7
584,-47.82224,7
585,-84.10437,7
586,-61.319534,7
587,-116.995544,7
588,-72.509796,7
589,-43.827,7
590,-134.04224,7
591,-70.69243,7
592,-107.222404,7
593,-221.82164,7
594,-44.560677,7
595,-152.98482,7
596,-119.42644,7
597,-184.79839,7
598,-97.81108,7
599,-100.86295,7
600,-196.45735,7
601,-137.63571,7
602,-82.580986,7
603,-131.8303,7
604,-117.25812,7
605,-84.74857,7
606,-108.893585,7
607,-78.77803,7
608,-71.814606,7
609,-120.33409,7
610,-136.59978,7
611,-89.70268,7
612,-69.62533,7
613,-120.19973,7
614,-23.403585,7
615,-54.352303,7
616,-87.86945,7
617,-90.95239,7
618,-125.04129,7
619,-68.02785,7
620,-162.9269,7
621,-66.84108,7
622,-94.03125,7
623,-110.12601,7
624,-71.243195,7
625,-112.30051,7
626,-123.082535,7
627,-31.690271,7
628,-74.46837,7
629,-77.534775,7
630,-78.88077,7
631,-104.22664,7
632,-130.28976,7
633,-51.246895,7
634,-61.76501,7
635,-81.16441,7
636,-92.55588,7
637,-68.40407,7
638,-150.31613,7
639,-103.84044,7
640,-406.0879,8
641,-191.71623,8
642,-147.5345,8
643,-108.97249,8
644,-234.65065,8
645,-45.719856,8
646,-242.19188,8
647,-135.21393,8
648,-113.958824,8
649,-149.94142,8
650,-222.16605,8
651,-133.22179,8
652,-300.86328,8
653,-362.58023,8
654,-265.37573,8
655,-199.84166,8
656,-133.96245,8
657,-210.93076,8
658,-156.17754,8
659,-359.02155,8
660,-274.63947,8
661,-181.57866,8
662,-255.55873,8
663,-237.38899,8
664,-283.89966,8
665,-135.41887,8
666,-259.78235,8
667,-102.65968,8
668,-190.48087,8
669,-302.17255,8
670,-242.57109,8
671,-103.68271,8
672,-194.59378,8
673,-240.85861,8
674,-78.171906,8
675,-186.98698,8
676,-138.43442,8
677,-162.60173,8
678,-158.35205,8
679,-240.51003,8
680,-262.74948,8
681,-213.4084,8
682,-220.55608,8
683,-216.75377,8
684,-198.841,8
685,-166.10281,8
686,-217.42662,8
687,-338.80988,8
688,-216.43123,8
689,-143.40732,8
690,-214.6415,8
691,-308.64355,8
692,-238.97823,8
693,-321.6502,8
694,-233.06485,8
695,-81.32622,8
696,-340.03894,8
697,-79.647156,8
698,-153.19814,8
699,-219.3091,8
700,-231.40382,8
701,-132.45383,8
702,-168.23996,8
703,-143.72319,8
704,-205.26004,8
705,-176.2223,8
706,-217.41852,8
707,-175.06134,8
708,-53.65902,8
709,-258.42166,8
710,-121.8493,8
711,-84.18037,8
712,-170.62471,8
713,-181.17151,8
714,-115.59723,8
715,-170.69447,8
716,-218.6651,8
717,-205.10617,8
718,-199.18399,8
719,-129.92274,8
720,-168.34956,9
721,-207.11415,9
722,-146.03992,9
723,-278.98032,9
724,-135.39471,9
725,-90.14171,9
726,-94.660355,9
727,-161.92867,9
728,-152.4891,9
729,-148.99702,9
730,-203.3222,9
731,-94.716934,9
732,-199.56819,9
733,-176.45357,9
734,-115.09511,9
735,-121.95153,9
736,-155.9698,9
737,-228.9038,9
738,-240.07747,9
739,-217.09888,9
740,-166.3012,9
741,-232.64029,9
742,-195.40472,9
743,-193.49571,9
744,-161.6781,9
745,-223.08043,9
746,-79.86068,9
747,-129.15828,9
748,-83.1779,9
749,-128.73619,9
750,-202.34169,9
751,-152.43517,9
752,-293.16284,9
753,-146.9717,9
754,-334.12863,9
755,-133.428,9
756,-173.85109,9
757,-125.07153,9
758,-254.9699,9
759,-92.4015,9
760,-131.82831,9
761,-193.12027,9
762,-199.55885,9
763,-124.76919,9
764,-188.30667,9
765,-245.73576,9
766,-192.39708,9
767,-209.23184,9
768,-57.896095,9
769,-105.34468,9
770,-135.70027,9
771,-99.63033,9
772,-217.75458,9
773,-101.384766,9
774,-118.999344,9
775,-146.54997,9
776,-155.3909,9
777,-118.27675,9
778,-189.58519,9
779,-119.97096,9
780,-243.63004,9
781,-151.74527,9
782,-94.81355,9
783,-103.68283,9
784,-170.06435,9
785,-202.72765,9
786,-176.56914,9
787,-69.63559,9
788,-111.94347,9
789,-139.03339,9
790,-204.39638,9
791,-162.9776,9
792,-179.25171,9
793,-197.32527,9
794,-213.70836,9
795,-139.25401,9
796,-166.70683,9
797,-103.04816,9
798,-174.24162,9
799,-62.857605,9
