Image,Value,Label
0,-73.11237,0
1,-85.056145,0
2,-189.67514,0
3,27.539253,0
4,-8.806917,0
5,-20.704216,0
6,5.9740663,0
7,-42.152393,0
8,-70.41604,0
9,-44.317955,0
10,-64.112885,0
11,-69.78999,0
12,-33.17347,0
13,-39.231888,0
14,-105.2919,0
15,-139.85641,0
16,-79.02873,0
17,-49.63378,0
18,-65.39709,0
19,-100.822945,0
20,-33.713467,0
21,-91.85287,0
22,-15.753589,0
23,-86.76908,0
24,-154.1377,0
25,-112.261955,0
26,-162.93613,0
27,-33.777317,0
28,-0.85624564,0
29,-133.94162,0
30,-99.67776,0
31,-21.33019,0
32,-186.75775,0
33,-16.297995,0
34,48.558044,0
35,-108.11831,0
36,-101.36263,0
37,-161.32605,0
38,-53.4965,0
39,-81.87855,0
40,-146.67294,0
41,-14.436419,0
42,126.69843,0
43,-45.459084,0
44,-58.942844,0
45,46.54995,0
46,-1.5500971,0
47,4.2053256,0
48,-118.95525,0
49,-84.24354,0
50,-101.65451,0
51,-81.69552,0
52,-38.79007,0
53,-87.24732,0
54,-93.607445,0
55,-167.89507,0
56,-34.312363,0
57,-156.28766,0
58,34.264946,0
59,-105.65131,0
60,-129.56538,0
61,-139.8693,0
62,-42.835648,0
63,20.855524,0
64,-16.143648,0
65,111.960846,0
66,72.800835,0
67,-76.953476,0
68,-89.56045,0
69,-152.2327,0
70,18.461878,0
71,-60.598167,0
72,-120.93939,0
73,-11.803855,0
74,-22.897257,0
75,-230.91446,0
76,3.3584476,0
77,-79.87145,0
78,-165.1592,0
79,-151.48473,0
80,-65.96551,1
81,-180.97095,1
82,-87.66778,1
83,-64.26954,1
84,-101.562,1
85,-44.52305,1
86,-90.83146,1
87,-91.70823,1
88,-65.45162,1
89,-48.553017,1
90,-101.72227,1
91,-100.0537,1
92,-105.0553,1
93,-41.900482,1
94,-99.87574,1
95,-131.9371,1
96,-59.31069,1
97,-112.71356,1
98,-90.41019,1
99,-66.333626,1
100,-110.02915,1
101,-126.66977,1
102,-56.10994,1
103,-109.3552,1
104,-85.59859,1
105,-58.436954,1
106,-107.89731,1
107,-75.714584,1
108,-83.58145,1
109,-124.9452,1
110,-86.33347,1
111,-60.225853,1
112,-84.65037,1
113,-67.61425,1
114,-86.57145,1
115,-113.604485,1
116,-72.11843,1
117,-111.60658,1
118,-68.27364,1
119,-110.659134,1
120,-113.13965,1
121,-77.47675,1
122,-120.86498,1
123,-45.10917,1
124,-98.40876,1
125,-104.079346,1
126,-124.93479,1
127,-121.25084,1
128,-107.438225,1
129,-100.84526,1
130,-79.50376,1
131,-95.30346,1
132,-114.65096,1
133,-94.91425,1
134,-86.24934,1
135,-102.767586,1
136,-52.55939,1
137,-90.28385,1
138,-50.726707,1
139,-34.916878,1
140,-44.46453,1
141,-97.732704,1
142,-104.97299,1
143,-99.1078,1
144,-135.20325,1
145,-62.980232,1
146,-80.225105,1
147,-82.33925,1
148,-66.00824,1
149,-104.39179,1
150,-54.764023,1
151,-92.29137,1
152,-36.25859,1
153,-44.683544,1
154,-68.26626,1
155,-83.525215,1
156,-51.561775,1
157,-90.640854,1
158,-77.00319,1
159,26.973925,1
160,-43.62119,2
161,-194.33107,2
162,-38.675465,2
163,-133.98831,2
164,-9.758166,2
165,-153.22108,2
166,-6.168196,2
167,-93.510994,2
168,-151.27347,2
169,-123.07684,2
170,87.67655,2
171,-154.44632,2
172,-85.02732,2
173,-125.621414,2
174,-59.64505,2
175,-121.600624,2
176,-109.11648,2
177,-102.41209,2
178,31.718008,2
179,30.757072,2
180,-156.99895,2
181,-70.671906,2
182,-88.69561,2
183,-224.29211,2
184,-85.73023,2
185,40.43531,2
186,-22.808828,2
187,-73.1567,2
188,-57.14203,2
189,-52.68541,2
190,13.778388,2
191,-62.736664,2
192,3.2960029,2
193,-1.7161585,2
194,-132.30794,2
195,46.920074,2
196,-19.972715,2
197,45.27681,2
198,-79.49293,2
199,-58.4085,2
200,-72.237946,2
201,-92.27427,2
202,-68.47655,2
203,-32.01331,2
204,-3.727941,2
205,-124.90601,2
206,-84.886734,2
207,134.53278,2
208,-53.99529,2
209,-194.55376,2
210,15.079896,2
211,-129.31273,2
212,-15.628242,2
213,-54.750427,2
214,-0.77653944,2
215,-38.21483,2
216,15.344846,2
217,3.821384,2
218,-19.33127,2
219,-58.28435,2
220,36.801445,2
221,81.34122,2
222,-28.67915,2
223,-64.74897,2
224,17.51658,2
225,-28.824032,2
226,15.154983,2
227,-3.1191125,2
228,-60.919743,2
229,-214.1196,2
230,73.32856,2
231,-82.74343,2
232,-90.917305,2
233,-35.516525,2
234,57.30532,2
235,-69.72154,2
236,-169.09036,2
237,-72.18336,2
238,-123.6072,2
239,-130.99088,2
240,40.74462,3
241,20.210754,3
242,-58.589787,3
243,10.820474,3
244,-15.822036,3
245,-10.036027,3
246,89.55166,3
247,-120.22575,3
248,-37.02391,3
249,-78.88963,3
250,-7.6683946,3
251,-134.5512,3
252,61.49871,3
253,-50.9427,3
254,-4.5866857,3
255,132.36565,3
256,-56.746155,3
257,-57.562717,3
258,80.591125,3
259,108.44963,3
260,-5.622378,3
261,-11.690223,3
262,-78.464935,3
263,-29.255026,3
264,31.987917,3
265,1.0524019,3
266,25.167795,3
267,-67.647255,3
268,73.15554,3
269,-126.36258,3
270,-43.70187,3
271,-6.5405793,3
272,-86.93781,3
273,25.834314,3
274,-33.3294,3
275,-22.482866,3
276,-60.84105,3
277,-33.18564,3
278,-52.76843,3
279,-94.87611,3
280,-86.80337,3
281,-81.30384,3
282,75.07107,3
283,79.34979,3
284,-35.374744,3
285,43.131573,3
286,-30.738932,3
287,29.213264,3
288,17.859262,3
289,104.484,3
290,11.733991,3
291,27.78551,3
292,67.575386,3
293,-58.942272,3
294,70.31303,3
295,79.21132,3
296,-48.315216,3
297,-121.41413,3
298,123.406235,3
299,115.47626,3
300,-69.74423,3
301,202.34988,3
302,-43.781998,3
303,-18.062307,3
304,121.92484,3
305,16.165506,3
306,55.215816,3
307,-48.375854,3
308,3.344377,3
309,47.745773,3
310,-32.950912,3
311,22.624968,3
312,10.06434,3
313,-16.275282,3
314,-37.96347,3
315,-18.96722,3
316,-59.684284,3
317,-74.37755,3
318,-16.11891,3
319,39.211243,3
320,99.71105,4
321,36.589066,4
322,83.2589,4
323,72.81288,4
324,89.67287,4
325,41.618546,4
326,169.07727,4
327,-21.154005,4
328,17.906832,4
329,34.51068,4
330,39.960308,4
331,15.687268,4
332,40.604492,4
333,4.735288,4
334,18.055424,4
335,3.8182902,4
336,-31.521902,4
337,113.20187,4
338,-50.88176,4
339,126.56373,4
340,67.1785,4
341,-10.7612,4
342,56.075966,4
343,70.05111,4
344,48.482147,4
345,33.384686,4
346,8.181006,4
347,53.350998,4
348,-34.446316,4
349,77.72495,4
350,18.222082,4
351,0.027146727,4
352,79.86025,4
353,94.66784,4
354,61.14261,4
355,121.25838,4
356,13.742524,4
357,-6.8709855,4
358,91.08357,4
359,-13.713394,4
360,8.111086,4
361,97.77053,4
362,9.731736,4
363,-8.680624,4
364,75.86912,4
365,6.7346454,4
366,135.17255,4
367,15.057367,4
368,35.20711,4
369,-21.490046,4
370,37.13816,4
371,34.31679,4
372,-10.408853,4
373,36.34071,4
374,3.5438466,4
375,120.00592,4
376,88.77607,4
377,-3.765284,4
378,85.46306,4
379,67.01514,4
380,147.3363,4
381,-20.601236,4
382,34.74411,4
383,57.127014,4
384,120.4972,4
385,-25.867348,4
386,55.244488,4
387,51.542805,4
388,84.06237,4
389,141.44475,4
390,-18.680845,4
391,15.50228,4
392,96.79041,4
393,-53.588425,4
394,-64.86317,4
395,-61.59266,4
396,86.631065,4
397,17.14329,4
398,34.888756,4
399,106.99264,4
400,-67.46554,5
401,-102.95176,5
402,-74.31558,5
403,46.317932,5
404,-129.08054,5
405,-34.865314,5
406,8.521029,5
407,-89.277855,5
408,-112.51463,5
409,102.04839,5
410,22.891382,5
411,-80.84124,5
412,-57.589382,5
413,-118.40566,5
414,-116.53475,5
415,-55.055977,5
416,-93.88993,5
417,60.49758,5
418,-92.08735,5
419,135.83752,5
420,-27.687426,5
421,-151.49426,5
422,11.595613,5
423,-91.94659,5
424,-28.641794,5
425,16.867949,5
426,17.011356,5
427,-47.17479,5
428,-3.0608926,5
429,-33.178093,5
430,-30.52501,5
431,-86.710236,5
432,-60.696205,5
433,15.724534,5
434,-60.392418,5
435,-48.20359,5
436,-10.025179,5
437,-132.73141,5
438,110.00128,5
439,22.661585,5
440,-32.94423,5
441,-50.654488,5
442,9.177079,5
443,-82.30044,5
444,-53.479607,5
445,-125.038734,5
446,-55.1532,5
447,115.58273,5
448,-6.236727,5
449,-114.963684,5
450,-58.48868,5
451,-83.67005,5
452,1.8193945,5
453,-27.127363,5
454,-51.257164,5
455,-44.66526,5
456,43.01643,5
457,113.938446,5
458,-51.383553,5
459,-16.456427,5
460,-20.3028,5
461,75.49808,5
462,-68.62362,5
463,-107.62567,5
464,-2.8843255,5
465,-68.98529,5
466,-39.355743,5
467,-22.243149,5
468,-115.69949,5
469,-127.10395,5
470,-72.64874,5
471,-85.04383,5
472,-104.56211,5
473,-45.528076,5
474,-59.447563,5
475,27.25846,5
476,24.073343,5
477,-167.36984,5
478,-77.38156,5
479,-33.57966,5
480,-83.70632,6
481,239.10532,6
482,-61.960056,6
483,47.473778,6
484,-72.54532,6
485,89.43403,6
486,-16.838072,6
487,-17.619253,6
488,160.25653,6
489,10.205247,6
490,78.30786,6
491,-49.170746,6
492,60.981274,6
493,-1.5867907,6
494,157.21594,6
495,138.03706,6
496,192.80325,6
497,-86.417854,6
498,185.41133,6
499,260.9484,6
500,-4.241057,6
501,92.69897,6
502,-22.932508,6
503,41.01778,6
504,16.702646,6
505,243.05406,6
506,120.2852,6
507,86.19044,6
508,232.34303,6
509,6.304979,6
510,-34.16501,6
511,-11.403724,6
512,92.102905,6
513,-26.887552,6
514,21.306032,6
515,34.207268,6
516,46.93508,6
517,10.729596,6
518,19.397783,6
519,-57.44703,6
520,119.35727,6
521,-43.487244,6
522,3.0350814,6
523,77.559044,6
524,8.244096,6
525,57.608162,6
526,183.62875,6
527,36.076332,6
528,81.19266,6
529,-19.67874,6
530,79.67325,6
531,89.003456,6
532,127.302986,6
533,-22.016748,6
534,268.8697,6
535,96.407135,6
536,-49.00674,6
537,113.45559,6
538,-35.043198,6
539,130.38536,6
540,115.30956,6
541,17.5468,6
542,-1.0324694,6
543,45.716698,6
544,90.962814,6
545,-72.436485,6
546,21.139498,6
547,170.08765,6
548,77.97506,6
549,18.803072,6
550,-12.295741,6
551,109.07244,6
552,-37.78482,6
553,76.37168,6
554,48.8069,6
555,88.057434,6
556,139.47552,6
557,88.931366,6
558,205.05466,6
559,45.976723,6
560,244.19022,7
561,178.13824,7
562,110.431984,7
563,214.40012,7
564,222.20242,7
565,204.35767,7
566,289.00607,7
567,164.70331,7
568,176.50186,7
569,188.28122,7
570,242.07434,7
571,158.5965,7
572,216.17633,7
573,192.84909,7
574,193.24402,7
575,113.745735,7
576,148.6068,7
577,185.0748,7
578,182.90048,7
579,203.23293,7
580,214.79263,7
581,162.63623,7
582,121.95874,7
583,205.14548,7
584,191.53981,7
585,155.9795,7
586,241.70375,7
587,244.86824,7
588,121.179085,7
589,120.281654,7
590,379.23996,7
591,57.64752,7
592,120.21617,7
593,349.4218,7
594,175.0888,7
595,209.79707,7
596,158.60876,7
597,311.82196,7
598,119.60069,7
599,235.95827,7
600,223.47076,7
601,176.02069,7
602,213.27701,7
603,228.76553,7
604,192.2663,7
605,185.67804,7
606,104.97485,7
607,261.97873,7
608,100.29887,7
609,163.0501,7
610,327.33746,7
611,131.99207,7
612,160.03351,7
613,142.13048,7
614,166.50491,7
615,79.13755,7
616,152.27975,7
617,193.26155,7
618,37.69375,7
619,300.35782,7
620,168.88347,7
621,179.26941,7
622,211.70537,7
623,63.163483,7
624,73.6366,7
625,253.77573,7
626,183.02539,7
627,122.65495,7
628,152.00122,7
629,192.0238,7
630,218.72646,7
631,106.33509,7
632,148.93968,7
633,152.94669,7
634,166.82872,7
635,203.92905,7
636,172.70468,7
637,148.67332,7
638,290.40216,7
639,188.10281,7
640,124.64733,8
641,82.64229,8
642,68.65129,8
643,135.90988,8
644,132.32306,8
645,11.540589,8
646,22.90372,8
647,4.3624988,8
648,88.837524,8
649,82.73469,8
650,112.530464,8
651,58.919502,8
652,213.30902,8
653,9.33014,8
654,52.164307,8
655,37.909946,8
656,63.529,8
657,109.882835,8
658,67.70192,8
659,335.42825,8
660,142.79845,8
661,45.25754,8
662,60.22923,8
663,112.246956,8
664,229.74042,8
665,42.378765,8
666,214.09036,8
667,-12.746306,8
668,47.256725,8
669,174.80415,8
670,49.535263,8
671,14.302186,8
672,160.24597,8
673,171.20999,8
674,149.37082,8
675,51.610237,8
676,94.64392,8
677,86.19199,8
678,39.330696,8
679,81.79338,8
680,97.909134,8
681,25.228884,8
682,158.57275,8
683,134.28178,8
684,131.34117,8
685,131.63434,8
686,-22.202993,8
687,111.83888,8
688,111.675606,8
689,50.156677,8
690,333.47327,8
691,161.30101,8
692,71.36471,8
693,191.43454,8
694,171.20744,8
695,134.5807,8
696,186.44272,8
697,27.962376,8
698,88.361084,8
699,193.20845,8
700,167.46443,8
701,98.03999,8
702,47.781242,8
703,48.568428,8
704,181.70937,8
705,110.797165,8
706,175.19339,8
707,30.850866,8
708,41.418583,8
709,140.83864,8
710,52.43217,8
711,21.223415,8
712,41.524998,8
713,169.62122,8
714,93.93601,8
715,113.26088,8
716,4.329042,8
717,149.43463,8
718,5.9411864,8
719,45.443565,8
720,160.33174,9
721,220.94019,9
722,210.74292,9
723,210.98093,9
724,181.82399,9
725,179.06766,9
726,116.63507,9
727,173.59071,9
728,184.91872,9
729,166.03195,9
730,222.36794,9
731,115.179924,9
732,242.77644,9
733,213.64081,9
734,175.88776,9
735,129.56844,9
736,144.85931,9
737,241.5848,9
738,224.12212,9
739,208.62843,9
740,198.90292,9
741,140.48485,9
742,191.17647,9
743,163.14389,9
744,148.15527,9
745,206.40265,9
746,110.72784,9
747,164.97334,9
748,75.16466,9
749,187.07191,9
750,180.3366,9
751,179.68073,9
752,110.339836,9
753,220.18637,9
754,224.95224,9
755,142.41742,9
756,155.92429,9
757,106.74658,9
758,261.36407,9
759,64.15533,9
760,164.83478,9
761,189.22667,9
762,177.78003,9
763,251.46205,9
764,228.36267,9
765,201.85223,9
766,156.22418,9
767,225.16489,9
768,122.98812,9
769,92.14126,9
770,204.83902,9
771,132.67183,9
772,249.26393,9
773,225.1943,9
774,104.77097,9
775,95.899864,9
776,178.96976,9
777,161.00803,9
778,110.30035,9
779,127.13921,9
780,334.58075,9
781,168.94238,9
782,83.87397,9
783,161.04013,9
784,229.7789,9
785,207.8265,9
786,84.95099,9
787,75.433075,9
788,136.80453,9
789,196.96658,9
790,155.2273,9
791,156.68242,9
792,253.25037,9
793,106.85407,9
794,232.16182,9
795,222.34009,9
796,201.72638,9
797,115.62227,9
798,243.35382,9
799,95.18702,9
