Image,Value,Label
0,-585.1342,0
1,-151.04868,0
2,-308.5259,0
3,-560.1219,0
4,-280.86752,0
5,-277.4305,0
6,-266.45132,0
7,-575.7764,0
8,-436.66483,0
9,-457.45563,0
10,20.135405,0
11,-456.94928,0
12,-718.4648,0
13,-426.55255,0
14,-460.13635,0
15,-249.90274,0
16,-216.97447,0
17,-576.32684,0
18,-565.6259,0
19,-500.76303,0
20,-772.82623,0
21,-275.07172,0
22,-568.8882,0
23,-188.85495,0
24,-582.18317,0
25,-98.7358,0
26,-449.52005,0
27,-297.47583,0
28,-586.7202,0
29,-383.56363,0
30,-99.69321,0
31,-231.12733,0
32,-342.7512,0
33,-362.04886,0
34,-592.1088,0
35,-460.0491,0
36,-371.56754,0
37,-331.74716,0
38,-263.68497,0
39,-203.62689,0
40,-413.6398,0
41,-442.97208,0
42,-517.0627,0
43,-194.13982,0
44,-239.33958,0
45,-431.7679,0
46,-296.47513,0
47,-369.70337,0
48,-122.15198,0
49,-196.87862,0
50,-361.23398,0
51,-245.96793,0
52,-132.33057,0
53,-248.85614,0
54,-395.19992,0
55,-446.8148,0
56,-483.65427,0
57,-214.5993,0
58,-608.8739,0
59,-4.6734767,0
60,-466.9417,0
61,-251.71303,0
62,-344.2022,0
63,-507.87933,0
64,-212.9484,0
65,-588.1143,0
66,-349.6128,0
67,-316.38205,0
68,-212.86404,0
69,-363.79086,0
70,-475.57776,0
71,-381.85843,0
72,-544.50635,0
73,-460.32513,0
74,-500.05185,0
75,-348.34915,0
76,-346.82428,0
77,-675.0346,0
78,-550.88367,0
79,-526.9656,0
80,182.14561,1
81,-118.97731,1
82,1.0869356,1
83,-48.91881,1
84,116.625275,1
85,193.54306,1
86,-48.926575,1
87,-96.792656,1
88,-78.61641,1
89,226.93414,1
90,16.234749,1
91,138.44363,1
92,186.38196,1
93,210.6531,1
94,78.17564,1
95,-8.130584,1
96,10.22207,1
97,123.10124,1
98,134.94324,1
99,-68.62086,1
100,-149.4347,1
101,136.271,1
102,276.25284,1
103,117.920715,1
104,130.86127,1
105,-169.74973,1
106,263.5469,1
107,205.41644,1
108,153.20795,1
109,127.401215,1
110,282.67694,1
111,-109.32141,1
112,147.65248,1
113,241.17229,1
114,184.24568,1
115,151.96822,1
116,-42.780087,1
117,102.87583,1
118,233.32932,1
119,148.65031,1
120,145.69923,1
121,-92.066605,1
122,171.3299,1
123,159.32095,1
124,115.30796,1
125,112.7845,1
126,-76.7141,1
127,137.53822,1
128,204.49524,1
129,69.52008,1
130,119.92366,1
131,11.072769,1
132,-143.43042,1
133,151.31055,1
134,135.1418,1
135,169.86603,1
136,108.48657,1
137,109.20184,1
138,221.0825,1
139,-83.653725,1
140,8.341388,1
141,26.77192,1
142,266.06543,1
143,227.97473,1
144,165.75407,1
145,194.3486,1
146,174.53029,1
147,200.71866,1
148,-81.405815,1
149,231.35806,1
150,260.24515,1
151,282.70532,1
152,-309.54282,1
153,255.7045,1
154,-162.67076,1
155,231.77338,1
156,223.04495,1
157,117.35437,1
158,-66.54321,1
159,-46.994884,1
160,89.79167,2
161,-299.64136,2
162,-80.97826,2
163,-187.04266,2
164,-193.71411,2
165,-341.50693,2
166,-38.58772,2
167,-160.39975,2
168,-32.663696,2
169,-57.85179,2
170,-156.6976,2
171,-286.7152,2
172,-260.00482,2
173,-201.90036,2
174,-155.50534,2
175,-284.76816,2
176,-78.17112,2
177,-242.83466,2
178,-466.4336,2
179,-263.0993,2
180,-21.511858,2
181,-229.39816,2
182,-491.4962,2
183,-248.13623,2
184,-7.3419776,2
185,-149.73628,2
186,-231.56422,2
187,-179.54808,2
188,7.011235,2
189,-51.55131,2
190,-91.2137,2
191,-31.019157,2
192,-140.68208,2
193,-167.61844,2
194,70.52739,2
195,53.74995,2
196,-321.38278,2
197,-249.92535,2
198,-219.0799,2
199,-561.0207,2
200,-232.3332,2
201,-20.087276,2
202,-58.065144,2
203,-518.7115,2
204,-189.53946,2
205,-66.609116,2
206,-108.17284,2
207,-389.82095,2
208,-238.50777,2
209,-281.58792,2
210,-106.91463,2
211,-481.48715,2
212,-453.63593,2
213,25.599031,2
214,-277.082,2
215,-234.89098,2
216,-25.507256,2
217,-160.36432,2
218,-257.0959,2
219,-379.8726,2
220,-344.41583,2
221,-437.32657,2
222,-124.67949,2
223,-55.977985,2
224,-76.769,2
225,-266.9003,2
226,-408.26575,2
227,16.589436,2
228,-93.00502,2
229,-198.83208,2
230,-228.20645,2
231,-62.34777,2
232,-215.54305,2
233,-545.7793,2
234,-214.79851,2
235,-370.03104,2
236,10.397843,2
237,-15.031648,2
238,-118.089485,2
239,-251.31966,2
240,-95.76185,3
241,-65.73526,3
242,-49.84835,3
243,-166.99673,3
244,-198.12679,3
245,-60.58942,3
246,-232.29895,3
247,-315.50287,3
248,-172.03194,3
249,-168.04233,3
250,-94.63352,3
251,-68.54746,3
252,-203.19846,3
253,-80.7715,3
254,-55.868027,3
255,-161.27542,3
256,-158.82672,3
257,-160.8447,3
258,-125.30122,3
259,-215.25208,3
260,-66.424225,3
261,-112.79926,3
262,-189.17737,3
263,-173.19429,3
264,-220.85687,3
265,-166.58266,3
266,-156.04935,3
267,-88.45348,3
268,-372.5988,3
269,-318.895,3
270,-89.64793,3
271,-127.73019,3
272,-114.14601,3
273,-107.483215,3
274,-251.65466,3
275,-83.11284,3
276,-201.16904,3
277,-13.467177,3
278,-297.34042,3
279,-132.59702,3
280,-123.27949,3
281,-199.02371,3
282,-215.89012,3
283,-258.77823,3
284,-196.52588,3
285,-187.43466,3
286,-330.473,3
287,-217.94864,3
288,-196.3299,3
289,-225.14719,3
290,-55.20894,3
291,-151.11316,3
292,-180.21335,3
293,-175.68716,3
294,-207.92906,3
295,-230.5853,3
296,-222.49045,3
297,-158.97409,3
298,-97.827,3
299,-411.86868,3
300,-336.00217,3
301,-203.16943,3
302,-11.134585,3
303,-130.00162,3
304,-29.594711,3
305,-113.06668,3
306,-111.07776,3
307,-30.497942,3
308,-130.00616,3
309,-239.7234,3
310,-460.8626,3
311,12.764573,3
312,-139.59857,3
313,-174.26643,3
314,-137.36772,3
315,-146.14648,3
316,-1.1610483,3
317,-184.7866,3
318,-76.65128,3
319,-444.45685,3
320,-443.50565,4
321,-161.17282,4
322,-149.63875,4
323,-110.052155,4
324,-348.15915,4
325,-296.0311,4
326,-70.01079,4
327,-135.75427,4
328,-45.059063,4
329,-5.298921,4
330,-190.24803,4
331,-338.88788,4
332,-298.50815,4
333,-279.30542,4
334,-164.86345,4
335,-120.53785,4
336,-42.171825,4
337,-432.87723,4
338,-126.28296,4
339,-85.417175,4
340,-420.16388,4
341,-20.013542,4
342,-248.84369,4
343,-63.82691,4
344,-215.95467,4
345,-33.616207,4
346,-87.99611,4
347,-367.87363,4
348,-9.53445,4
349,-104.17409,4
350,-214.86575,4
351,-95.34072,4
352,-262.3415,4
353,-60.717197,4
354,-440.58856,4
355,-261.36722,4
356,-274.96292,4
357,-219.09296,4
358,-296.96442,4
359,-212.08133,4
360,-137.47319,4
361,-260.135,4
362,-235.85397,4
363,34.534,4
364,-150.39381,4
365,-187.77267,4
366,-396.70306,4
367,-170.4314,4
368,15.150044,4
369,-50.517246,4
370,-297.88937,4
371,-296.32336,4
372,-136.64581,4
373,100.42411,4
374,-319.57504,4
375,-262.58328,4
376,-191.8502,4
377,-29.479649,4
378,-280.90884,4
379,-182.29552,4
380,-300.1163,4
381,-98.38684,4
382,-81.50534,4
383,1.4120451,4
384,-341.9413,4
385,63.568287,4
386,-132.93959,4
387,-127.03871,4
388,-186.1625,4
389,-337.22806,4
390,-264.9028,4
391,-6.1534495,4
392,-196.12123,4
393,-197.93796,4
394,-110.20202,4
395,-87.25848,4
396,-385.22653,4
397,106.75609,4
398,-307.5312,4
399,-207.63707,4
400,-418.02216,5
401,-61.700703,5
402,-218.1396,5
403,-245.98576,5
404,-229.51414,5
405,-361.69327,5
406,-325.29556,5
407,-78.51722,5
408,-244.17871,5
409,-293.52518,5
410,-420.90686,5
411,-159.94116,5
412,-9.22553,5
413,-59.117035,5
414,-324.59363,5
415,-106.492874,5
416,-324.32776,5
417,-224.95717,5
418,-165.14684,5
419,-208.0513,5
420,-435.81744,5
421,-345.0986,5
422,-334.16974,5
423,-404.61795,5
424,-202.83884,5
425,-56.874844,5
426,-22.107273,5
427,-300.51746,5
428,-194.38591,5
429,-192.18546,5
430,-307.64865,5
431,-188.71793,5
432,-329.59128,5
433,-387.77707,5
434,-235.27953,5
435,-275.69095,5
436,-125.56494,5
437,-120.94376,5
438,-287.78592,5
439,-185.26492,5
440,-132.89883,5
441,-272.0311,5
442,-303.6732,5
443,-45.183205,5
444,-168.05005,5
445,-270.58096,5
446,-280.63428,5
447,-340.85846,5
448,-321.88705,5
449,-42.53404,5
450,-197.41025,5
451,-137.63441,5
452,-207.9054,5
453,-215.48325,5
454,-50.721523,5
455,-273.69296,5
456,-489.86618,5
457,-262.01508,5
458,-181.52072,5
459,-311.6514,5
460,-168.85033,5
461,-218.08253,5
462,-264.21677,5
463,-261.813,5
464,-277.6755,5
465,-85.22069,5
466,-390.9603,5
467,-370.49026,5
468,-226.4416,5
469,-177.65936,5
470,-116.14136,5
471,-278.8575,5
472,-384.22293,5
473,-277.81265,5
474,-151.67676,5
475,-269.4788,5
476,-271.63715,5
477,-279.81042,5
478,-137.51778,5
479,-175.68799,5
480,-57.091427,6
481,-211.88583,6
482,-59.507595,6
483,-419.43372,6
484,-68.98606,6
485,-312.74246,6
486,-175.55634,6
487,-259.7288,6
488,-547.60126,6
489,-612.38434,6
490,-430.49167,6
491,-117.419716,6
492,-231.14328,6
493,-99.38226,6
494,-284.53598,6
495,-191.3183,6
496,-358.95554,6
497,-242.71313,6
498,-229.85126,6
499,-516.1208,6
500,-68.095566,6
501,-304.76517,6
502,-32.171413,6
503,-352.92422,6
504,-153.71649,6
505,-248.39908,6
506,-518.0388,6
507,-367.50027,6
508,-264.20642,6
509,-621.7092,6
510,-484.27057,6
511,-119.27512,6
512,-322.45724,6
513,-248.49951,6
514,-298.6171,6
515,-182.7308,6
516,-153.20984,6
517,-278.9263,6
518,-307.42465,6
519,22.652712,6
520,-453.91168,6
521,-219.63194,6
522,-540.9575,6
523,-253.03336,6
524,-427.75497,6
525,-243.52997,6
526,-272.85156,6
527,-269.66116,6
528,-453.97604,6
529,-10.86896,6
530,-175.12166,6
531,-288.60135,6
532,-594.8608,6
533,-42.45616,6
534,-361.3866,6
535,-334.65714,6
536,-483.44205,6
537,-218.06456,6
538,-86.3309,6
539,-280.9185,6
540,-215.74026,6
541,-218.23563,6
542,-69.01278,6
543,-317.89905,6
544,-275.7338,6
545,-243.67278,6
546,-161.36128,6
547,-387.14017,6
548,-79.02013,6
549,-161.21965,6
550,-181.58133,6
551,-350.4361,6
552,-137.78189,6
553,-264.64178,6
554,-333.31625,6
555,-264.90152,6
556,-307.63602,6
557,-349.12033,6
558,-309.55032,6
559,-337.37552,6
560,-229.56953,7
561,29.086054,7
562,119.27576,7
563,-284.5513,7
564,-276.14197,7
565,-197.29947,7
566,-411.48923,7
567,-148.52899,7
568,-227.86469,7
569,-141.82523,7
570,-378.04282,7
571,-64.2999,7
572,-185.54645,7
573,-364.57333,7
574,25.763504,7
575,-244.95544,7
576,-231.12007,7
577,-213.49893,7
578,-5.7074122,7
579,-252.65039,7
580,30.541458,7
581,-42.14872,7
582,-145.64478,7
583,-292.4161,7
584,-277.81335,7
585,-294.63412,7
586,-286.551,7
587,-277.30228,7
588,-68.02318,7
589,-350.36627,7
590,-535.51843,7
591,-163.14648,7
592,-344.2262,7
593,-209.4724,7
594,-220.31818,7
595,-141.63362,7
596,-281.97708,7
597,-236.89288,7
598,-283.42056,7
599,-352.032,7
600,-289.70044,7
601,125.1408,7
602,-399.04437,7
603,-84.95358,7
604,-20.328993,7
605,-255.58081,7
606,-273.45877,7
607,-435.14594,7
608,-126.557976,7
609,-69.052414,7
610,-263.9638,7
611,-291.01962,7
612,-272.13184,7
613,-237.10631,7
614,-226.85925,7
615,-65.45614,7
616,-257.31808,7
617,-287.4974,7
618,-17.85986,7
619,-363.9556,7
620,-203.49995,7
621,-112.02478,7
622,-288.4883,7
623,-132.03555,7
624,63.238663,7
625,-420.19315,7
626,-80.731895,7
627,-88.62929,7
628,-69.87264,7
629,-221.81729,7
630,-264.81326,7
631,70.27011,7
632,-52.7495,7
633,-56.82082,7
634,-296.08157,7
635,-213.39484,7
636,-284.83945,7
637,-214.28275,7
638,-362.99472,7
639,-208.93631,7
640,-511.28848,8
641,-157.58319,8
642,-97.72851,8
643,28.810928,8
644,-133.70766,8
645,-23.3844,8
646,-118.18756,8
647,31.75707,8
648,-236.40923,8
649,-124.13324,8
650,-70.00941,8
651,-100.1268,8
652,-123.48281,8
653,-358.8053,8
654,-220.94827,8
655,-230.93538,8
656,-69.09604,8
657,-69.21616,8
658,-46.649685,8
659,-541.6175,8
660,-230.62825,8
661,-261.49905,8
662,-34.72875,8
663,-168.15752,8
664,-505.14587,8
665,-112.64271,8
666,-448.3689,8
667,15.272214,8
668,-73.39055,8
669,-100.62952,8
670,-78.30685,8
671,-44.175755,8
672,-207.83743,8
673,-239.9538,8
674,3.3231168,8
675,6.832093,8
676,-143.13515,8
677,-116.67007,8
678,-121.73132,8
679,-171.1409,8
680,-249.03302,8
681,-140.91403,8
682,-137.41922,8
683,-198.57617,8
684,-9.318883,8
685,-199.38922,8
686,-140.98691,8
687,-398.49173,8
688,-141.05537,8
689,6.2861905,8
690,-91.459045,8
691,-247.8867,8
692,-82.02573,8
693,-210.96227,8
694,-130.02332,8
695,-24.457092,8
696,-115.284195,8
697,86.29374,8
698,14.058393,8
699,-114.38418,8
700,-119.83842,8
701,-95.55879,8
702,-68.53096,8
703,71.84677,8
704,-141.94113,8
705,-251.56473,8
706,-206.9878,8
707,-27.17778,8
708,-29.417446,8
709,61.412045,8
710,-121.95218,8
711,66.9859,8
712,-102.62797,8
713,-205.69131,8
714,-150.56519,8
715,-71.43742,8
716,-149.14987,8
717,-86.12848,8
718,-135.76582,8
719,-29.940512,8
720,-127.56406,9
721,-261.4302,9
722,-257.33276,9
723,-406.71585,9
724,-105.358215,9
725,-108.9698,9
726,-83.33104,9
727,-259.0165,9
728,-113.11463,9
729,-260.8395,9
730,-209.22794,9
731,-29.728333,9
732,-247.16852,9
733,-277.13358,9
734,-89.60066,9
735,47.65516,9
736,-150.0865,9
737,-303.08237,9
738,-155.703,9
739,-145.00397,9
740,-261.37823,9
741,-318.70322,9
742,-233.90384,9
743,-279.17853,9
744,-305.74707,9
745,-261.77078,9
746,-48.409794,9
747,-174.83379,9
748,90.46298,9
749,-88.11188,9
750,-175.39912,9
751,-203.97253,9
752,-431.136,9
753,-93.75145,9
754,-127.40874,9
755,-106.012344,9
756,-53.261986,9
757,-166.57782,9
758,-346.62402,9
759,-14.40964,9
760,-201.16772,9
761,-147.72722,9
762,-119.106316,9
763,-235.92984,9
764,-219.99799,9
765,-160.0849,9
766,-220.2236,9
767,-190.51958,9
768,-38.779995,9
769,-165.6503,9
770,-139.06137,9
771,7.878427,9
772,-206.08734,9
773,-19.873478,9
774,-81.66611,9
775,-25.961777,9
776,-272.49213,9
777,-8.4830885,9
778,-233.29784,9
779,-204.34198,9
780,-366.18973,9
781,-183.19513,9
782,21.578741,9
783,-156.40265,9
784,-154.47745,9
785,-282.9482,9
786,-316.26724,9
787,-39.042973,9
788,-106.92799,9
789,-62.22704,9
790,-280.56393,9
791,-213.3758,9
792,-213.98209,9
793,-233.41698,9
794,-259.37393,9
795,-166.41235,9
796,-279.17044,9
797,-49.58612,9
798,-121.12666,9
799,15.613172,9
