Image,Value,Label
0,-258.1198,0
1,-86.15103,0
2,-123.72172,0
3,-212.50824,0
4,-162.2711,0
5,-156.82916,0
6,-194.14943,0
7,-247.93628,0
8,-222.00157,0
9,-202.3172,0
10,-168.52057,0
11,-152.73203,0
12,-223.36224,0
13,-197.18605,0
14,-171.00188,0
15,-148.07741,0
16,-125.26506,0
17,-214.73436,0
18,-185.1624,0
19,-183.6628,0
20,-284.5528,0
21,-144.87222,0
22,-209.04884,0
23,-129.8426,0
24,-147.85974,0
25,-72.89642,0
26,-136.74623,0
27,-167.96391,0
28,-212.68582,0
29,-121.92913,0
30,-159.04076,0
31,-160.05324,0
32,-63.273525,0
33,-136.64339,0
34,-216.81169,0
35,-206.44885,0
36,-135.30609,0
37,-148.00293,0
38,-238.73692,0
39,-113.07458,0
40,-128.71838,0
41,-206.63828,0
42,-319.66263,0
43,-154.17836,0
44,-145.88239,0
45,-258.76706,0
46,-221.61588,0
47,-201.72243,0
48,-152.3103,0
49,-116.0117,0
50,-153.91454,0
51,-201.73497,0
52,-141.5092,0
53,-108.68818,0
54,-125.87548,0
55,-130.4914,0
56,-210.85106,0
57,-74.64025,0
58,-257.61978,0
59,-151.0619,0
60,-158.11057,0
61,-147.70952,0
62,-151.36455,0
63,-236.91365,0
64,-210.5526,0
65,-290.84286,0
66,-194.27371,0
67,-128.39468,0
68,-112.26598,0
69,-124.464676,0
70,-204.80426,0
71,-210.6493,0
72,-190.6873,0
73,-279.04123,0
74,-219.95494,0
75,-126.79343,0
76,-174.09875,0
77,-275.2518,0
78,-105.16995,0
79,-129.64705,0
80,-69.38445,1
81,-60.503376,1
82,-121.361435,1
83,-97.09842,1
84,-76.66698,1
85,-77.41482,1
86,-95.55787,1
87,-103.88618,1
88,-117.46032,1
89,-113.28469,1
90,-78.43691,1
91,-74.258484,1
92,-38.078407,1
93,-68.78574,1
94,-143.85619,1
95,-69.78513,1
96,-149.42879,1
97,-66.37916,1
98,-52.371895,1
99,-135.59601,1
100,-100.21578,1
101,-86.31176,1
102,-120.24752,1
103,-59.234898,1
104,-67.36631,1
105,-100.78207,1
106,-95.30486,1
107,-103.4602,1
108,-66.96328,1
109,-98.69399,1
110,-89.65038,1
111,-113.04264,1
112,-97.28628,1
113,-86.6604,1
114,-96.33297,1
115,-76.465706,1
116,-148.8965,1
117,-84.66317,1
118,-73.4349,1
119,-81.228165,1
120,-76.222206,1
121,-101.930466,1
122,-51.190605,1
123,-68.01116,1
124,-63.574085,1
125,-55.44824,1
126,-146.47488,1
127,-78.78878,1
128,-82.032425,1
129,-61.611504,1
130,-109.37035,1
131,-98.43278,1
132,-124.545975,1
133,-72.70458,1
134,-59.098557,1
135,-78.02146,1
136,-90.10113,1
137,-57.016857,1
138,-100.35517,1
139,-127.98606,1
140,-93.76041,1
141,-94.11927,1
142,-61.15239,1
143,-86.48558,1
144,-67.50832,1
145,-79.76049,1
146,-66.274284,1
147,-91.91946,1
148,-149.62138,1
149,-110.16308,1
150,-85.74188,1
151,-101.43444,1
152,-202.36543,1
153,-98.27496,1
154,-171.38376,1
155,-93.742485,1
156,-100.6904,1
157,-82.82304,1
158,-87.47523,1
159,-107.466545,1
160,-77.53878,2
161,-126.58756,2
162,-107.701836,2
163,-165.44202,2
164,-172.5916,2
165,-208.21486,2
166,-201.7667,2
167,-133.98709,2
168,-154.81491,2
169,-165.87364,2
170,-111.32105,2
171,-143.50795,2
172,-160.0202,2
173,-208.87639,2
174,-138.32495,2
175,-189.46524,2
176,-142.01457,2
177,-141.78001,2
178,-179.79234,2
179,-230.38666,2
180,-83.20641,2
181,-243.42192,2
182,-187.37158,2
183,-141.35904,2
184,-42.60446,2
185,-225.61192,2
186,-182.00342,2
187,-147.48642,2
188,-31.935904,2
189,-59.085777,2
190,-82.79609,2
191,-112.64711,2
192,-166.11772,2
193,-201.4239,2
194,-136.41449,2
195,-78.95524,2
196,-236.44809,2
197,-195.09138,2
198,-128.69753,2
199,-262.96735,2
200,-132.15273,2
201,-127.61524,2
202,-131.28986,2
203,-123.02204,2
204,-128.70074,2
205,-42.858353,2
206,-101.39179,2
207,-283.31723,2
208,-161.28093,2
209,-161.83063,2
210,-245.25484,2
211,-187.46486,2
212,-353.22537,2
213,-123.99424,2
214,-135.8656,2
215,-177.66605,2
216,-105.17144,2
217,-62.593777,2
218,-171.75012,2
219,-268.0001,2
220,-210.77864,2
221,-178.74289,2
222,-183.19034,2
223,-107.79344,2
224,-74.26699,2
225,-259.7172,2
226,-281.99234,2
227,-145.3145,2
228,-104.60066,2
229,-140.9821,2
230,-209.65735,2
231,-103.78316,2
232,-130.22853,2
233,-272.09946,2
234,-199.90628,2
235,-177.22594,2
236,-61.997498,2
237,-123.42739,2
238,-143.98894,2
239,-196.70685,2
240,-186.9093,3
241,-178.72057,3
242,-71.632256,3
243,-96.96395,3
244,-156.71716,3
245,-123.05716,3
246,-215.72859,3
247,-159.19978,3
248,-157.55576,3
249,-74.49502,3
250,-160.0913,3
251,-78.13213,3
252,-182.18953,3
253,-117.40228,3
254,-123.02154,3
255,-203.67209,3
256,-109.69881,3
257,-128.00894,3
258,-124.10069,3
259,-255.15468,3
260,-110.95794,3
261,-55.02988,3
262,-138.71379,3
263,-156.26164,3
264,-142.89378,3
265,-134.47012,3
266,-124.83706,3
267,-138.58907,3
268,-268.02408,3
269,-182.73917,3
270,-100.17295,3
271,-149.904,3
272,-118.17759,3
273,-161.87697,3
274,-170.7331,3
275,-80.28163,3
276,-161.26634,3
277,-148.08589,3
278,-186.68971,3
279,-96.0519,3
280,-101.736946,3
281,-144.38863,3
282,-209.5068,3
283,-170.82062,3
284,-136.07443,3
285,-132.79237,3
286,-171.7828,3
287,-210.47885,3
288,-193.4772,3
289,-203.90733,3
290,-140.94371,3
291,-163.53662,3
292,-185.19943,3
293,-84.64989,3
294,-185.72427,3
295,-217.6198,3
296,-136.42671,3
297,-171.95416,3
298,-171.7566,3
299,-231.49902,3
300,-161.87587,3
301,-255.55928,3
302,-88.23966,3
303,-99.5756,3
304,-92.61419,3
305,-128.69017,3
306,-168.37973,3
307,-48.31746,3
308,-127.19422,3
309,-197.37837,3
310,-280.75735,3
311,-87.12191,3
312,-136.8303,3
313,-103.81853,3
314,-121.940636,3
315,-192.65273,3
316,-69.09676,3
317,-206.91066,3
318,-86.20614,3
319,-273.21988,3
320,-231.60655,4
321,-123.38322,4
322,-126.31693,4
323,-106.03283,4
324,-180.59013,4
325,-141.7695,4
326,-210.90804,4
327,-140.3246,4
328,-174.18806,4
329,-95.65095,4
330,-144.7885,4
331,-151.6872,4
332,-154.19812,4
333,-154.10059,4
334,-123.40968,4
335,-119.380424,4
336,-100.697426,4
337,-183.45921,4
338,-88.82385,4
339,-148.47421,4
340,-196.96434,4
341,-66.09294,4
342,-227.18451,4
343,-149.13417,4
344,-154.27919,4
345,-160.86649,4
346,-116.39762,4
347,-171.03737,4
348,-65.70928,4
349,-115.678665,4
350,-158.40031,4
351,-109.28277,4
352,-223.11537,4
353,-155.87389,4
354,-188.51527,4
355,-135.70883,4
356,-194.6154,4
357,-127.67964,4
358,-185.48866,4
359,-111.64558,4
360,-152.60161,4
361,-193.45512,4
362,-82.157196,4
363,-88.33983,4
364,-119.38941,4
365,-159.60568,4
366,-262.66507,4
367,-120.26064,4
368,-151.70058,4
369,-93.08375,4
370,-155.3243,4
371,-147.80153,4
372,-69.082275,4
373,-98.10214,4
374,-138.34398,4
375,-169.1609,4
376,-147.82716,4
377,-128.51537,4
378,-182.40773,4
379,-135.02043,4
380,-205.3565,4
381,-138.6589,4
382,-78.484085,4
383,-91.91535,4
384,-179.02657,4
385,-127.648705,4
386,-112.07429,4
387,-106.74189,4
388,-152.18935,4
389,-198.63486,4
390,-143.23387,4
391,-77.41601,4
392,-170.7607,4
393,-144.7575,4
394,-53.50836,4
395,-147.04178,4
396,-240.06714,4
397,-60.993523,4
398,-159.68672,4
399,-154.5815,4
400,-200.09138,5
401,-83.88383,5
402,-84.20498,5
403,-107.638084,5
404,-81.126,5
405,-203.12785,5
406,-127.51646,5
407,-137.34508,5
408,-68.8062,5
409,-157.41954,5
410,-179.29494,5
411,-100.339165,5
412,-52.045357,5
413,-83.08173,5
414,-172.84402,5
415,-154.9767,5
416,-210.59589,5
417,-243.65688,5
418,-157.55779,5
419,-160.8196,5
420,-215.79631,5
421,-248.2911,5
422,-145.42336,5
423,-204.27173,5
424,-105.30001,5
425,-100.05193,5
426,-114.29874,5
427,-169.19012,5
428,-133.04158,5
429,-110.45523,5
430,-233.57254,5
431,-118.78729,5
432,-167.63136,5
433,-153.98601,5
434,-131.23573,5
435,-153.67343,5
436,-102.7284,5
437,-99.64351,5
438,-175.14679,5
439,-97.717026,5
440,-147.32234,5
441,-217.10564,5
442,-182.08635,5
443,-121.17408,5
444,-61.313194,5
445,-139.79715,5
446,-148.7744,5
447,-229.91176,5
448,-214.88657,5
449,-98.9339,5
450,-111.510414,5
451,-76.1257,5
452,-138.06804,5
453,-142.71133,5
454,-113.324394,5
455,-154.56432,5
456,-233.94633,5
457,-220.62212,5
458,-115.8909,5
459,-123.69873,5
460,-142.56079,5
461,-187.13191,5
462,-245.65663,5
463,-165.49858,5
464,-139.47958,5
465,-44.844414,5
466,-159.5334,5
467,-88.67566,5
468,-126.80432,5
469,-110.08852,5
470,-131.55095,5
471,-184.74138,5
472,-188.84431,5
473,-127.03962,5
474,-94.083305,5
475,-134.34718,5
476,-189.10216,5
477,-107.70347,5
478,-94.59746,5
479,-165.81316,5
480,-133.08469,6
481,-211.64757,6
482,-170.75606,6
483,-224.72395,6
484,-83.89305,6
485,-206.87688,6
486,-189.26462,6
487,-251.69814,6
488,-353.96835,6
489,-196.33194,6
490,-171.14636,6
491,-152.92934,6
492,-106.12068,6
493,-109.95262,6
494,-149.85262,6
495,-212.6766,6
496,-262.76083,6
497,-173.22462,6
498,-152.51115,6
499,-338.14386,6
500,-170.66216,6
501,-138.49368,6
502,-133.11934,6
503,-237.01738,6
504,-172.39314,6
505,-205.72298,6
506,-240.13722,6
507,-174.80229,6
508,-242.73006,6
509,-274.27673,6
510,-191.68394,6
511,-154.22974,6
512,-179.86856,6
513,-187.7239,6
514,-163.2112,6
515,-103.7091,6
516,-200.70818,6
517,-127.5969,6
518,-144.37984,6
519,-93.530266,6
520,-320.35812,6
521,-164.31947,6
522,-262.44376,6
523,-174.0198,6
524,-212.025,6
525,-109.68595,6
526,-191.89162,6
527,-155.95512,6
528,-197.40593,6
529,-160.31772,6
530,-169.7982,6
531,-155.82613,6
532,-341.20355,6
533,-86.02273,6
534,-236.57051,6
535,-194.9294,6
536,-187.18791,6
537,-200.35028,6
538,-122.793625,6
539,-169.69823,6
540,-161.31514,6
541,-131.13013,6
542,-86.407974,6
543,-198.41502,6
544,-147.3841,6
545,-121.76658,6
546,-148.62572,6
547,-209.39339,6
548,-176.58957,6
549,-189.42897,6
550,-119.48288,6
551,-177.0149,6
552,-131.47774,6
553,-220.294,6
554,-221.29152,6
555,-160.36705,6
556,-250.79254,6
557,-131.82497,6
558,-133.9646,6
559,-187.56978,6
560,-69.013916,7
561,-115.72938,7
562,-57.953148,7
563,-135.95639,7
564,-127.99656,7
565,-164.84486,7
566,-174.48674,7
567,-126.75155,7
568,-84.97,7
569,-137.78506,7
570,-122.622894,7
571,-134.99745,7
572,-110.17265,7
573,-108.7774,7
574,-120.5043,7
575,-139.97334,7
576,-136.64105,7
577,-135.08167,7
578,-149.32695,7
579,-123.42845,7
580,-161.10078,7
581,-85.95958,7
582,-73.262405,7
583,-96.97013,7
584,-48.606667,7
585,-117.98426,7
586,-84.80578,7
587,-135.99951,7
588,-88.63512,7
589,-137.9867,7
590,-163.3296,7
591,-90.04795,7
592,-149.1577,7
593,-237.49475,7
594,-177.29924,7
595,-84.222435,7
596,-106.995415,7
597,-189.37029,7
598,-134.24449,7
599,-141.78474,7
600,-130.56474,7
601,-102.35382,7
602,-186.10396,7
603,-184.03404,7
604,-137.13634,7
605,-118.04786,7
606,-61.981968,7
607,-119.73832,7
608,-78.74472,7
609,-76.76833,7
610,-190.76277,7
611,-79.31576,7
612,-105.15492,7
613,-81.08184,7
614,-48.954712,7
615,-39.073425,7
616,-132.85165,7
617,-162.4851,7
618,-100.13585,7
619,-219.95296,7
620,-213.14485,7
621,-76.65714,7
622,-102.33935,7
623,-71.815865,7
624,-12.5426035,7
625,-145.86935,7
626,-103.23763,7
627,-53.95798,7
628,-71.98317,7
629,-129.14828,7
630,-134.63783,7
631,-84.44854,7
632,-164.25145,7
633,-61.057724,7
634,-145.99591,7
635,-97.59658,7
636,-70.06128,7
637,-85.954094,7
638,-174.74525,7
639,-106.52866,7
640,-249.77563,8
641,-100.76464,8
642,-101.244896,8
643,-89.35009,8
644,-218.81454,8
645,-107.641624,8
646,-197.46623,8
647,-87.84792,8
648,-104.475716,8
649,-136.77298,8
650,-180.0463,8
651,-121.914375,8
652,-236.55757,8
653,-267.8616,8
654,-170.74452,8
655,-114.746155,8
656,-165.1746,8
657,-131.08372,8
658,-72.20939,8
659,-295.95023,8
660,-284.37943,8
661,-172.08678,8
662,-142.97292,8
663,-162.34065,8
664,-355.83908,8
665,-61.90638,8
666,-240.5365,8
667,-72.00263,8
668,-116.76381,8
669,-225.8972,8
670,-101.78453,8
671,-108.333626,8
672,-99.19085,8
673,-213.12727,8
674,-145.93993,8
675,-142.99216,8
676,-115.64233,8
677,-164.63683,8
678,-117.88477,8
679,-179.655,8
680,-152.73164,8
681,-131.71677,8
682,-208.63373,8
683,-151.64499,8
684,-151.21996,8
685,-131.39206,8
686,-184.88911,8
687,-221.62218,8
688,-142.97002,8
689,-99.15536,8
690,-169.50182,8
691,-199.66148,8
692,-143.03384,8
693,-229.43213,8
694,-121.81826,8
695,-144.08699,8
696,-126.46118,8
697,-146.8046,8
698,-78.54802,8
699,-146.79457,8
700,-179.64186,8
701,-174.04677,8
702,-99.06172,8
703,-78.25782,8
704,-218.6877,8
705,-168.69829,8
706,-210.99559,8
707,-95.49551,8
708,-82.748405,8
709,-190.17844,8
710,-87.007324,8
711,-124.30651,8
712,-106.08216,8
713,-158.35988,8
714,-115.93529,8
715,-196.28058,8
716,-176.87398,8
717,-113.2454,8
718,-117.62588,8
719,-148.05972,8
720,-129.38527,9
721,-182.49608,9
722,-109.40649,9
723,-296.43753,9
724,-114.90595,9
725,-83.88448,9
726,-106.03722,9
727,-133.53477,9
728,-99.20516,9
729,-133.13252,9
730,-135.05113,9
731,-96.77785,9
732,-137.05595,9
733,-188.35277,9
734,-108.31057,9
735,-121.75463,9
736,-102.76355,9
737,-193.98647,9
738,-144.58691,9
739,-136.394,9
740,-214.9284,9
741,-152.5568,9
742,-105.10149,9
743,-179.50548,9
744,-154.48744,9
745,-189.7817,9
746,-85.73114,9
747,-94.22663,9
748,-113.652275,9
749,-136.79646,9
750,-150.73843,9
751,-157.22174,9
752,-250.34326,9
753,-138.34047,9
754,-248.92644,9
755,-94.6276,9
756,-79.0563,9
757,-80.721375,9
758,-175.97969,9
759,-74.57327,9
760,-84.598495,9
761,-162.93596,9
762,-157.69328,9
763,-134.28531,9
764,-160.90599,9
765,-152.32816,9
766,-153.85222,9
767,-192.4593,9
768,-71.675316,9
769,-68.641365,9
770,-96.26028,9
771,-71.81869,9
772,-205.6529,9
773,-85.90968,9
774,-57.29103,9
775,-99.58505,9
776,-156.59886,9
777,-91.06685,9
778,-171.58313,9
779,-123.77707,9
780,-175.56264,9
781,-135.9435,9
782,-57.12661,9
783,-76.337555,9
784,-129.8263,9
785,-220.388,9
786,-132.36467,9
787,-78.288765,9
788,-89.381676,9
789,-130.54762,9
790,-131.57596,9
791,-112.61068,9
792,-128.54457,9
793,-81.82698,9
794,-167.7201,9
795,-188.05049,9
796,-163.3257,9
797,-73.572105,9
798,-182.87227,9
799,-97.81129,9
