Image,Value,Label
0,123.66566,0
1,157.85007,0
2,240.92735,0
3,167.10765,0
4,176.12326,0
5,216.42963,0
6,195.94429,0
7,198.81308,0
8,218.97678,0
9,204.99377,0
10,197.42786,0
11,206.99734,0
12,167.11531,0
13,172.0487,0
14,200.70844,0
15,201.78526,0
16,189.00095,0
17,166.9962,0
18,172.47102,0
19,213.06642,0
20,207.32048,0
21,190.36215,0
22,173.00021,0
23,178.37088,0
24,140.97144,0
25,182.03972,0
26,200.3745,0
27,193.21378,0
28,160.21886,0
29,216.20667,0
30,222.53175,0
31,139.54202,0
32,180.59299,0
33,82.86523,0
34,228.1915,0
35,124.07561,0
36,248.70615,0
37,118.72297,0
38,191.6935,0
39,160.45856,0
40,149.14224,0
41,199.21455,0
42,193.23647,0
43,187.63458,0
44,211.96768,0
45,182.07108,0
46,133.76123,0
47,181.10956,0
48,198.58896,0
49,172.75964,0
50,173.51257,0
51,184.72607,0
52,170.71625,0
53,180.61307,0
54,174.60129,0
55,92.470505,0
56,227.94597,0
57,191.09003,0
58,95.70945,0
59,194.19363,0
60,254.53224,0
61,113.78387,0
62,203.12245,0
63,144.02823,0
64,156.90419,0
65,85.0404,0
66,212.0977,0
67,138.1872,0
68,170.75427,0
69,60.49669,0
70,33.781425,0
71,120.057556,0
72,180.19482,0
73,177.10434,0
74,222.96677,0
75,146.49155,0
76,190.79117,0
77,141.44492,0
78,213.20242,0
79,160.93962,0
80,233.58078,1
81,241.1044,1
82,287.16708,1
83,275.64624,1
84,270.043,1
85,193.11084,1
86,269.31598,1
87,274.12283,1
88,279.81107,1
89,204.8204,1
90,259.18085,1
91,227.9603,1
92,166.2358,1
93,203.335,1
94,187.2317,1
95,268.55765,1
96,276.57016,1
97,225.30911,1
98,205.44533,1
99,275.2332,1
100,277.93533,1
101,226.7822,1
102,170.79578,1
103,222.50189,1
104,220.12695,1
105,304.6793,1
106,172.37827,1
107,217.29391,1
108,233.1841,1
109,189.24681,1
110,160.89124,1
111,281.806,1
112,218.7081,1
113,178.251,1
114,231.31879,1
115,198.28055,1
116,301.81204,1
117,242.0197,1
118,178.75066,1
119,223.69987,1
120,222.79984,1
121,303.2969,1
122,158.23727,1
123,223.22554,1
124,199.66763,1
125,250.42062,1
126,310.85007,1
127,192.76907,1
128,180.82944,1
129,254.97643,1
130,247.04468,1
131,256.19727,1
132,279.62674,1
133,231.64574,1
134,217.02553,1
135,191.17184,1
136,192.77257,1
137,190.2417,1
138,205.17758,1
139,262.47433,1
140,255.14214,1
141,262.42654,1
142,168.6504,1
143,208.35388,1
144,175.07047,1
145,196.2157,1
146,202.01065,1
147,204.60107,1
148,270.92343,1
149,183.35297,1
150,196.74506,1
151,154.42816,1
152,357.60114,1
153,193.29129,1
154,298.0907,1
155,211.02586,1
156,226.86104,1
157,238.15009,1
158,271.88742,1
159,252.97821,1
160,186.14462,2
161,80.21977,2
162,193.96916,2
163,261.97934,2
164,221.05927,2
165,114.55533,2
166,172.0017,2
167,206.50375,2
168,140.58185,2
169,125.2316,2
170,145.3607,2
171,155.68138,2
172,156.97733,2
173,187.91003,2
174,173.92598,2
175,163.14685,2
176,65.755356,2
177,134.66147,2
178,139.94838,2
179,221.03514,2
180,143.58884,2
181,119.53049,2
182,146.19545,2
183,209.92612,2
184,158.66731,2
185,270.55823,2
186,96.05228,2
187,207.41699,2
188,172.46591,2
189,198.01462,2
190,147.85115,2
191,130.9974,2
192,166.63388,2
193,281.881,2
194,119.50565,2
195,187.52625,2
196,176.12904,2
197,223.40164,2
198,184.96039,2
199,191.88327,2
200,158.78879,2
201,227.87332,2
202,75.990234,2
203,287.78595,2
204,178.17221,2
205,190.53687,2
206,209.30525,2
207,216.28677,2
208,172.213,2
209,191.8443,2
210,69.86602,2
211,155.30515,2
212,298.40863,2
213,135.52771,2
214,117.4692,2
215,77.25118,2
216,234.01674,2
217,171.2798,2
218,216.28668,2
219,288.5897,2
220,171.04198,2
221,191.50607,2
222,213.95877,2
223,203.97182,2
224,206.99469,2
225,267.98868,2
226,261.10446,2
227,218.73303,2
228,191.2585,2
229,141.00528,2
230,209.29237,2
231,162.63649,2
232,105.13141,2
233,381.1298,2
234,166.02837,2
235,200.62743,2
236,148.91983,2
237,206.39413,2
238,174.38635,2
239,152.63385,2
240,268.952,3
241,248.20862,3
242,248.8587,3
243,234.23656,3
244,277.67123,3
245,248.19637,3
246,252.90268,3
247,257.93152,3
248,228.02449,3
249,287.8798,3
250,283.13226,3
251,200.19653,3
252,273.5848,3
253,228.68448,3
254,212.19357,3
255,200.14163,3
256,191.13846,3
257,195.008,3
258,261.18375,3
259,246.93896,3
260,234.31812,3
261,244.2432,3
262,241.8116,3
263,283.8906,3
264,231.0286,3
265,222.7666,3
266,227.74571,3
267,260.6061,3
268,204.56813,3
269,284.09955,3
270,231.25006,3
271,231.58505,3
272,199.14427,3
273,233.61824,3
274,284.32645,3
275,217.74132,3
276,232.25645,3
277,218.88948,3
278,234.6096,3
279,207.30347,3
280,231.53375,3
281,254.13538,3
282,264.11057,3
283,283.09482,3
284,247.84758,3
285,198.52019,3
286,242.58075,3
287,282.60062,3
288,276.82593,3
289,203.74965,3
290,244.79929,3
291,222.8884,3
292,257.79953,3
293,218.44992,3
294,252.69604,3
295,200.5516,3
296,205.63914,3
297,271.77908,3
298,246.15036,3
299,150.21733,3
300,282.34293,3
301,265.08237,3
302,184.9408,3
303,240.92543,3
304,121.899956,3
305,251.8015,3
306,248.10309,3
307,208.7541,3
308,228.6249,3
309,292.1257,3
310,288.0142,3
311,189.18187,3
312,225.31525,3
313,188.6965,3
314,245.28333,3
315,229.77953,3
316,220.87228,3
317,194.19403,3
318,238.65292,3
319,303.3138,3
320,109.970024,4
321,133.5743,4
322,109.21115,4
323,132.20721,4
324,170.06786,4
325,133.57318,4
326,199.49287,4
327,201.45277,4
328,164.53532,4
329,107.07988,4
330,124.90531,4
331,104.11548,4
332,183.37704,4
333,170.43367,4
334,186.0156,4
335,104.8276,4
336,134.07083,4
337,181.1314,4
338,216.4313,4
339,117.57045,4
340,153.19939,4
341,169.05977,4
342,141.72865,4
343,115.71608,4
344,146.08727,4
345,152.62906,4
346,112.350426,4
347,143.68549,4
348,140.35014,4
349,115.9006,4
350,226.11055,4
351,48.45037,4
352,168.6113,4
353,128.06473,4
354,112.9911,4
355,128.20227,4
356,156.70187,4
357,171.88461,4
358,56.01136,4
359,137.48312,4
360,126.597374,4
361,129.49767,4
362,119.622696,4
363,119.95579,4
364,109.998886,4
365,127.77202,4
366,176.27463,4
367,157.41159,4
368,155.14767,4
369,122.271866,4
370,176.69019,4
371,87.72246,4
372,130.46748,4
373,154.73228,4
374,204.83394,4
375,200.87341,4
376,91.077644,4
377,130.09727,4
378,169.15062,4
379,121.54561,4
380,165.86536,4
381,101.87807,4
382,91.77287,4
383,221.1726,4
384,113.87255,4
385,116.3824,4
386,212.88867,4
387,138.62961,4
388,130.65761,4
389,94.330025,4
390,115.90738,4
391,160.41634,4
392,164.27306,4
393,137.41188,4
394,112.61032,4
395,133.02025,4
396,127.84303,4
397,109.39317,4
398,124.52471,4
399,113.53409,4
400,167.82521,5
401,211.5265,5
402,202.65979,5
403,107.82331,5
404,242.8683,5
405,240.8056,5
406,161.94122,5
407,259.19824,5
408,198.45944,5
409,146.91876,5
410,216.71361,5
411,259.7534,5
412,59.71035,5
413,176.23576,5
414,303.2748,5
415,139.6326,5
416,141.65785,5
417,163.28293,5
418,146.51593,5
419,180.19597,5
420,168.15756,5
421,201.52377,5
422,142.7243,5
423,248.3567,5
424,187.38937,5
425,114.381226,5
426,184.88203,5
427,307.19937,5
428,269.5687,5
429,229.06888,5
430,215.14531,5
431,228.32254,5
432,208.35852,5
433,266.01346,5
434,222.81227,5
435,141.047,5
436,139.12888,5
437,228.26282,5
438,68.433426,5
439,110.21447,5
440,91.02031,5
441,244.50122,5
442,272.82236,5
443,161.41998,5
444,116.09419,5
445,144.36081,5
446,161.91971,5
447,239.67633,5
448,247.789,5
449,165.37161,5
450,84.439125,5
451,164.46838,5
452,183.60593,5
453,211.04948,5
454,119.42852,5
455,129.2503,5
456,194.7507,5
457,193.80777,5
458,184.69293,5
459,177.33426,5
460,139.21881,5
461,221.79802,5
462,217.2974,5
463,123.6585,5
464,198.41747,5
465,143.68488,5
466,228.17297,5
467,100.63144,5
468,223.43706,5
469,272.9753,5
470,201.74286,5
471,196.39355,5
472,266.6532,5
473,78.348915,5
474,175.02057,5
475,199.669,5
476,271.62146,5
477,180.012,5
478,129.73196,5
479,229.37587,5
480,108.50929,6
481,200.63492,6
482,117.67622,6
483,231.82791,6
484,137.41054,6
485,213.8384,6
486,74.729965,6
487,124.72185,6
488,302.26767,6
489,214.3264,6
490,189.26923,6
491,162.93149,6
492,90.25304,6
493,128.40298,6
494,178.13979,6
495,110.42327,6
496,210.72488,6
497,109.49242,6
498,163.71617,6
499,137.11449,6
500,87.00454,6
501,189.33075,6
502,118.027145,6
503,219.75394,6
504,183.31528,6
505,168.65668,6
506,183.3447,6
507,211.60681,6
508,210.03947,6
509,205.5119,6
510,103.373535,6
511,103.296005,6
512,97.97579,6
513,107.45407,6
514,128.00601,6
515,137.06604,6
516,206.28326,6
517,167.46124,6
518,236.19754,6
519,111.081955,6
520,258.3805,6
521,164.17389,6
522,167.94225,6
523,157.52994,6
524,153.83907,6
525,140.97707,6
526,166.31128,6
527,147.07887,6
528,212.94795,6
529,121.774826,6
530,192.98257,6
531,149.65039,6
532,164.73558,6
533,159.2019,6
534,147.90054,6
535,191.50354,6
536,130.46384,6
537,135.31247,6
538,135.15054,6
539,215.95767,6
540,163.12454,6
541,178.51886,6
542,139.54715,6
543,225.60385,6
544,108.260605,6
545,209.14261,6
546,164.88727,6
547,143.97812,6
548,78.556335,6
549,198.48395,6
550,97.713196,6
551,184.76334,6
552,196.20561,6
553,186.19495,6
554,69.72868,6
555,170.4409,6
556,234.64655,6
557,128.47421,6
558,105.09016,6
559,156.80247,6
560,98.54181,7
561,87.71228,7
562,111.737625,7
563,55.55569,7
564,95.354576,7
565,72.54825,7
566,113.238235,7
567,93.24655,7
568,97.57819,7
569,101.78056,7
570,97.36373,7
571,78.82291,7
572,66.39369,7
573,110.476685,7
574,61.726913,7
575,46.075283,7
576,21.289146,7
577,53.61714,7
578,84.040764,7
579,67.236534,7
580,60.32762,7
581,99.903885,7
582,47.928146,7
583,114.64031,7
584,98.724556,7
585,137.61328,7
586,-3.4835587,7
587,118.22967,7
588,73.4867,7
589,99.12225,7
590,128.3297,7
591,47.72843,7
592,101.3672,7
593,50.83844,7
594,58.36768,7
595,74.79018,7
596,123.99614,7
597,121.36893,7
598,87.44121,7
599,123.5842,7
600,112.5953,7
601,159.1803,7
602,-8.492814,7
603,57.166523,7
604,76.66978,7
605,99.61883,7
606,126.09557,7
607,137.83873,7
608,101.390976,7
609,127.74139,7
610,116.368835,7
611,22.978418,7
612,84.21095,7
613,93.51226,7
614,99.95523,7
615,54.93989,7
616,73.17656,7
617,44.949215,7
618,131.4838,7
619,83.33612,7
620,165.34505,7
621,95.44231,7
622,139.54393,7
623,75.649796,7
624,51.393578,7
625,83.806595,7
626,67.92575,7
627,23.828093,7
628,119.55102,7
629,68.29258,7
630,73.48556,7
631,91.51881,7
632,79.22061,7
633,59.996048,7
634,150.42561,7
635,82.4239,7
636,85.48335,7
637,76.23848,7
638,70.84801,7
639,70.36619,7
640,84.24271,8
641,179.1614,8
642,122.62267,8
643,100.26421,8
644,124.44949,8
645,118.94295,8
646,99.45407,8
647,91.82376,8
648,208.05753,8
649,188.32062,8
650,178.74753,8
651,180.93117,8
652,172.2255,8
653,47.915405,8
654,151.16177,8
655,143.07635,8
656,190.36063,8
657,167.37329,8
658,109.47434,8
659,82.6741,8
660,136.86662,8
661,48.17143,8
662,136.29123,8
663,148.86768,8
664,241.91742,8
665,52.321175,8
666,147.16452,8
667,93.68907,8
668,152.62018,8
669,150.6243,8
670,122.029526,8
671,136.05249,8
672,164.52899,8
673,99.44369,8
674,99.164894,8
675,163.23479,8
676,-27.968203,8
677,69.889786,8
678,46.058,8
679,161.02466,8
680,154.6464,8
681,164.80246,8
682,138.67198,8
683,163.53455,8
684,125.955864,8
685,127.85037,8
686,186.13577,8
687,134.06534,8
688,136.65576,8
689,70.29066,8
690,78.12818,8
691,152.96916,8
692,154.171,8
693,166.00024,8
694,129.23088,8
695,145.1996,8
696,123.70381,8
697,110.770584,8
698,74.68528,8
699,29.014385,8
700,161.61462,8
701,107.00676,8
702,163.49661,8
703,75.02089,8
704,176.56372,8
705,132.32034,8
706,122.260895,8
707,118.562836,8
708,112.912766,8
709,160.68867,8
710,201.7376,8
711,153.72778,8
712,112.98256,8
713,203.83534,8
714,149.31686,8
715,170.68791,8
716,57.231308,8
717,193.1427,8
718,106.783264,8
719,129.55139,8
720,85.280685,9
721,206.9946,9
722,32.113136,9
723,153.21426,9
724,11.204938,9
725,87.01353,9
726,108.80929,9
727,23.369192,9
728,47.957436,9
729,-32.112953,9
730,38.072357,9
731,27.585217,9
732,57.0625,9
733,62.84504,9
734,109.82247,9
735,137.99861,9
736,23.846811,9
737,81.35022,9
738,63.48729,9
739,75.81479,9
740,48.823174,9
741,62.02004,9
742,15.703641,9
743,77.82039,9
744,25.147604,9
745,7.557082,9
746,22.226984,9
747,125.58385,9
748,111.80731,9
749,163.29321,9
750,45.70955,9
751,75.0849,9
752,78.25146,9
753,105.03374,9
754,105.389885,9
755,61.914574,9
756,77.251755,9
757,69.521484,9
758,9.907746,9
759,21.826525,9
760,122.26597,9
761,48.806072,9
762,-58.275967,9
763,88.54033,9
764,75.584175,9
765,21.915873,9
766,90.36365,9
767,72.26628,9
768,90.48074,9
769,103.76785,9
770,111.421814,9
771,85.750626,9
772,65.1933,9
773,42.594227,9
774,112.55823,9
775,78.419174,9
776,152.13538,9
777,57.573647,9
778,16.070967,9
779,74.19779,9
780,58.168533,9
781,9.790668,9
782,13.366454,9
783,146.318,9
784,57.56137,9
785,106.57033,9
786,-1.4225702,9
787,50.218655,9
788,41.376118,9
789,68.09509,9
790,21.85446,9
791,2.0764148,9
792,147.51077,9
793,48.283688,9
794,49.772186,9
795,-3.7279863,9
796,72.14331,9
797,125.543076,9
798,122.00127,9
799,122.19674,9
