Image,Value,Label
0,-112.82841,0
1,-10.3669615,0
2,-142.4276,0
3,-144.29596,0
4,-140.52919,0
5,-97.52606,0
6,-15.374468,0
7,-53.674473,0
8,-53.492466,0
9,-103.38897,0
10,50.70343,0
11,-106.50454,0
12,-140.22372,0
13,-42.46414,0
14,-46.960934,0
15,-134.212,0
16,-23.943707,0
17,-83.52038,0
18,-114.493034,0
19,-113.95121,0
20,-114.18035,0
21,-36.495174,0
22,-103.89003,0
23,-51.70648,0
24,-82.27975,0
25,-17.157536,0
26,-31.758612,0
27,-88.46676,0
28,-114.55356,0
29,-68.86786,0
30,0.6194979,0
31,-116.709755,0
32,-63.686752,0
33,-150.1194,0
34,-90.19033,0
35,-126.2219,0
36,-1.1892732,0
37,-79.24343,0
38,-1.3622164,0
39,-86.912636,0
40,-75.26358,0
41,-81.59577,0
42,-96.92294,0
43,-36.892548,0
44,-96.67314,0
45,-128.78397,0
46,-66.72695,0
47,-58.127384,0
48,-52.10394,0
49,-64.6707,0
50,-77.47053,0
51,-32.67837,0
52,-20.72316,0
53,-134.58687,0
54,-51.979744,0
55,-125.19549,0
56,-114.34704,0
57,-21.589104,0
58,-203.99779,0
59,26.436562,0
60,-151.13503,0
61,-53.745205,0
62,-67.2118,0
63,-99.843376,0
64,12.484586,0
65,-191.83891,0
66,-72.71705,0
67,-39.067635,0
68,-0.4996923,0
69,-128.37404,0
70,-149.2386,0
71,-148.31865,0
72,-116.8334,0
73,-159.78963,0
74,-98.02741,0
75,-78.830734,0
76,-66.1273,0
77,-170.76953,0
78,-103.66303,0
79,-194.87595,0
80,44.582314,1
81,-48.311543,1
82,-11.7636385,1
83,-19.817558,1
84,8.340542,1
85,25.933998,1
86,-3.5639088,1
87,-33.92191,1
88,-14.365299,1
89,86.62049,1
90,-18.92021,1
91,7.9684668,1
92,3.4588315,1
93,37.894543,1
94,-74.00771,1
95,-17.442455,1
96,-27.449768,1
97,-20.49783,1
98,30.319576,1
99,7.18607,1
100,-8.104429,1
101,-29.078987,1
102,63.361866,1
103,-5.1034884,1
104,-7.164884,1
105,-11.975821,1
106,55.278576,1
107,10.6643095,1
108,8.714397,1
109,-8.206931,1
110,73.33736,1
111,-20.478142,1
112,6.269839,1
113,-11.056014,1
114,24.475693,1
115,10.10164,1
116,6.5229096,1
117,-18.070726,1
118,13.457841,1
119,-5.358315,1
120,15.9480505,1
121,-6.047542,1
122,-16.46061,1
123,34.97873,1
124,28.769234,1
125,5.925451,1
126,-43.341427,1
127,10.917306,1
128,20.744316,1
129,-5.530437,1
130,-36.52365,1
131,-33.762787,1
132,-29.003613,1
133,-6.8246827,1
134,24.027933,1
135,40.48174,1
136,-6.7732224,1
137,-2.1749542,1
138,7.972779,1
139,-22.459623,1
140,-5.308453,1
141,-22.716814,1
142,51.70653,1
143,12.153062,1
144,-16.695227,1
145,54.71841,1
146,44.148182,1
147,11.472747,1
148,-5.913509,1
149,25.693628,1
150,10.431048,1
151,43.82886,1
152,-49.006916,1
153,3.3445442,1
154,-22.103142,1
155,49.38359,1
156,53.689606,1
157,-22.247887,1
158,4.9592996,1
159,6.7438207,1
160,25.594887,2
161,38.867237,2
162,-11.95411,2
163,45.494236,2
164,2.8419902,2
165,-58.681072,2
166,-111.48848,2
167,128.99942,2
168,11.314866,2
169,-3.3233597,2
170,-74.195404,2
171,101.33696,2
172,-97.83731,2
173,-57.302746,2
174,37.176945,2
175,-34.185898,2
176,-29.20104,2
177,-22.834305,2
178,-76.2984,2
179,-32.229275,2
180,-69.59251,2
181,0.051534314,2
182,-87.63689,2
183,40.18886,2
184,80.265236,2
185,-173.49626,2
186,-105.479675,2
187,-60.066574,2
188,28.271662,2
189,-27.595287,2
190,2.952788,2
191,19.689295,2
192,-8.106418,2
193,10.604783,2
194,5.9233975,2
195,20.574436,2
196,-75.44639,2
197,-111.41706,2
198,67.318405,2
199,-47.742283,2
200,60.8846,2
201,131.9973,2
202,-122.90426,2
203,-123.865295,2
204,-46.47393,2
205,10.857646,2
206,-70.389946,2
207,-108.8801,2
208,43.561207,2
209,-142.77705,2
210,-156.70088,2
211,-160.93529,2
212,-131.96986,2
213,-34.85101,2
214,-56.15911,2
215,-22.264336,2
216,-90.70931,2
217,-59.0846,2
218,2.245546,2
219,-96.11355,2
220,-65.9087,2
221,33.33272,2
222,-34.4361,2
223,47.05178,2
224,-89.61086,2
225,-168.09492,2
226,-155.51492,2
227,37.56058,2
228,-28.463638,2
229,-10.686008,2
230,-83.04228,2
231,-1.2870497,2
232,-45.437256,2
233,30.423838,2
234,-59.940224,2
235,-35.197826,2
236,62.94215,2
237,54.302704,2
238,-83.61285,2
239,-122.35404,2
240,-140.65793,3
241,-11.734082,3
242,17.302387,3
243,-1.0231279,3
244,-22.027506,3
245,-32.085823,3
246,-56.164642,3
247,62.66317,3
248,106.96997,3
249,-5.5668445,3
250,-71.314705,3
251,125.265,3
252,-67.00707,3
253,25.997086,3
254,40.178043,3
255,36.314465,3
256,-77.54981,3
257,42.22445,3
258,84.72512,3
259,-79.267784,3
260,-12.331151,3
261,-0.76856744,3
262,165.36388,3
263,-69.31593,3
264,39.690975,3
265,-16.573917,3
266,54.730427,3
267,61.71131,3
268,-121.387764,3
269,12.627013,3
270,39.85938,3
271,26.511963,3
272,109.12417,3
273,-92.99584,3
274,-15.146951,3
275,-39.60912,3
276,27.000542,3
277,3.694619,3
278,-76.705086,3
279,80.14696,3
280,93.42124,3
281,11.305844,3
282,34.815273,3
283,-111.93005,3
284,107.10919,3
285,13.727048,3
286,16.000786,3
287,38.640198,3
288,-70.89452,3
289,15.808925,3
290,-64.84654,3
291,-66.17802,3
292,-17.351206,3
293,-4.132503,3
294,-63.74767,3
295,-90.688354,3
296,-171.53548,3
297,-23.110018,3
298,-42.870632,3
299,-129.02328,3
300,93.44928,3
301,-122.444305,3
302,-29.179575,3
303,-29.95552,3
304,-81.501595,3
305,8.957175,3
306,-60.599106,3
307,9.974156,3
308,-2.915126,3
309,-112.443504,3
310,-40.105038,3
311,-4.965999,3
312,-14.11553,3
313,-22.059353,3
314,107.40905,3
315,52.386272,3
316,11.72283,3
317,-43.221684,3
318,90.90469,3
319,0.95451796,3
320,-201.9842,4
321,-47.404896,4
322,-94.06236,4
323,-1.6917213,4
324,-62.41389,4
325,-141.09111,4
326,-91.296776,4
327,27.331545,4
328,13.220426,4
329,13.184081,4
330,-46.041855,4
331,-137.79329,4
332,-25.506584,4
333,-65.71479,4
334,-18.608328,4
335,-32.825756,4
336,14.979699,4
337,-35.1151,4
338,-56.5782,4
339,-48.532455,4
340,-68.98924,4
341,-19.348919,4
342,-24.419733,4
343,-64.992645,4
344,-111.804146,4
345,14.152418,4
346,-22.841143,4
347,-93.59446,4
348,-17.102903,4
349,-79.030876,4
350,-27.564968,4
351,-220.11497,4
352,-159.66537,4
353,46.774693,4
354,-62.942356,4
355,-51.948414,4
356,-194.14032,4
357,-58.43476,4
358,-174.69331,4
359,-62.075233,4
360,-43.41567,4
361,-77.09046,4
362,-88.64292,4
363,23.555035,4
364,-117.79633,4
365,-83.39747,4
366,-136.27264,4
367,-42.595146,4
368,-75.43708,4
369,-84.25396,4
370,-177.85223,4
371,-204.38089,4
372,-93.468506,4
373,-29.244764,4
374,-68.785225,4
375,-17.755508,4
376,-33.723316,4
377,-46.787426,4
378,-36.139668,4
379,-0.39350066,4
380,-42.76466,4
381,-91.27314,4
382,-52.779343,4
383,-6.797421,4
384,-140.8577,4
385,-29.528578,4
386,-61.86492,4
387,-40.74609,4
388,-43.608055,4
389,-109.776695,4
390,-107.16224,4
391,-22.017153,4
392,-82.57375,4
393,-116.299194,4
394,-71.15386,4
395,-143.30493,4
396,-185.23883,4
397,-27.576359,4
398,-166.572,4
399,-74.13654,4
400,-76.38585,5
401,-21.233028,5
402,0.57286227,5
403,-116.49889,5
404,-41.84816,5
405,-0.49830374,5
406,-136.66579,5
407,-21.591898,5
408,-156.55086,5
409,-10.459634,5
410,-127.92322,5
411,-89.50596,5
412,-52.461475,5
413,-11.084412,5
414,-53.20631,5
415,6.897591,5
416,-7.6984534,5
417,-67.65973,5
418,-47.886684,5
419,-24.981625,5
420,-164.14815,5
421,-97.20556,5
422,-14.513076,5
423,-121.72368,5
424,-45.690147,5
425,20.164581,5
426,-21.76379,5
427,-105.24128,5
428,-36.943306,5
429,-34.095165,5
430,-58.99711,5
431,-57.65921,5
432,-153.1439,5
433,-33.16116,5
434,-11.648386,5
435,-163.54543,5
436,35.486935,5
437,-31.218023,5
438,-53.044197,5
439,7.1172748,5
440,-63.25316,5
441,-78.95282,5
442,-68.47871,5
443,-51.095585,5
444,-28.067257,5
445,-46.90359,5
446,-96.4105,5
447,-120.34273,5
448,-140.96742,5
449,-18.674355,5
450,-119.00963,5
451,-87.26455,5
452,-56.05445,5
453,-27.074165,5
454,-102.451775,5
455,-78.41556,5
456,-25.713602,5
457,-44.325855,5
458,-123.65118,5
459,-38.82617,5
460,-111.59016,5
461,-0.15678917,5
462,-28.443619,5
463,-94.32987,5
464,34.506283,5
465,-74.41076,5
466,-78.04534,5
467,7.62771,5
468,-65.24122,5
469,-82.87582,5
470,-75.800026,5
471,-19.860415,5
472,15.805245,5
473,-146.32248,5
474,-71.98513,5
475,-67.10469,5
476,-20.358402,5
477,-27.949926,5
478,-36.236275,5
479,-75.7031,5
480,-46.53776,6
481,-133.7852,6
482,-75.17947,6
483,-134.98659,6
484,-63.050632,6
485,-70.182915,6
486,-131.71968,6
487,-116.239456,6
488,-116.95579,6
489,-89.568886,6
490,-136.55193,6
491,-72.17201,6
492,-96.91011,6
493,-89.778595,6
494,-17.315218,6
495,7.5516624,6
496,-51.067776,6
497,-150.73274,6
498,-56.05494,6
499,-156.27338,6
500,-87.88874,6
501,-94.144485,6
502,-27.735088,6
503,-68.58724,6
504,-75.764725,6
505,-71.81068,6
506,-120.525406,6
507,-73.608185,6
508,-174.42415,6
509,-113.90353,6
510,-143.34084,6
511,-148.35014,6
512,-73.36776,6
513,-118.61487,6
514,-137.98882,6
515,-80.25328,6
516,-63.170525,6
517,-149.58287,6
518,-80.2464,6
519,9.073146,6
520,-100.959526,6
521,-111.33323,6
522,-112.01214,6
523,6.526418,6
524,-80.13952,6
525,-31.795622,6
526,-84.01859,6
527,-116.153114,6
528,-20.441147,6
529,-18.527267,6
530,-29.978851,6
531,-82.00272,6
532,-133.8119,6
533,-61.32478,6
534,-69.64163,6
535,-140.31464,6
536,-38.61812,6
537,-42.43046,6
538,-10.1908,6
539,-52.840515,6
540,-91.31504,6
541,-67.66542,6
542,-9.109703,6
543,-124.764114,6
544,-122.18354,6
545,-26.94783,6
546,-87.424545,6
547,-185.81148,6
548,-120.27642,6
549,-50.461784,6
550,-165.41322,6
551,-140.8215,6
552,-41.83978,6
553,-55.56319,6
554,-128.14642,6
555,-52.19055,6
556,-74.165016,6
557,-142.30434,6
558,-36.765614,6
559,-146.49193,6
560,-32.39252,7
561,10.570174,7
562,25.101519,7
563,-55.225155,7
564,-65.789215,7
565,-9.650931,7
566,-45.28529,7
567,-30.527163,7
568,-10.305514,7
569,-35.702076,7
570,-32.827755,7
571,-39.520885,7
572,34.277092,7
573,-80.40324,7
574,-45.894325,7
575,-20.43864,7
576,-186.29057,7
577,-32.56304,7
578,-17.079607,7
579,-10.510646,7
580,30.53711,7
581,53.644096,7
582,60.12386,7
583,-71.90631,7
584,-49.41895,7
585,-8.981802,7
586,-10.080348,7
587,-9.27748,7
588,2.0954874,7
589,-16.243666,7
590,-112.069855,7
591,-41.600742,7
592,-32.061096,7
593,-4.1277843,7
594,-14.908807,7
595,0.58702147,7
596,-58.68028,7
597,-31.916296,7
598,-27.024202,7
599,14.431542,7
600,-66.2573,7
601,32.929382,7
602,-73.82809,7
603,12.819032,7
604,62.522495,7
605,-54.108112,7
606,-3.9013193,7
607,-138.03401,7
608,-22.293787,7
609,-13.077781,7
610,2.1573474,7
611,-100.18504,7
612,-45.43323,7
613,-8.789205,7
614,-60.12285,7
615,13.35493,7
616,-11.469285,7
617,3.2446373,7
618,-34.739315,7
619,-141.54427,7
620,-60.556168,7
621,42.2052,7
622,-7.6710334,7
623,-37.688354,7
624,-38.075954,7
625,-80.25812,7
626,-39.47618,7
627,32.02866,7
628,27.181305,7
629,-28.250732,7
630,3.6180894,7
631,39.99171,7
632,3.6734807,7
633,-13.783967,7
634,-20.682188,7
635,22.16008,7
636,-32.616985,7
637,36.40032,7
638,-77.58826,7
639,-69.73409,7
640,-80.18968,8
641,33.175087,8
642,-20.37098,8
643,100.54341,8
644,110.05282,8
645,78.87276,8
646,97.0368,8
647,34.957325,8
648,-64.37292,8
649,40.287548,8
650,93.42184,8
651,43.21618,8
652,32.17944,8
653,-13.714883,8
654,26.89336,8
655,13.515513,8
656,20.334217,8
657,38.053143,8
658,61.111275,8
659,-92.77166,8
660,108.8625,8
661,-29.870655,8
662,37.52905,8
663,47.97703,8
664,-105.833374,8
665,43.39267,8
666,-3.2558,8
667,34.629307,8
668,68.70306,8
669,-77.20084,8
670,61.99957,8
671,89.5802,8
672,-5.720371,8
673,36.56526,8
674,140.2159,8
675,25.91653,8
676,-54.552074,8
677,41.63853,8
678,-93.13156,8
679,73.93562,8
680,40.571213,8
681,27.576962,8
682,13.552772,8
683,80.81368,8
684,121.936775,8
685,-65.68578,8
686,42.54372,8
687,119.830635,8
688,-11.639085,8
689,-5.6805167,8
690,43.331013,8
691,-28.343052,8
692,-3.6952775,8
693,48.2689,8
694,59.093323,8
695,73.01428,8
696,-67.7109,8
697,83.18102,8
698,108.742325,8
699,-123.17564,8
700,157.4488,8
701,37.200905,8
702,89.301674,8
703,21.908543,8
704,141.7751,8
705,0.6310898,8
706,-57.665356,8
707,45.546204,8
708,111.30441,8
709,31.923546,8
710,66.97527,8
711,100.949165,8
712,93.25659,8
713,-13.608012,8
714,-43.90519,8
715,96.84105,8
716,13.204829,8
717,12.605675,8
718,-1.4506983,8
719,8.271443,8
720,-18.16556,9
721,-22.995619,9
722,-111.639534,9
723,-111.74795,9
724,12.690543,9
725,17.175713,9
726,1.0170599,9
727,-96.71613,9
728,-24.742123,9
729,-62.010136,9
730,-76.32239,9
731,50.82905,9
732,-58.25251,9
733,-28.623526,9
734,76.07803,9
735,47.43627,9
736,-11.393212,9
737,-41.5069,9
738,-14.166129,9
739,-48.80385,9
740,-84.05554,9
741,-141.12032,9
742,-135.24535,9
743,-29.124619,9
744,-84.42714,9
745,-108.92936,9
746,1.8233916,9
747,0.4511458,9
748,40.567112,9
749,55.674305,9
750,-35.558933,9
751,-68.39867,9
752,-325.00253,9
753,-36.43813,9
754,-269.64844,9
755,-23.652103,9
756,-25.848848,9
757,-32.488293,9
758,-157.79802,9
759,2.4812858,9
760,-6.513105,9
761,4.2538047,9
762,-260.03955,9
763,-46.900654,9
764,11.398152,9
765,-59.29711,9
766,-52.89089,9
767,-6.4723334,9
768,25.976044,9
769,23.180859,9
770,-11.516488,9
771,-15.694019,9
772,-66.02547,9
773,-5.469855,9
774,31.91373,9
775,16.54976,9
776,-35.26951,9
777,53.11273,9
778,-104.32508,9
779,-17.36619,9
780,-61.49393,9
781,-76.06959,9
782,-27.987541,9
783,-7.117183,9
784,-49.049107,9
785,-9.252488,9
786,-43.670616,9
787,-30.780727,9
788,18.582537,9
789,-2.3411148,9
790,-46.123585,9
791,-74.58091,9
792,14.023989,9
793,-57.957294,9
794,-57.720108,9
795,-0.1828054,9
796,23.663586,9
797,-7.1662154,9
798,31.413952,9
799,71.1425,9
