Image,Value,Label
0,-374.74933,0
1,-172.1472,0
2,-185.74132,0
3,-342.39697,0
4,-252.13596,0
5,-240.9118,0
6,-319.54892,0
7,-382.1134,0
8,-334.75073,0
9,-287.89355,0
10,-324.8808,0
11,-239.29976,0
12,-436.0094,0
13,-349.7793,0
14,-272.04285,0
15,-191.0194,0
16,-246.1641,0
17,-328.9878,0
18,-347.4315,0
19,-310.64713,0
20,-428.71286,0
21,-278.43585,0
22,-368.36203,0
23,-243.6522,0
24,-334.48544,0
25,-227.53731,0
26,-321.25964,0
27,-261.2884,0
28,-346.218,0
29,-138.82076,0
30,-340.4767,0
31,-223.03261,0
32,-215.10669,0
33,-210.75731,0
34,-413.47946,0
35,-190.38576,0
36,-269.54675,0
37,-152.95253,0
38,-377.19174,0
39,-161.98888,0
40,-272.34494,0
41,-362.94595,0
42,-432.07654,0
43,-272.31592,0
44,-292.2348,0
45,-383.68582,0
46,-412.64142,0
47,-303.9428,0
48,-190.6765,0
49,-205.28578,0
50,-151.37779,0
51,-319.00305,0
52,-245.1258,0
53,-258.0919,0
54,-205.106,0
55,-241.52637,0
56,-299.17053,0
57,-187.24315,0
58,-396.19336,0
59,-227.25113,0
60,-187.1457,0
61,-287.43423,0
62,-275.79297,0
63,-334.74194,0
64,-351.50818,0
65,-349.30377,0
66,-329.31448,0
67,-297.14624,0
68,-235.71007,0
69,-231.45715,0
70,-279.04034,0
71,-304.8385,0
72,-346.5901,0
73,-452.09842,0
74,-351.79663,0
75,-302.22693,0
76,-300.1181,0
77,-350.55392,0
78,-287.77386,0
79,-260.482,0
80,-185.43233,1
81,-64.94668,1
82,-124.72736,1
83,-127.21905,1
84,-121.75001,1
85,-150.16956,1
86,-78.990685,1
87,-106.04534,1
88,-110.04264,1
89,-200.57639,1
90,-50.11446,1
91,-126.31533,1
92,-143.67625,1
93,-266.31406,1
94,-156.29788,1
95,-41.627777,1
96,-157.30072,1
97,-109.35132,1
98,-159.33905,1
99,-146.08806,1
100,-77.50721,1
101,-91.3917,1
102,-292.63803,1
103,-79.92745,1
104,-113.51513,1
105,-96.30448,1
106,-221.06883,1
107,-224.13078,1
108,-132.34221,1
109,-122.63925,1
110,-247.69832,1
111,-111.90745,1
112,-183.0324,1
113,-212.34428,1
114,-173.9415,1
115,-120.57671,1
116,-170.85562,1
117,-80.129745,1
118,-197.25195,1
119,-131.6108,1
120,-149.26888,1
121,-124.3335,1
122,-129.59851,1
123,-161.82442,1
124,-79.15273,1
125,-74.79937,1
126,-135.96098,1
127,-118.619545,1
128,-155.6693,1
129,-67.23866,1
130,-131.70993,1
131,-65.15125,1
132,-97.57978,1
133,-134.6102,1
134,-105.79577,1
135,-139.81773,1
136,-172.85144,1
137,-107.36178,1
138,-172.03209,1
139,-140.60313,1
140,-107.42459,1
141,-69.53063,1
142,-224.43816,1
143,-162.8839,1
144,-168.10143,1
145,-189.53784,1
146,-175.67302,1
147,-159.80817,1
148,-158.95973,1
149,-216.0804,1
150,-249.18626,1
151,-222.42418,1
152,-159.37724,1
153,-217.99919,1
154,-156.83846,1
155,-230.32567,1
156,-242.1795,1
157,-94.22416,1
158,-109.38971,1
159,-142.29276,1
160,-169.73302,2
161,-182.66466,2
162,-139.97346,2
163,-176.59895,2
164,-294.50928,2
165,-253.15746,2
166,-222.46329,2
167,-312.71667,2
168,-295.4929,2
169,-253.37883,2
170,-170.91039,2
171,-250.1419,2
172,-212.86794,2
173,-230.75539,2
174,-333.34296,2
175,-335.66638,2
176,-217.32466,2
177,-225.44908,2
178,-202.971,2
179,-308.42664,2
180,-82.63145,2
181,-336.00885,2
182,-174.98938,2
183,-251.58006,2
184,-232.33907,2
185,-209.45128,2
186,-223.3408,2
187,-187.3449,2
188,-170.12007,2
189,-149.18785,2
190,-196.48036,2
191,-256.76892,2
192,-268.1803,2
193,-311.03137,2
194,-249.15372,2
195,-184.58565,2
196,-331.11642,2
197,-188.18063,2
198,-248.14693,2
199,-394.8604,2
200,-168.68277,2
201,-300.36627,2
202,-164.39339,2
203,-225.93001,2
204,-189.5327,2
205,-101.041794,2
206,-223.64777,2
207,-324.18854,2
208,-267.97226,2
209,-264.79147,2
210,-295.9599,2
211,-267.05133,2
212,-336.41476,2
213,-260.18427,2
214,-233.60799,2
215,-314.95844,2
216,-234.4087,2
217,-103.55979,2
218,-320.23712,2
219,-366.79544,2
220,-304.01166,2
221,-354.57037,2
222,-256.8628,2
223,-180.87276,2
224,-199.71114,2
225,-291.06073,2
226,-314.7802,2
227,-300.16638,2
228,-243.58563,2
229,-303.93744,2
230,-195.58162,2
231,-193.65108,2
232,-147.62222,2
233,-373.05377,2
234,-345.60242,2
235,-296.66077,2
236,-223.28543,2
237,-324.0636,2
238,-107.840385,2
239,-126.833435,2
240,-293.61948,3
241,-261.42596,3
242,-180.98228,3
243,-137.77711,3
244,-268.9655,3
245,-248.4921,3
246,-280.5343,3
247,-202.83632,3
248,-259.08344,3
249,-233.5554,3
250,-288.23865,3
251,-253.39925,3
252,-262.48358,3
253,-290.98126,3
254,-264.477,3
255,-306.0081,3
256,-146.38545,3
257,-257.53418,3
258,-293.1054,3
259,-319.41986,3
260,-250.60146,3
261,-212.19522,3
262,-289.40527,3
263,-235.71074,3
264,-237.05437,3
265,-202.96895,3
266,-257.78265,3
267,-297.96527,3
268,-461.5248,3
269,-278.6646,3
270,-236.91359,3
271,-213.57564,3
272,-232.61743,3
273,-161.03874,3
274,-252.79158,3
275,-162.33748,3
276,-314.28735,3
277,-192.79543,3
278,-318.38205,3
279,-235.7491,3
280,-257.84064,3
281,-335.14398,3
282,-292.04233,3
283,-183.47472,3
284,-224.09918,3
285,-286.65985,3
286,-263.11502,3
287,-299.63098,3
288,-282.53534,3
289,-261.72653,3
290,-251.98361,3
291,-256.93173,3
292,-294.58865,3
293,-256.20453,3
294,-340.88715,3
295,-248.1841,3
296,-232.70451,3
297,-301.18488,3
298,-255.51918,3
299,-326.15814,3
300,-354.90012,3
301,-298.78268,3
302,-150.55196,3
303,-176.63628,3
304,-210.60178,3
305,-183.41261,3
306,-226.25671,3
307,-134.77702,3
308,-185.01933,3
309,-354.9492,3
310,-436.966,3
311,-190.34648,3
312,-263.18005,3
313,-145.73112,3
314,-261.81482,3
315,-270.62677,3
316,-136.21193,3
317,-329.89584,3
318,-197.00414,3
319,-357.98346,3
320,-224.77068,4
321,-208.80144,4
322,-213.12051,4
323,-265.14673,4
324,-251.79312,4
325,-191.4846,4
326,-284.80945,4
327,-170.48538,4
328,-323.25858,4
329,-159.58527,4
330,-212.907,4
331,-170.60014,4
332,-189.09937,4
333,-284.5962,4
334,-163.86467,4
335,-232.08134,4
336,-136.66637,4
337,-283.55298,4
338,-193.49931,4
339,-250.05879,4
340,-404.664,4
341,-137.74759,4
342,-332.25214,4
343,-254.66139,4
344,-253.32625,4
345,-222.18167,4
346,-168.16438,4
347,-136.68869,4
348,-156.23155,4
349,-229.09557,4
350,-258.90994,4
351,-141.72633,4
352,-228.11203,4
353,-178.0455,4
354,-248.70576,4
355,-318.85825,4
356,-282.48874,4
357,-266.59302,4
358,-184.50114,4
359,-153.27824,4
360,-243.11475,4
361,-253.34482,4
362,-209.00453,4
363,-126.862305,4
364,-243.8797,4
365,-233.0537,4
366,-371.83405,4
367,-251.8378,4
368,-198.5536,4
369,-144.95903,4
370,-132.82893,4
371,-187.83183,4
372,-101.31823,4
373,-176.48546,4
374,-269.6864,4
375,-207.09976,4
376,-187.46751,4
377,-232.95189,4
378,-220.09543,4
379,-216.46492,4
380,-260.27295,4
381,-185.28265,4
382,-164.78261,4
383,-175.28084,4
384,-316.69653,4
385,-205.02037,4
386,-227.48732,4
387,-233.26697,4
388,-224.5737,4
389,-287.42188,4
390,-187.44923,4
391,-207.65111,4
392,-227.00676,4
393,-252.67435,4
394,-114.60371,4
395,-213.35081,4
396,-225.89975,4
397,-224.464,4
398,-192.00781,4
399,-261.312,4
400,-274.75183,5
401,-234.34596,5
402,-199.5106,5
403,-165.50389,5
404,-240.07417,5
405,-291.2917,5
406,-222.0815,5
407,-299.3377,5
408,-219.31763,5
409,-206.15543,5
410,-249.40288,5
411,-236.14938,5
412,-66.80077,5
413,-263.1906,5
414,-323.28436,5
415,-151.9915,5
416,-384.63696,5
417,-346.86386,5
418,-166.60316,5
419,-245.6798,5
420,-328.0043,5
421,-328.24905,5
422,-293.21225,5
423,-272.58014,5
424,-145.86565,5
425,-116.24275,5
426,-205.01695,5
427,-281.5808,5
428,-286.6285,5
429,-200.41928,5
430,-318.772,5
431,-216.64478,5
432,-171.78995,5
433,-212.85614,5
434,-247.36499,5
435,-227.27763,5
436,-207.66588,5
437,-236.87936,5
438,-90.834236,5
439,-178.83627,5
440,-107.92683,5
441,-356.54004,5
442,-276.70667,5
443,-238.34924,5
444,-124.11654,5
445,-178.47139,5
446,-225.8678,5
447,-268.25412,5
448,-338.60553,5
449,-212.58778,5
450,-108.56701,5
451,-94.6411,5
452,-90.14278,5
453,-281.07703,5
454,-206.06415,5
455,-162.85695,5
456,-277.42667,5
457,-279.26154,5
458,-194.03102,5
459,-146.34848,5
460,-132.83356,5
461,-350.38727,5
462,-329.95822,5
463,-248.48712,5
464,-190.92003,5
465,-109.729,5
466,-283.33392,5
467,-139.84547,5
468,-162.01979,5
469,-308.0716,5
470,-221.78595,5
471,-291.9186,5
472,-287.2951,5
473,-233.63599,5
474,-202.8267,5
475,-212.95619,5
476,-281.2977,5
477,-144.13805,5
478,-216.02715,5
479,-249.51639,5
480,-146.09619,6
481,-208.24934,6
482,-253.80504,6
483,-180.83723,6
484,-113.88769,6
485,-208.86029,6
486,-293.16287,6
487,-394.79974,6
488,-345.25555,6
489,-268.76978,6
490,-134.97385,6
491,-148.60544,6
492,-128.87952,6
493,-210.27216,6
494,-228.13809,6
495,-293.57944,6
496,-257.9014,6
497,-255.67296,6
498,-142.95915,6
499,-352.20694,6
500,-214.08305,6
501,-177.43956,6
502,-212.74748,6
503,-201.91425,6
504,-179.98534,6
505,-304.7169,6
506,-300.0408,6
507,-261.46707,6
508,-255.1996,6
509,-313.3276,6
510,-270.3902,6
511,-286.0525,6
512,-196.21877,6
513,-274.49777,6
514,-93.03448,6
515,-163.69507,6
516,-236.84068,6
517,-83.21197,6
518,-120.14775,6
519,-160.14381,6
520,-294.52966,6
521,-197.80838,6
522,-124.82278,6
523,-271.88034,6
524,-261.50006,6
525,-159.80914,6
526,-119.22323,6
527,-207.60341,6
528,-273.41205,6
529,-210.69792,6
530,-139.01656,6
531,-196.21451,6
532,-362.09808,6
533,-124.649025,6
534,-220.10547,6
535,-198.7099,6
536,-307.69055,6
537,-319.1729,6
538,-196.27867,6
539,-193.44855,6
540,-142.53754,6
541,-85.95952,6
542,-102.21485,6
543,-128.36508,6
544,-180.56264,6
545,-136.53404,6
546,-189.63472,6
547,-109.4062,6
548,-252.25449,6
549,-152.68358,6
550,-324.62723,6
551,-223.1328,6
552,-224.8828,6
553,-206.43028,6
554,-296.98004,6
555,-215.66466,6
556,-192.91676,6
557,-297.2532,6
558,-202.27905,6
559,-132.99911,6
560,-148.15677,7
561,-161.24902,7
562,-131.64096,7
563,-138.08772,7
564,-217.85118,7
565,-223.80594,7
566,-148.90892,7
567,-142.5377,7
568,-126.517006,7
569,-196.72935,7
570,-192.11751,7
571,-149.25963,7
572,-148.61865,7
573,-196.3119,7
574,-197.70662,7
575,-131.67638,7
576,-165.70885,7
577,-160.5259,7
578,-249.1092,7
579,-130.83586,7
580,-164.73772,7
581,-109.217125,7
582,-86.05694,7
583,-99.04513,7
584,-73.094,7
585,-88.96134,7
586,-24.642054,7
587,-145.00229,7
588,-123.4306,7
589,-199.91591,7
590,-163.04707,7
591,-105.939575,7
592,-132.14174,7
593,-295.94977,7
594,-124.325424,7
595,-185.25829,7
596,-145.81245,7
597,-300.48175,7
598,-120.710464,7
599,-138.74187,7
600,-273.63043,7
601,-197.66615,7
602,-102.16205,7
603,-189.04216,7
604,-187.69453,7
605,-105.21967,7
606,-116.313774,7
607,-183.17348,7
608,-123.10226,7
609,-149.06174,7
610,-207.91112,7
611,-77.79223,7
612,-78.8821,7
613,-126.66632,7
614,-104.72837,7
615,-67.38097,7
616,-164.52626,7
617,-155.44704,7
618,-189.18646,7
619,-220.14864,7
620,-199.97672,7
621,-117.93573,7
622,-115.67443,7
623,-106.89604,7
624,-90.90843,7
625,-132.19495,7
626,-194.45732,7
627,-58.609745,7
628,-97.43597,7
629,-118.998116,7
630,-164.13919,7
631,-178.23131,7
632,-199.5748,7
633,-159.78552,7
634,-108.7662,7
635,-123.88829,7
636,-119.24699,7
637,-90.81676,7
638,-128.56734,7
639,-126.82893,7
640,-372.9331,8
641,-292.38397,8
642,-220.85521,8
643,-206.26674,8
644,-391.13385,8
645,-115.41177,8
646,-322.20508,8
647,-203.45847,8
648,-174.8681,8
649,-209.5336,8
650,-296.28693,8
651,-237.18385,8
652,-384.94858,8
653,-444.72974,8
654,-342.63077,8
655,-245.36931,8
656,-244.63095,8
657,-265.7175,8
658,-183.03136,8
659,-400.50464,8
660,-371.48596,8
661,-244.749,8
662,-277.7917,8
663,-310.2727,8
664,-361.1358,8
665,-130.3791,8
666,-271.8802,8
667,-126.07851,8
668,-221.109,8
669,-449.74713,8
670,-275.30414,8
671,-175.97972,8
672,-189.80013,8
673,-307.04318,8
674,-270.45026,8
675,-298.08405,8
676,-159.69325,8
677,-264.32935,8
678,-186.58156,8
679,-314.84766,8
680,-296.71704,8
681,-248.77045,8
682,-308.95605,8
683,-332.2512,8
684,-267.34027,8
685,-217.496,8
686,-282.43842,8
687,-364.04657,8
688,-317.8437,8
689,-190.83134,8
690,-182.98949,8
691,-287.58505,8
692,-216.57143,8
693,-390.61963,8
694,-230.93718,8
695,-169.89468,8
696,-298.51813,8
697,-216.6653,8
698,-236.0337,8
699,-237.66093,8
700,-363.81775,8
701,-231.93483,8
702,-233.52406,8
703,-177.8011,8
704,-368.49084,8
705,-290.70837,8
706,-278.04333,8
707,-255.22519,8
708,-194.11107,8
709,-331.79605,8
710,-185.9015,8
711,-174.51706,8
712,-269.6067,8
713,-262.35526,8
714,-183.33249,8
715,-284.98898,8
716,-347.50943,8
717,-243.82994,8
718,-257.78244,8
719,-209.95755,8
720,-190.13266,9
721,-306.15817,9
722,-245.14105,9
723,-283.88116,9
724,-208.57115,9
725,-160.53162,9
726,-189.88461,9
727,-221.73436,9
728,-208.64172,9
729,-220.82567,9
730,-230.24966,9
731,-123.10215,9
732,-208.23293,9
733,-214.07903,9
734,-140.55965,9
735,-229.4421,9
736,-178.67665,9
737,-276.27847,9
738,-306.2,9
739,-231.62895,9
740,-308.5729,9
741,-255.89958,9
742,-137.52266,9
743,-220.5952,9
744,-160.32521,9
745,-196.94753,9
746,-124.16392,9
747,-165.03377,9
748,-187.98784,9
749,-227.4635,9
750,-194.53452,9
751,-179.17896,9
752,-234.59447,9
753,-236.57767,9
754,-257.9294,9
755,-155.44316,9
756,-217.48933,9
757,-175.40103,9
758,-329.96072,9
759,-103.47437,9
760,-189.71777,9
761,-217.0586,9
762,-167.47754,9
763,-154.43501,9
764,-313.85886,9
765,-201.07579,9
766,-170.62141,9
767,-256.17902,9
768,-122.222786,9
769,-179.64973,9
770,-220.80116,9
771,-176.04251,9
772,-273.87866,9
773,-125.13151,9
774,-187.64174,9
775,-161.59991,9
776,-199.2604,9
777,-150.6073,9
778,-201.96931,9
779,-175.82803,9
780,-272.95157,9
781,-197.43178,9
782,-103.40477,9
783,-178.43053,9
784,-205.38797,9
785,-237.83401,9
786,-206.33057,9
787,-122.86039,9
788,-149.19931,9
789,-205.29384,9
790,-222.8137,9
791,-208.42549,9
792,-227.26945,9
793,-274.7441,9
794,-289.6985,9
795,-167.30391,9
796,-168.23201,9
797,-139.30411,9
798,-252.22038,9
799,-165.68675,9
