Image,Value,Label
0,-325.53406,0
1,-120.766624,0
2,-133.92969,0
3,-291.72833,0
4,-248.66487,0
5,-221.14021,0
6,-243.45227,0
7,-236.10661,0
8,-235.04164,0
9,-305.0381,0
10,-181.18486,0
11,-256.68515,0
12,-347.0927,0
13,-206.14394,0
14,-227.0179,0
15,-192.39583,0
16,-186.63368,0
17,-241.04773,0
18,-358.40646,0
19,-287.45294,0
20,-417.69836,0
21,-196.7782,0
22,-330.10983,0
23,-146.55457,0
24,-340.85492,0
25,-104.046135,0
26,-287.98376,0
27,-199.46861,0
28,-317.7876,0
29,-226.95677,0
30,-229.6873,0
31,-229.05939,0
32,-182.03516,0
33,-213.79265,0
34,-318.66437,0
35,-232.2451,0
36,-202.31042,0
37,-160.4709,0
38,-273.3455,0
39,-211.00966,0
40,-253.1867,0
41,-289.67108,0
42,-391.95535,0
43,-181.51933,0
44,-233.70245,0
45,-293.92197,0
46,-323.49362,0
47,-259.2488,0
48,-160.63069,0
49,-139.2664,0
50,-165.273,0
51,-219.02519,0
52,-133.87367,0
53,-234.73506,0
54,-229.53218,0
55,-174.60611,0
56,-304.91882,0
57,-71.365944,0
58,-354.3004,0
59,-196.94144,0
60,-273.67227,0
61,-247.63202,0
62,-145.9841,0
63,-294.02277,0
64,-238.16063,0
65,-318.5301,0
66,-167.76714,0
67,-168.36745,0
68,-134.01701,0
69,-193.06413,0
70,-201.16002,0
71,-280.99133,0
72,-287.67212,0
73,-442.2256,0
74,-297.37823,0
75,-233.1224,0
76,-256.09152,0
77,-479.70416,0
78,-282.60822,0
79,-242.18672,0
80,-88.931175,1
81,-30.358366,1
82,-111.31789,1
83,-80.057,1
84,-111.002495,1
85,-86.92141,1
86,-48.95379,1
87,-76.69415,1
88,-96.517426,1
89,-126.12562,1
90,-64.88673,1
91,-57.565308,1
92,-43.229477,1
93,-130.30063,1
94,-150.65207,1
95,-56.44919,1
96,-134.64984,1
97,-94.54857,1
98,-58.097523,1
99,-109.58782,1
100,-66.22864,1
101,-67.59941,1
102,-132.97246,1
103,-39.31821,1
104,-78.72871,1
105,-95.0978,1
106,-135.03035,1
107,-115.035286,1
108,-100.69312,1
109,-95.18365,1
110,-118.56155,1
111,-81.264336,1
112,-101.580864,1
113,-87.17271,1
114,-115.183365,1
115,-80.39522,1
116,-121.64362,1
117,-51.56185,1
118,-72.90232,1
119,-111.00912,1
120,-68.98499,1
121,-80.68324,1
122,-39.187366,1
123,-70.42618,1
124,-66.2492,1
125,-59.977913,1
126,-135.06062,1
127,-71.074974,1
128,-80.12255,1
129,-63.630093,1
130,-92.65295,1
131,-66.83196,1
132,-95.16107,1
133,-93.94604,1
134,-34.819527,1
135,-87.33194,1
136,-79.26529,1
137,-54.68193,1
138,-126.237526,1
139,-111.098335,1
140,-59.20292,1
141,-78.4141,1
142,-89.42865,1
143,-107.83393,1
144,-78.329865,1
145,-101.68582,1
146,-56.92921,1
147,-94.90679,1
148,-114.50365,1
149,-137.96852,1
150,-103.43618,1
151,-137.69696,1
152,-181.22981,1
153,-126.25398,1
154,-145.81433,1
155,-121.739784,1
156,-181.2584,1
157,-81.04615,1
158,-53.97515,1
159,-125.599846,1
160,-80.53565,2
161,-220.80492,2
162,-155.15123,2
163,-173.41386,2
164,-211.39612,2
165,-290.45923,2
166,-163.51176,2
167,-260.2064,2
168,-118.769104,2
169,-210.08067,2
170,-119.92791,2
171,-278.48422,2
172,-165.17873,2
173,-277.30344,2
174,-214.84264,2
175,-258.73605,2
176,-100.48906,2
177,-165.09126,2
178,-216.63168,2
179,-254.77446,2
180,-31.79675,2
181,-280.28052,2
182,-293.1457,2
183,-183.75507,2
184,-197.05171,2
185,-193.57301,2
186,-244.5048,2
187,-153.47295,2
188,-106.34692,2
189,-85.31195,2
190,-133.07735,2
191,-219.76399,2
192,-204.04982,2
193,-267.38184,2
194,-138.07098,2
195,-119.9875,2
196,-256.08862,2
197,-209.03667,2
198,-148.69466,2
199,-255.71992,2
200,-166.16496,2
201,-214.45644,2
202,-112.154564,2
203,-253.66866,2
204,-152.25734,2
205,-121.474335,2
206,-166.67903,2
207,-301.45807,2
208,-210.64577,2
209,-317.1302,2
210,-199.5101,2
211,-246.91628,2
212,-353.42975,2
213,-193.15718,2
214,-156.86423,2
215,-193.35216,2
216,-204.70534,2
217,-182.17328,2
218,-269.97443,2
219,-339.69794,2
220,-215.63304,2
221,-325.22784,2
222,-213.60004,2
223,-146.72954,2
224,-50.71423,2
225,-273.36438,2
226,-295.79007,2
227,-167.00978,2
228,-174.73596,2
229,-248.24454,2
230,-147.26933,2
231,-149.55663,2
232,-130.31575,2
233,-358.53003,2
234,-194.50323,2
235,-233.64186,2
236,-134.8138,2
237,-226.4733,2
238,-153.00641,2
239,-233.59923,2
240,-308.35175,3
241,-186.17853,3
242,-151.97255,3
243,-112.152054,3
244,-311.7757,3
245,-228.1,3
246,-297.1926,3
247,-161.91524,3
248,-245.75058,3
249,-192.80817,3
250,-313.1141,3
251,-169.4301,3
252,-247.50865,3
253,-262.80646,3
254,-217.12358,3
255,-245.32649,3
256,-152.10088,3
257,-230.676,3
258,-330.9788,3
259,-268.26205,3
260,-238.5839,3
261,-270.07385,3
262,-245.35318,3
263,-214.19313,3
264,-175.39755,3
265,-268.66644,3
266,-277.21698,3
267,-207.21286,3
268,-384.42285,3
269,-226.93794,3
270,-145.63863,3
271,-220.81723,3
272,-257.16577,3
273,-189.07913,3
274,-232.87445,3
275,-160.24075,3
276,-338.43762,3
277,-103.57809,3
278,-259.03244,3
279,-257.18927,3
280,-189.31908,3
281,-249.48685,3
282,-293.69244,3
283,-208.7062,3
284,-178.9971,3
285,-197.45883,3
286,-288.96844,3
287,-268.77957,3
288,-292.05154,3
289,-309.75363,3
290,-249.55753,3
291,-194.01105,3
292,-251.09563,3
293,-256.59747,3
294,-255.16269,3
295,-281.19693,3
296,-248.27655,3
297,-239.37665,3
298,-209.64575,3
299,-346.70972,3
300,-331.75458,3
301,-306.92188,3
302,-112.9351,3
303,-158.64803,3
304,-138.11319,3
305,-203.9392,3
306,-233.33739,3
307,-141.20584,3
308,-166.24641,3
309,-298.7893,3
310,-403.55038,3
311,-153.02545,3
312,-212.1776,3
313,-154.21806,3
314,-237.375,3
315,-282.15717,3
316,-64.06466,3
317,-346.82782,3
318,-227.35124,3
319,-264.44644,3
320,-212.93129,4
321,-96.4248,4
322,-164.46404,4
323,-158.76848,4
324,-193.53944,4
325,-134.4958,4
326,-136.76964,4
327,-150.9537,4
328,-191.50542,4
329,-91.230095,4
330,-159.31332,4
331,-144.48952,4
332,-127.5494,4
333,-210.85191,4
334,-143.49837,4
335,-154.45596,4
336,-113.00605,4
337,-284.72058,4
338,-172.0532,4
339,-120.635315,4
340,-269.3434,4
341,-60.490234,4
342,-211.3673,4
343,-146.1485,4
344,-163.0576,4
345,-150.84415,4
346,-131.07568,4
347,-164.56215,4
348,-79.562645,4
349,-114.92874,4
350,-178.28923,4
351,-143.38426,4
352,-170.63097,4
353,-120.19111,4
354,-167.44208,4
355,-165.2138,4
356,-250.27345,4
357,-143.85799,4
358,-179.84021,4
359,-103.83379,4
360,-211.81874,4
361,-192.81087,4
362,-173.74704,4
363,-91.24991,4
364,-182.71463,4
365,-142.63652,4
366,-288.09747,4
367,-138.64363,4
368,-117.726006,4
369,-84.85265,4
370,-123.28238,4
371,-134.79437,4
372,-92.8282,4
373,-82.94772,4
374,-266.88654,4
375,-134.05121,4
376,-97.31479,4
377,-155.72563,4
378,-171.46077,4
379,-113.401276,4
380,-163.3474,4
381,-152.27763,4
382,-120.63049,4
383,-80.40055,4
384,-148.8104,4
385,-123.68347,4
386,-119.923195,4
387,-124.41593,4
388,-124.91128,4
389,-208.90286,4
390,-207.84196,4
391,-95.617775,4
392,-130.52768,4
393,-205.73654,4
394,-91.968475,4
395,-178.93852,4
396,-221.36925,4
397,-93.40023,4
398,-179.47809,4
399,-123.39567,4
400,-223.86533,5
401,-153.37856,5
402,-206.57318,5
403,-197.86685,5
404,-165.60757,5
405,-183.85042,5
406,-180.64189,5
407,-191.691,5
408,-225.89214,5
409,-197.88203,5
410,-149.55736,5
411,-140.3076,5
412,-60.338154,5
413,-88.31141,5
414,-261.86737,5
415,-191.05568,5
416,-366.84644,5
417,-244.74428,5
418,-139.34982,5
419,-274.92285,5
420,-232.93274,5
421,-270.3847,5
422,-225.21446,5
423,-249.69644,5
424,-193.8567,5
425,-125.59789,5
426,-222.55826,5
427,-318.38757,5
428,-232.28786,5
429,-163.13882,5
430,-322.81918,5
431,-165.49559,5
432,-228.74345,5
433,-197.46254,5
434,-214.64394,5
435,-236.1942,5
436,-190.87166,5
437,-166.2967,5
438,-198.2396,5
439,-178.91977,5
440,-144.72502,5
441,-296.34073,5
442,-294.6255,5
443,-176.75551,5
444,-110.247635,5
445,-190.34805,5
446,-167.04321,5
447,-217.19392,5
448,-340.43463,5
449,-132.08559,5
450,-136.56216,5
451,-125.3668,5
452,-116.095856,5
453,-167.3838,5
454,-150.74896,5
455,-172.96251,5
456,-190.55229,5
457,-234.81883,5
458,-149.95778,5
459,-228.53041,5
460,-180.99333,5
461,-276.25232,5
462,-261.53925,5
463,-213.98311,5
464,-264.42432,5
465,-82.524025,5
466,-261.64667,5
467,-131.2752,5
468,-126.97528,5
469,-258.55298,5
470,-181.21313,5
471,-262.45297,5
472,-247.7149,5
473,-193.10107,5
474,-212.7671,5
475,-214.65265,5
476,-220.9189,5
477,-150.44121,5
478,-165.66743,5
479,-243.43987,5
480,-174.34003,6
481,-122.60235,6
482,-226.25034,6
483,-151.05272,6
484,-125.95304,6
485,-153.41908,6
486,-249.6324,6
487,-270.9516,6
488,-292.04462,6
489,-179.27864,6
490,-124.56259,6
491,-207.15536,6
492,-65.17063,6
493,-144.93535,6
494,-112.08926,6
495,-198.35826,6
496,-169.25368,6
497,-183.8607,6
498,-99.52843,6
499,-324.94943,6
500,-170.57117,6
501,-63.880005,6
502,-203.9402,6
503,-153.43701,6
504,-192.64046,6
505,-206.20729,6
506,-157.86919,6
507,-132.00316,6
508,-206.13441,6
509,-247.19746,6
510,-212.28362,6
511,-191.58342,6
512,-200.9433,6
513,-197.48018,6
514,-108.71627,6
515,-130.55469,6
516,-223.55429,6
517,-111.32297,6
518,-170.32668,6
519,-147.07841,6
520,-253.50368,6
521,-205.36024,6
522,-198.39708,6
523,-163.39859,6
524,-250.84502,6
525,-123.939674,6
526,-90.42256,6
527,-151.56422,6
528,-156.92049,6
529,-208.5053,6
530,-139.88007,6
531,-111.598816,6
532,-255.74553,6
533,-155.71783,6
534,-142.61449,6
535,-145.27853,6
536,-213.8446,6
537,-200.43117,6
538,-182.9283,6
539,-121.127815,6
540,-100.752205,6
541,-101.934944,6
542,-145.45543,6
543,-191.18347,6
544,-76.9578,6
545,-169.03445,6
546,-198.8156,6
547,-132.49222,6
548,-189.94792,6
549,-160.19487,6
550,-189.42052,6
551,-159.66728,6
552,-136.1794,6
553,-150.8918,6
554,-205.09451,6
555,-167.4734,6
556,-221.46065,6
557,-210.25865,6
558,-169.05798,6
559,-174.7705,6
560,-173.32292,7
561,-105.79542,7
562,-52.695496,7
563,-136.45415,7
564,-203.11382,7
565,-149.26083,7
566,-251.92607,7
567,-113.98806,7
568,-169.16466,7
569,-192.72862,7
570,-221.51881,7
571,-91.15223,7
572,-115.771126,7
573,-223.59734,7
574,-112.08462,7
575,-140.34325,7
576,-180.47821,7
577,-165.60414,7
578,-211.78494,7
579,-132.7944,7
580,-167.21036,7
581,-98.4017,7
582,-105.13135,7
583,-166.85724,7
584,-115.91157,7
585,-138.6452,7
586,-172.04266,7
587,-201.859,7
588,-98.52216,7
589,-181.20387,7
590,-277.8609,7
591,-72.316605,7
592,-116.57855,7
593,-226.23508,7
594,-126.527565,7
595,-193.88847,7
596,-209.56664,7
597,-252.77872,7
598,-123.96619,7
599,-189.94548,7
600,-271.24194,7
601,-122.99627,7
602,-149.26407,7
603,-180.90924,7
604,-179.75401,7
605,-131.23087,7
606,-146.3482,7
607,-229.27733,7
608,-134.28496,7
609,-77.93612,7
610,-185.41139,7
611,-191.08022,7
612,-178.05449,7
613,-161.5053,7
614,-127.5367,7
615,-67.72584,7
616,-126.66891,7
617,-163.56145,7
618,-104.88039,7
619,-204.2863,7
620,-190.63994,7
621,-98.83969,7
622,-130.49048,7
623,-120.72509,7
624,-87.99212,7
625,-254.87349,7
626,-136.15125,7
627,-80.67521,7
628,-62.117935,7
629,-135.91292,7
630,-168.05714,7
631,-84.98136,7
632,-155.85774,7
633,-122.10082,7
634,-149.11554,7
635,-144.14122,7
636,-130.88376,7
637,-155.19371,7
638,-206.31374,7
639,-115.98621,7
640,-398.7035,8
641,-206.7791,8
642,-228.14653,8
643,-144.32253,8
644,-216.49405,8
645,-106.03123,8
646,-280.09326,8
647,-132.91833,8
648,-197.61201,8
649,-189.43092,8
650,-252.93433,8
651,-149.89404,8
652,-273.34656,8
653,-352.8146,8
654,-268.41583,8
655,-146.56535,8
656,-133.7006,8
657,-200.29794,8
658,-178.4766,8
659,-433.9063,8
660,-357.73404,8
661,-179.78893,8
662,-245.07286,8
663,-290.8635,8
664,-378.7416,8
665,-158.79616,8
666,-292.6012,8
667,-111.393684,8
668,-226.11604,8
669,-296.1939,8
670,-174.26755,8
671,-91.3674,8
672,-265.83627,8
673,-239.33766,8
674,-136.84328,8
675,-192.62904,8
676,-159.11713,8
677,-201.46776,8
678,-151.27544,8
679,-214.43301,8
680,-204.81755,8
681,-250.37254,8
682,-269.77536,8
683,-190.43365,8
684,-255.86464,8
685,-237.40677,8
686,-188.40189,8
687,-298.66962,8
688,-327.7152,8
689,-103.86028,8
690,-209.04376,8
691,-293.2048,8
692,-211.02539,8
693,-331.99915,8
694,-173.5926,8
695,-109.75814,8
696,-323.59763,8
697,-137.46849,8
698,-121.060425,8
699,-198.91634,8
700,-235.6447,8
701,-195.54984,8
702,-153.76689,8
703,-147.3514,8
704,-328.04193,8
705,-224.55669,8
706,-267.71008,8
707,-183.12334,8
708,-128.09947,8
709,-243.76625,8
710,-131.42618,8
711,-145.57773,8
712,-206.24425,8
713,-197.97264,8
714,-101.49768,8
715,-228.93285,8
716,-240.93985,8
717,-216.92354,8
718,-236.12105,8
719,-135.99951,8
720,-127.67495,9
721,-276.627,9
722,-163.94148,9
723,-298.5775,9
724,-145.29355,9
725,-143.0555,9
726,-140.68471,9
727,-150.39508,9
728,-152.93965,9
729,-154.8861,9
730,-194.9593,9
731,-101.773674,9
732,-218.44594,9
733,-203.48497,9
734,-139.36964,9
735,-125.41648,9
736,-91.17614,9
737,-265.08533,9
738,-217.82129,9
739,-189.08691,9
740,-209.15532,9
741,-201.52434,9
742,-205.22636,9
743,-181.17377,9
744,-231.40617,9
745,-220.18645,9
746,-76.840454,9
747,-179.93857,9
748,-128.8249,9
749,-140.94159,9
750,-177.46375,9
751,-136.27472,9
752,-307.3009,9
753,-131.1657,9
754,-279.826,9
755,-143.5635,9
756,-133.6498,9
757,-149.53326,9
758,-244.91083,9
759,-88.92814,9
760,-135.73067,9
761,-177.56856,9
762,-151.63992,9
763,-157.9188,9
764,-220.15578,9
765,-214.86725,9
766,-171.35785,9
767,-193.90242,9
768,-101.584724,9
769,-103.01469,9
770,-168.46416,9
771,-117.66438,9
772,-243.10872,9
773,-65.07009,9
774,-117.17349,9
775,-120.34176,9
776,-178.93156,9
777,-107.35413,9
778,-206.20949,9
779,-143.2443,9
780,-274.12234,9
781,-176.19139,9
782,-102.50314,9
783,-187.0057,9
784,-169.79915,9
785,-231.00124,9
786,-190.65553,9
787,-57.407223,9
788,-105.296165,9
789,-135.5695,9
790,-148.15613,9
791,-172.32613,9
792,-177.71698,9
793,-189.51842,9
794,-187.7293,9
795,-147.3423,9
796,-175.3559,9
797,-86.10009,9
798,-177.14345,9
799,-121.222565,9
