Image,Value,Label
0,-102.43836,0
1,-102.274704,0
2,-69.53932,0
3,-30.426632,0
4,-159.13304,0
5,-112.3558,0
6,-57.294594,0
7,-97.79672,0
8,-97.60797,0
9,-93.448074,0
10,-112.69168,0
11,-126.80768,0
12,-154.78386,0
13,-124.948425,0
14,-98.39099,0
15,-128.87059,0
16,-56.647923,0
17,-63.468678,0
18,-160.45407,0
19,37.857254,0
20,-130.74329,0
21,-53.739357,0
22,-82.446976,0
23,-41.71484,0
24,-126.57474,0
25,-42.364246,0
26,-115.69856,0
27,-100.2886,0
28,-122.85013,0
29,-68.27223,0
30,-67.25531,0
31,-136.1157,0
32,-82.67274,0
33,-158.4214,0
34,-123.30318,0
35,-203.21245,0
36,-34.509563,0
37,-112.99403,0
38,-64.63281,0
39,-94.14778,0
40,-160.52545,0
41,-135.49242,0
42,-173.14006,0
43,-97.64987,0
44,-140.5684,0
45,-10.824713,0
46,-81.60188,0
47,-172.28772,0
48,-14.797363,0
49,-87.69042,0
50,-148.66182,0
51,-67.14749,0
52,-79.926025,0
53,-135.60973,0
54,-59.11346,0
55,-97.37505,0
56,-155.00417,0
57,-45.01147,0
58,-237.85716,0
59,-80.572105,0
60,-59.508595,0
61,-186.40767,0
62,-113.56955,0
63,-128.50008,0
64,3.5635755,0
65,-169.39174,0
66,-39.86106,0
67,-203.10046,0
68,-50.490295,0
69,-175.32352,0
70,-233.25923,0
71,-84.60889,0
72,-166.4247,0
73,-170.56682,0
74,-108.233246,0
75,-137.71422,0
76,-78.36124,0
77,-65.94643,0
78,96.63594,0
79,-59.954617,0
80,-2.552605,1
81,13.321182,1
82,13.301384,1
83,-5.1710095,1
84,-13.059427,1
85,17.348267,1
86,-7.6492543,1
87,0.8854939,1
88,-9.286341,1
89,-76.08804,1
90,-0.5439142,1
91,-31.893955,1
92,-58.13427,1
93,1.4242703,1
94,-77.57355,1
95,-5.2092757,1
96,-24.361116,1
97,-9.678921,1
98,-12.133479,1
99,-19.203957,1
100,20.452343,1
101,-48.843082,1
102,-62.22868,1
103,-51.007023,1
104,10.597287,1
105,39.581596,1
106,-76.96742,1
107,-21.706573,1
108,-15.6852665,1
109,-27.895031,1
110,-44.529762,1
111,41.78739,1
112,-13.970938,1
113,-37.07855,1
114,-17.593525,1
115,-26.243168,1
116,-0.079868644,1
117,-47.051624,1
118,-49.09415,1
119,-15.896975,1
120,-8.525967,1
121,16.282495,1
122,-50.56316,1
123,-0.33370504,1
124,-53.375164,1
125,-35.00947,1
126,-45.844707,1
127,-10.856024,1
128,-21.896656,1
129,-27.5382,1
130,-54.536465,1
131,-26.062521,1
132,-37.90387,1
133,-41.396793,1
134,-13.931584,1
135,-3.8135626,1
136,-11.139757,1
137,-23.535057,1
138,-20.302681,1
139,-0.89518964,1
140,6.4870343,1
141,-3.4306834,1
142,-54.03475,1
143,-5.83602,1
144,-68.19198,1
145,-41.423725,1
146,-14.28459,1
147,-3.0452654,1
148,18.748182,1
149,-18.02561,1
150,-35.837368,1
151,-40.140667,1
152,5.046579,1
153,-17.460278,1
154,15.099976,1
155,-23.836662,1
156,-36.09856,1
157,-20.27901,1
158,-12.737145,1
159,14.543972,1
160,-44.161095,2
161,6.894838,2
162,-58.33971,2
163,-45.47973,2
164,-58.33522,2
165,-147.19823,2
166,2.0941904,2
167,-60.377262,2
168,-41.68262,2
169,-103.305786,2
170,-44.63935,2
171,-35.5576,2
172,-9.201225,2
173,-24.150442,2
174,-35.22301,2
175,-86.00455,2
176,-110.54097,2
177,-106.17126,2
178,-28.956211,2
179,89.634766,2
180,-30.699383,2
181,-137.66817,2
182,-186.87437,2
183,-123.6073,2
184,-66.469795,2
185,-52.265316,2
186,-118.43587,2
187,-32.75912,2
188,-98.20184,2
189,-7.188462,2
190,-20.280685,2
191,-161.537,2
192,-296.18652,2
193,-12.98168,2
194,-94.77227,2
195,-14.684529,2
196,-112.55249,2
197,2.6576078,2
198,-22.688465,2
199,-152.53975,2
200,-120.56134,2
201,-43.820152,2
202,-189.91557,2
203,43.35823,2
204,-55.975155,2
205,41.13111,2
206,-79.91617,2
207,-140.77226,2
208,-38.718662,2
209,27.549683,2
210,-79.02378,2
211,-65.20791,2
212,-172.74504,2
213,-290.06808,2
214,-115.434425,2
215,-57.702785,2
216,-82.247856,2
217,97.29363,2
218,-51.729023,2
219,-112.90375,2
220,-90.9654,2
221,41.79494,2
222,-120.68554,2
223,-5.931952,2
224,21.269707,2
225,-21.110233,2
226,-155.36525,2
227,-38.195503,2
228,-44.40873,2
229,-20.94094,2
230,-67.975876,2
231,-114.252716,2
232,-85.27742,2
233,62.422054,2
234,-64.50856,2
235,25.083641,2
236,-11.425384,2
237,-83.709854,2
238,-206.8741,2
239,-55.69558,2
240,36.16659,3
241,-29.410728,3
242,103.806526,3
243,136.8465,3
244,62.877254,3
245,69.34053,3
246,-12.234829,3
247,107.270706,3
248,34.528927,3
249,102.19161,3
250,123.649574,3
251,124.693954,3
252,109.10563,3
253,90.97998,3
254,-46.90475,3
255,91.77614,3
256,102.01749,3
257,147.11281,3
258,65.475784,3
259,-9.976261,3
260,86.001625,3
261,50.83226,3
262,156.14082,3
263,44.39221,3
264,176.01845,3
265,166.61131,3
266,70.60037,3
267,18.970848,3
268,169.08176,3
269,239.55226,3
270,92.50279,3
271,-50.56609,3
272,91.95859,3
273,113.52591,3
274,99.927765,3
275,4.1721654,3
276,138.09686,3
277,91.01633,3
278,254.20337,3
279,112.92305,3
280,9.298241,3
281,125.328316,3
282,-68.66638,3
283,274.083,3
284,207.98029,3
285,146.94586,3
286,158.16127,3
287,-65.02409,3
288,149.89896,3
289,-256.8772,3
290,99.11097,3
291,28.711275,3
292,97.181046,3
293,76.66307,3
294,135.6862,3
295,80.937294,3
296,150.4538,3
297,252.58957,3
298,119.74311,3
299,100.31501,3
300,205.25122,3
301,128.25461,3
302,-41.355442,3
303,73.0807,3
304,7.860124,3
305,95.20489,3
306,113.61441,3
307,50.785267,3
308,136.8371,3
309,148.26457,3
310,140.81592,3
311,-26.15121,3
312,84.29956,3
313,78.726395,3
314,136.24367,3
315,134.6639,3
316,15.70192,3
317,205.77501,3
318,55.80621,3
319,223.48755,3
320,-169.69862,4
321,-119.03858,4
322,-93.02763,4
323,-130.49086,4
324,-178.43755,4
325,-131.09554,4
326,-50.696987,4
327,-11.26322,4
328,-9.066376,4
329,-174.83067,4
330,-134.19614,4
331,-189.63011,4
332,-82.01055,4
333,-92.18166,4
334,-62.19875,4
335,-45.427425,4
336,-151.50502,4
337,-195.81013,4
338,40.50218,4
339,-127.19524,4
340,-207.1829,4
341,-17.508854,4
342,-180.77188,4
343,-233.11711,4
344,-60.162838,4
345,-106.49257,4
346,-123.88693,4
347,-160.88756,4
348,-97.30626,4
349,-183.37039,4
350,11.261,4
351,-330.3877,4
352,-72.08862,4
353,-211.33469,4
354,-112.832504,4
355,-176.17125,4
356,-189.16144,4
357,-113.62039,4
358,-233.46867,4
359,-89.36128,4
360,-87.16162,4
361,-223.76186,4
362,-125.38939,4
363,-200.07289,4
364,-88.03536,4
365,-134.94759,4
366,-43.36234,4
367,-169.33067,4
368,-7.6404767,4
369,-70.53363,4
370,-113.992,4
371,-198.82619,4
372,-55.43088,4
373,7.657512,4
374,-129.16872,4
375,46.001785,4
376,-201.17421,4
377,-116.51224,4
378,-188.13199,4
379,-310.6991,4
380,-174.0967,4
381,-150.89839,4
382,-165.56807,4
383,100.33139,4
384,-201.49376,4
385,-198.88535,4
386,51.38574,4
387,-195.33687,4
388,-268.2797,4
389,-188.13272,4
390,-105.88504,4
391,4.5664134,4
392,-67.29704,4
393,-176.76668,4
394,-91.26401,4
395,-183.64717,4
396,-154.32643,4
397,-214.97136,4
398,-235.33899,4
399,-195.11249,4
400,201.98097,5
401,54.852592,5
402,159.22601,5
403,-90.264244,5
404,201.10463,5
405,212.07932,5
406,22.914223,5
407,89.58962,5
408,38.65579,5
409,-140.87764,5
410,16.184376,5
411,115.791306,5
412,-76.029564,5
413,65.02973,5
414,26.15201,5
415,-50.766052,5
416,-200.81453,5
417,-76.20338,5
418,-40.102642,5
419,95.925,5
420,-137.9996,5
421,16.028217,5
422,20.64819,5
423,120.342804,5
424,60.325428,5
425,-112.20545,5
426,-6.8520293,5
427,145.7176,5
428,76.63308,5
429,86.00952,5
430,172.16502,5
431,24.595081,5
432,-245.52753,5
433,171.50542,5
434,92.425354,5
435,-117.40494,5
436,166.77798,5
437,116.72831,5
438,-205.43892,5
439,25.338972,5
440,-138.21648,5
441,212.36421,5
442,-11.81657,5
443,-17.254488,5
444,-7.191855,5
445,-87.71078,5
446,-107.42752,5
447,98.795,5
448,28.826784,5
449,144.96338,5
450,-138.07266,5
451,57.129932,5
452,129.04198,5
453,129.58069,5
454,-165.9246,5
455,-108.90967,5
456,146.64589,5
457,155.15154,5
458,42.148903,5
459,81.13177,5
460,-39.110767,5
461,113.70613,5
462,162.39973,5
463,-153.58778,5
464,131.26308,5
465,-67.01341,5
466,136.57262,5
467,131.26491,5
468,4.8086104,5
469,31.99563,5
470,-104.25217,5
471,106.12897,5
472,240.01405,5
473,-141.69795,5
474,19.057095,5
475,96.90648,5
476,58.611862,5
477,48.642456,5
478,36.294724,5
479,-34.656055,5
480,-61.742435,6
481,-60.04768,6
482,-56.116596,6
483,-71.45573,6
484,-17.542107,6
485,-70.18861,6
486,-126.818,6
487,-102.494965,6
488,-18.206722,6
489,26.537289,6
490,-12.215122,6
491,-59.670696,6
492,-44.406155,6
493,-23.10285,6
494,-102.38258,6
495,-95.87363,6
496,-82.63325,6
497,-59.20971,6
498,-114.969696,6
499,-179.44563,6
500,-81.38891,6
501,-109.5643,6
502,-4.089787,6
503,-95.772026,6
504,-17.821724,6
505,-91.71115,6
506,-98.67114,6
507,-59.37846,6
508,-20.23793,6
509,-0.08593115,6
510,-42.597546,6
511,-122.68785,6
512,-183.15276,6
513,-68.95825,6
514,-64.66256,6
515,-54.37454,6
516,14.766739,6
517,-39.07218,6
518,5.2276454,6
519,45.01253,6
520,-23.737272,6
521,-15.83873,6
522,-130.3153,6
523,75.33732,6
524,-150.42928,6
525,-6.4571958,6
526,-169.91034,6
527,-94.73127,6
528,-52.35185,6
529,-83.112686,6
530,-10.291876,6
531,-165.06575,6
532,-120.70361,6
533,2.556483,6
534,-89.12952,6
535,-115.610985,6
536,16.406775,6
537,46.671707,6
538,45.91015,6
539,-2.270428,6
540,-75.2216,6
541,26.677212,6
542,3.2605817,6
543,-100.3645,6
544,-140.96931,6
545,-5.7065425,6
546,-102.33521,6
547,-111.49236,6
548,-42.964108,6
549,-38.458122,6
550,-131.56064,6
551,-25.71673,6
552,-56.601112,6
553,-41.209843,6
554,5.5401692,6
555,-12.968346,6
556,51.180218,6
557,-140.65952,6
558,-168.26163,6
559,0.79957926,6
560,206.17433,7
561,97.00968,7
562,-49.915585,7
563,79.55825,7
564,49.37286,7
565,106.57924,7
566,28.735893,7
567,182.06981,7
568,130.7105,7
569,47.53569,7
570,17.284214,7
571,-27.60368,7
572,91.42489,7
573,177.12277,7
574,-92.970406,7
575,106.68384,7
576,37.962265,7
577,48.48915,7
578,48.20357,7
579,109.69646,7
580,104.68342,7
581,107.907425,7
582,99.028534,7
583,271.46924,7
584,185.35338,7
585,246.15921,7
586,228.62622,7
587,178.41957,7
588,120.60025,7
589,150.74979,7
590,194.60399,7
591,79.03612,7
592,88.94003,7
593,-111.50885,7
594,185.71175,7
595,-41.673958,7
596,66.04513,7
597,-16.719227,7
598,49.88357,7
599,217.6067,7
600,-9.70545,7
601,-14.29516,7
602,87.140976,7
603,134.40813,7
604,80.342,7
605,127.005905,7
606,199.84035,7
607,246.27428,7
608,140.4058,7
609,50.360455,7
610,199.1657,7
611,162.39778,7
612,192.26753,7
613,96.30365,7
614,193.77385,7
615,76.17482,7
616,129.54097,7
617,136.31763,7
618,-36.934566,7
619,122.423836,7
620,76.995056,7
621,107.89773,7
622,172.93288,7
623,-82.37002,7
624,-5.2562804,7
625,187.1528,7
626,58.96345,7
627,117.35308,7
628,95.30451,7
629,131.58932,7
630,160.60649,7
631,28.764599,7
632,24.232647,7
633,91.125595,7
634,315.46912,7
635,177.66582,7
636,96.66551,7
637,146.45686,7
638,80.384125,7
639,135.9474,7
640,-101.05147,8
641,69.38202,8
642,0.9081875,8
643,-20.519932,8
644,-12.706364,8
645,5.0283604,8
646,-62.569973,8
647,-59.322422,8
648,60.826195,8
649,-12.282835,8
650,1.1298014,8
651,-5.9796643,8
652,28.16605,8
653,-246.58156,8
654,-23.889565,8
655,51.883503,8
656,83.10537,8
657,19.159683,8
658,29.877064,8
659,-361.50986,8
660,38.741627,8
661,-197.68994,8
662,-52.744617,8
663,-73.71505,8
664,36.207027,8
665,-148.59654,8
666,-65.95535,8
667,-2.2645953,8
668,-6.846997,8
669,63.55322,8
670,-46.651363,8
671,45.130287,8
672,-6.585484,8
673,-100.113846,8
674,-13.897577,8
675,-12.497004,8
676,-248.56215,8
677,-61.668285,8
678,-52.11401,8
679,-46.769474,8
680,-44.662567,8
681,-1.027099,8
682,-20.850235,8
683,17.133522,8
684,-36.88559,8
685,-84.11446,8
686,30.599611,8
687,-79.27376,8
688,55.614788,8
689,-54.11011,8
690,48.64313,8
691,83.86619,8
692,30.880215,8
693,-70.61483,8
694,-20.77638,8
695,-29.466427,8
696,-113.50979,8
697,-13.442856,8
698,32.90748,8
699,-28.96037,8
700,-42.265903,8
701,34.43674,8
702,-15.275871,8
703,-45.15238,8
704,30.932796,8
705,-6.369454,8
706,-223.633,8
707,53.823315,8
708,5.513698,8
709,54.071888,8
710,42.73785,8
711,-40.814156,8
712,-21.601667,8
713,82.17912,8
714,81.16785,8
715,19.513577,8
716,-141.90858,8
717,61.44347,8
718,50.364754,8
719,-4.964783,8
720,6.7499757,9
721,166.74083,9
722,-186.62308,9
723,-53.95088,9
724,-193.86647,9
725,147.03957,9
726,40.845207,9
727,-193.93248,9
728,-132.7189,9
729,-152.52538,9
730,-150.48196,9
731,-67.52399,9
732,-118.23011,9
733,-83.39972,9
734,123.998505,9
735,73.726395,9
736,-138.76955,9
737,-139.6864,9
738,-217.69052,9
739,-87.81499,9
740,-74.517975,9
741,-269.7469,9
742,-141.41348,9
743,-10.077848,9
744,-184.90425,9
745,-273.59158,9
746,-13.447769,9
747,76.86931,9
748,91.123886,9
749,74.12094,9
750,-163.5814,9
751,16.00817,9
752,-94.84879,9
753,69.37427,9
754,-77.51083,9
755,-96.76058,9
756,-97.1763,9
757,-79.62084,9
758,-310.90753,9
759,-152.41222,9
760,139.4193,9
761,-164.201,9
762,-360.81116,9
763,135.52492,9
764,-186.68298,9
765,-219.33217,9
766,19.201721,9
767,-75.512924,9
768,105.988556,9
769,68.875114,9
770,153.02815,9
771,98.46158,9
772,-110.95694,9
773,-22.367327,9
774,75.77824,9
775,3.89982,9
776,150.51907,9
777,18.24141,9
778,-249.1306,9
779,-66.44754,9
780,49.652927,9
781,-151.326,9
782,-87.30625,9
783,154.36182,9
784,-199.12921,9
785,-86.69267,9
786,-79.74648,9
787,-32.402683,9
788,-38.76256,9
789,22.379955,9
790,-222.28429,9
791,-141.79848,9
792,73.11575,9
793,-169.36754,9
794,-174.4925,9
795,-135.59532,9
796,-22.385315,9
797,89.782135,9
798,9.042374,9
799,139.69841,9
