Image,Value,Label
0,-661.3948,0
1,-115.28152,0
2,-42.02064,0
3,-447.51636,0
4,-126.6524,0
5,-136.63078,0
6,-350.8738,0
7,-492.21326,0
8,-508.22305,0
9,-251.79411,0
10,-94.08996,0
11,-235.50111,0
12,-568.95703,0
13,-508.98605,0
14,-460.36185,0
15,-45.58701,0
16,-117.773056,0
17,-355.839,0
18,-468.64948,0
19,-217.5939,0
20,-435.2488,0
21,-152.93784,0
22,-522.27405,0
23,-92.758224,0
24,-658.62573,0
25,-119.349205,0
26,-526.14966,0
27,-130.40056,0
28,-287.24564,0
29,-288.71487,0
30,-112.72973,0
31,-112.63198,0
32,-355.04608,0
33,-159.79509,0
34,-512.11383,0
35,-71.006584,0
36,-175.06006,0
37,-62.03081,0
38,-330.71155,0
39,-157.59103,0
40,-440.82336,0
41,-244.09454,0
42,-334.99435,0
43,-203.3676,0
44,-115.870674,0
45,-558.1542,0
46,-241.35533,0
47,-327.1041,0
48,-205.71107,0
49,-183.9455,0
50,-53.837936,0
51,-213.8579,0
52,-312.78802,0
53,-142.31396,0
54,-199.49031,0
55,-269.34598,0
56,-282.02393,0
57,-94.926056,0
58,-382.0318,0
59,-87.63572,0
60,-120.608925,0
61,-428.95596,0
62,-203.16855,0
63,-475.98218,0
64,-294.513,0
65,-594.96783,0
66,-501.62405,0
67,-298.07526,0
68,-204.5103,0
69,-221.31337,0
70,-482.63382,0
71,-136.19394,0
72,-288.74576,0
73,-248.62044,0
74,-316.89285,0
75,-459.19516,0
76,-267.83627,0
77,-395.6736,0
78,-478.8899,0
79,-392.30484,0
80,60.506947,1
81,60.988903,1
82,191.25795,1
83,218.18394,1
84,171.29843,1
85,21.493301,1
86,217.0667,1
87,188.34634,1
88,212.5285,1
89,0.95481163,1
90,209.17345,1
91,115.30324,1
92,72.229774,1
93,19.889027,1
94,59.590946,1
95,206.13138,1
96,138.56905,1
97,103.03451,1
98,57.218525,1
99,160.7218,1
100,134.65625,1
101,155.00548,1
102,6.1863523,1
103,156.8868,1
104,105.268394,1
105,116.33571,1
106,42.416866,1
107,81.28292,1
108,87.700325,1
109,49.325745,1
110,40.006115,1
111,115.60755,1
112,75.30155,1
113,8.045201,1
114,72.10635,1
115,72.24009,1
116,193.63664,1
117,191.15839,1
118,38.342453,1
119,103.51621,1
120,71.83266,1
121,193.04828,1
122,60.797157,1
123,71.44091,1
124,19.658686,1
125,162.84518,1
126,197.34421,1
127,36.43433,1
128,42.45181,1
129,217.17528,1
130,154.70314,1
131,194.09961,1
132,140.52948,1
133,109.81422,1
134,109.94838,1
135,25.207493,1
136,60.99203,1
137,60.15272,1
138,64.55291,1
139,179.3035,1
140,185.70715,1
141,192.39946,1
142,41.81474,1
143,22.416752,1
144,51.537746,1
145,13.666188,1
146,22.40316,1
147,10.967168,1
148,174.70552,1
149,61.360943,1
150,11.981542,1
151,71.7779,1
152,114.55364,1
153,-4.4703937,1
154,178.66846,1
155,50.788723,1
156,-12.817952,1
157,146.09283,1
158,199.53691,1
159,147.41736,1
160,-31.711567,2
161,-297.7598,2
162,-165.99315,2
163,-67.25145,2
164,-130.90276,2
165,-194.05434,2
166,-207.2236,2
167,-286.39572,2
168,-374.60187,2
169,-207.93977,2
170,-270.5485,2
171,-279.45395,2
172,-314.6383,2
173,-214.69275,2
174,-130.47383,2
175,-412.94983,2
176,-291.58395,2
177,-421.75043,2
178,-471.61288,2
179,-348.54538,2
180,-48.707703,2
181,-390.87473,2
182,-360.09714,2
183,-250.19026,2
184,-237.08266,2
185,-271.5116,2
186,-83.78202,2
187,-118.24729,2
188,-77.61432,2
189,26.236732,2
190,-115.46847,2
191,-10.250724,2
192,-399.27487,2
193,-257.56155,2
194,-52.07653,2
195,-95.30734,2
196,-601.6189,2
197,-102.27031,2
198,-375.5436,2
199,-553.0132,2
200,-236.32335,2
201,-153.95605,2
202,-212.57729,2
203,-491.9005,2
204,-308.98215,2
205,-74.60808,2
206,-0.53780884,2
207,-752.39404,2
208,-159.7525,2
209,-258.70444,2
210,-267.93152,2
211,-587.14856,2
212,-313.71915,2
213,-337.9251,2
214,-371.3386,2
215,-265.04263,2
216,-164.17928,2
217,-113.449936,2
218,-318.37067,2
219,-420.8461,2
220,-587.7651,2
221,-760.33484,2
222,-180.44989,2
223,-19.275589,2
224,-147.94733,2
225,-359.1533,2
226,-608.39233,2
227,-191.43294,2
228,-229.01308,2
229,-177.77113,2
230,-467.4068,2
231,-27.93038,2
232,-183.93642,2
233,-628.12354,2
234,-297.6576,2
235,-428.87967,2
236,-65.55924,2
237,-224.22679,2
238,-49.892803,2
239,-162.49332,2
240,-315.90918,3
241,-200.36592,3
242,-151.63957,3
243,-207.9038,3
244,-237.36598,3
245,-336.7525,3
246,-370.53824,3
247,-42.173943,3
248,-210.79352,3
249,-287.26498,3
250,-428.2609,3
251,-16.671684,3
252,-208.33426,3
253,-281.33478,3
254,-286.38782,3
255,-340.62305,3
256,-287.2734,3
257,-254.59222,3
258,-377.61,3
259,-438.84927,3
260,-368.1357,3
261,-200.09145,3
262,-177.42418,3
263,-55.248035,3
264,-243.93791,3
265,-410.68942,3
266,-231.92451,3
267,-100.90597,3
268,-746.6926,3
269,-374.79117,3
270,-271.4581,3
271,-204.42409,3
272,-66.31371,3
273,-92.68854,3
274,-43.703754,3
275,-198.36705,3
276,-550.4967,3
277,-279.72446,3
278,-408.5945,3
279,-36.112263,3
280,-105.579475,3
281,-457.36237,3
282,-378.23743,3
283,-292.50198,3
284,-131.1389,3
285,-242.76375,3
286,-366.53973,3
287,-67.07714,3
288,-382.08597,3
289,-396.1199,3
290,-312.34177,3
291,-288.7758,3
292,-219.01393,3
293,-339.6688,3
294,-269.97623,3
295,-336.21848,3
296,-262.95023,3
297,-481.0153,3
298,-278.572,3
299,-595.55066,3
300,-408.137,3
301,-483.49948,3
302,-72.29772,3
303,12.220632,3
304,-174.04529,3
305,-75.04824,3
306,-309.68506,3
307,-77.4609,3
308,-81.496796,3
309,-387.73285,3
310,-451.4042,3
311,-119.46293,3
312,-238.24075,3
313,-40.2537,3
314,-233.03493,3
315,-345.04898,3
316,-33.18439,3
317,-563.6199,3
318,-209.69048,3
319,-625.4442,3
320,-338.49475,4
321,-184.71013,4
322,-178.27057,4
323,-269.97125,4
324,-372.05893,4
325,-69.2279,4
326,-352.775,4
327,-108.40268,4
328,-281.99368,4
329,-43.03108,4
330,-279.1852,4
331,-312.51477,4
332,-169.15549,4
333,-231.30876,4
334,-55.27353,4
335,-213.93716,4
336,60.57638,4
337,-488.3296,4
338,-144.01573,4
339,-242.84218,4
340,-431.82828,4
341,26.615532,4
342,-373.44724,4
343,-247.85916,4
344,-264.2446,4
345,-65.27396,4
346,-28.629534,4
347,-327.38455,4
348,21.391579,4
349,-137.3145,4
350,-252.96242,4
351,-584.36365,4
352,-130.43176,4
353,-46.316853,4
354,-537.8032,4
355,-297.21362,4
356,-666.63885,4
357,-367.8565,4
358,-89.76622,4
359,-137.63248,4
360,-193.36232,4
361,-268.36215,4
362,-356.00613,4
363,3.2180085,4
364,-330.4159,4
365,-325.8214,4
366,-651.17664,4
367,-338.67188,4
368,-100.95777,4
369,-46.169437,4
370,-337.62192,4
371,-100.282745,4
372,-123.76817,4
373,-24.951435,4
374,-426.68137,4
375,-151.53476,4
376,-203.16444,4
377,-174.47136,4
378,-151.7431,4
379,-206.52156,4
380,-255.79582,4
381,-147.87392,4
382,-19.64295,4
383,-44.30788,4
384,-424.70972,4
385,-118.23919,4
386,-70.634094,4
387,-79.49996,4
388,-217.6161,4
389,-366.35394,4
390,-528.0637,4
391,-73.44905,4
392,-137.6077,4
393,-480.2703,4
394,-190.80444,4
395,-523.8136,4
396,-103.2898,4
397,-5.6152472,4
398,-274.3854,4
399,-342.3035,4
400,-444.1768,5
401,-58.622086,5
402,-52.49178,5
403,-239.73804,5
404,-4.024722,5
405,-370.34952,5
406,-170.60019,5
407,130.39806,5
408,-100.003456,5
409,-92.47213,5
410,-226.88387,5
411,151.9854,5
412,113.71842,5
413,131.1245,5
414,-43.04328,5
415,2.6133962,5
416,-800.32117,5
417,-362.16794,5
418,-9.183276,5
419,-197.67882,5
420,-164.00925,5
421,-531.3686,5
422,105.34771,5
423,-36.55896,5
424,-218.77336,5
425,46.18161,5
426,2.901012,5
427,-114.36601,5
428,-190.71379,5
429,-201.7638,5
430,-429.41287,5
431,5.233023,5
432,-102.36974,5
433,-317.52814,5
434,-143.39426,5
435,-394.07236,5
436,-40.83748,5
437,104.280495,5
438,199.20464,5
439,17.864216,5
440,71.66409,5
441,-184.00185,5
442,-158.18584,5
443,-53.71703,5
444,313.67184,5
445,8.210393,5
446,39.86473,5
447,-642.7178,5
448,-235.48755,5
449,85.34538,5
450,-0.55361885,5
451,-347.78717,5
452,38.980164,5
453,-345.41577,5
454,51.92001,5
455,21.165842,5
456,-479.59372,5
457,-377.99417,5
458,-45.794056,5
459,-13.345023,5
460,13.009288,5
461,-279.47806,5
462,-325.14517,5
463,-506.46375,5
464,-39.92823,5
465,107.31606,5
466,-211.42995,5
467,65.6455,5
468,28.887608,5
469,-27.392277,5
470,-16.598894,5
471,-376.73477,5
472,-266.72443,5
473,-313.68085,5
474,-159.14532,5
475,-106.38174,5
476,-275.99838,5
477,-37.26649,5
478,-138.01186,5
479,-318.64435,5
480,39.539017,6
481,-289.3823,6
482,-21.036163,6
483,-299.6226,6
484,41.086937,6
485,-349.62387,6
486,-120.86617,6
487,-304.34366,6
488,-556.225,6
489,-585.8496,6
490,-247.24907,6
491,37.586933,6
492,-286.93652,6
493,-160.18953,6
494,-336.512,6
495,-380.18277,6
496,-350.41565,6
497,-127.93614,6
498,-248.44543,6
499,-947.4739,6
500,-136.97444,6
501,-243.86049,6
502,-44.911343,6
503,-300.4866,6
504,-104.563286,6
505,-329.24832,6
506,-451.67453,6
507,-388.73215,6
508,-495.12622,6
509,-632.2332,6
510,-289.3408,6
511,-19.254282,6
512,-256.3459,6
513,-213.91559,6
514,-272.1645,6
515,-130.81468,6
516,-216.93286,6
517,-122.69509,6
518,-85.64617,6
519,22.135036,6
520,-518.86584,6
521,-138.66039,6
522,-390.9448,6
523,-338.24332,6
524,-939.08765,6
525,-163.6609,6
526,-350.66196,6
527,-159.20152,6
528,-464.40814,6
529,-5.2479434,6
530,-157.47588,6
531,-246.0917,6
532,-696.60443,6
533,66.11891,6
534,-569.7198,6
535,-209.36772,6
536,-503.74887,6
537,-213.9911,6
538,-117.84493,6
539,-386.85013,6
540,-378.2768,6
541,-169.58287,6
542,-93.18555,6
543,-36.040745,6
544,-363.27356,6
545,-26.67892,6
546,-45.45632,6
547,-514.815,6
548,-200.07738,6
549,-234.76857,6
550,-172.27594,6
551,-435.54868,6
552,16.281399,6
553,-286.67264,6
554,-349.98068,6
555,-288.01862,6
556,-314.40353,6
557,-641.1734,6
558,-417.61163,6
559,-212.74702,6
560,-260.39316,7
561,-17.580029,7
562,-2.9605746,7
563,-119.89312,7
564,-172.51707,7
565,-210.4593,7
566,-419.76315,7
567,-72.62305,7
568,-220.09962,7
569,-298.06427,7
570,-528.1791,7
571,-86.959145,7
572,-139.36261,7
573,-549.31085,7
574,-128.21495,7
575,-236.51735,7
576,-250.95958,7
577,-249.74434,7
578,-140.42915,7
579,-204.62158,7
580,-148.67192,7
581,-92.308395,7
582,-124.61005,7
583,-339.49893,7
584,-258.94485,7
585,-345.6511,7
586,-220.21162,7
587,-303.1918,7
588,-45.97384,7
589,-277.30762,7
590,-604.9905,7
591,-95.404594,7
592,-214.84825,7
593,-447.45422,7
594,-211.9858,7
595,-201.70636,7
596,-197.15248,7
597,-336.705,7
598,-252.1334,7
599,-331.35956,7
600,-323.0714,7
601,0.7911802,7
602,-155.56627,7
603,-163.27167,7
604,-123.58923,7
605,-294.1739,7
606,-241.25963,7
607,-537.2045,7
608,-54.281,7
609,-33.64133,7
610,-218.5224,7
611,-498.37674,7
612,-414.69977,7
613,-195.1119,7
614,-157.49945,7
615,-66.67214,7
616,-206.69038,7
617,-286.9156,7
618,-123.04034,7
619,-318.89426,7
620,-278.0242,7
621,-94.35604,7
622,-229.43222,7
623,-70.94891,7
624,22.323124,7
625,-528.8462,7
626,-187.45209,7
627,-55.65173,7
628,-26.263386,7
629,-173.40135,7
630,-220.57286,7
631,-58.579773,7
632,-169.22945,7
633,-53.64188,7
634,-304.49655,7
635,-187.63129,7
636,-186.16547,7
637,-215.79735,7
638,-468.9188,7
639,-135.7083,7
640,-306.8544,8
641,-257.60117,8
642,-230.77515,8
643,21.864552,8
644,-138.10127,8
645,-55.513565,8
646,-178.75818,8
647,-55.37813,8
648,-118.93951,8
649,-115.33968,8
650,-77.20074,8
651,-177.16255,8
652,-368.65652,8
653,-755.0845,8
654,-311.33707,8
655,47.86866,8
656,-223.53383,8
657,-270.41623,8
658,-215.8932,8
659,-519.98096,8
660,-459.55457,8
661,-119.427,8
662,-35.682312,8
663,-285.5037,8
664,-582.9114,8
665,-192.61021,8
666,-86.04546,8
667,-126.77361,8
668,-158.26445,8
669,-285.82028,8
670,-144.87144,8
671,-13.340869,8
672,-293.45816,8
673,-160.13321,8
674,-16.978046,8
675,-20.109991,8
676,-63.657864,8
677,-56.472996,8
678,-36.11805,8
679,-197.79195,8
680,-141.44818,8
681,-295.512,8
682,-323.36963,8
683,-445.46463,8
684,-98.14756,8
685,-132.3517,8
686,-385.2372,8
687,6.2802463,8
688,-104.09047,8
689,-25.811855,8
690,-24.298569,8
691,-199.13199,8
692,-192.86513,8
693,-198.70895,8
694,-54.142006,8
695,-51.036346,8
696,-451.51077,8
697,38.52058,8
698,35.90708,8
699,26.542572,8
700,-129.0955,8
701,-72.5601,8
702,-170.17934,8
703,-133.0249,8
704,-210.57262,8
705,-91.24136,8
706,-200.80449,8
707,25.310995,8
708,62.38274,8
709,-107.92889,8
710,-154.06589,8
711,-7.6335235,8
712,-18.569921,8
713,-270.21973,8
714,-21.658705,8
715,-71.92841,8
716,-272.45474,8
717,-312.7668,8
718,-284.78,8
719,-79.65012,8
720,-114.608604,9
721,-218.43124,9
722,-333.02325,9
723,-549.9801,9
724,-213.08183,9
725,-149.70586,9
726,-98.522026,9
727,-331.2309,9
728,-186.63324,9
729,-289.79135,9
730,-288.90366,9
731,-32.178448,9
732,-519.8988,9
733,-315.4667,9
734,-29.306057,9
735,-127.72389,9
736,-86.9201,9
737,-523.7654,9
738,-328.78937,9
739,-189.4977,9
740,-349.84277,9
741,-349.3925,9
742,-515.25397,9
743,-165.01472,9
744,-591.83923,9
745,-558.35187,9
746,-122.898895,9
747,-184.36275,9
748,-91.174706,9
749,-102.44775,9
750,-157.98955,9
751,-289.65863,9
752,-613.2466,9
753,-142.90356,9
754,-636.052,9
755,-191.2002,9
756,-182.6415,9
757,-146.27094,9
758,-552.67914,9
759,-55.77097,9
760,-98.25737,9
761,-130.0546,9
762,-581.2213,9
763,-217.35463,9
764,-343.94363,9
765,-217.82167,9
766,-100.75117,9
767,-472.49072,9
768,-13.234914,9
769,-124.5242,9
770,-187.13309,9
771,-26.86367,9
772,-550.891,9
773,-86.28086,9
774,-109.63476,9
775,-51.27273,9
776,-173.39883,9
777,-91.31485,9
778,-566.2283,9
779,-114.749626,9
780,-555.8161,9
781,-454.8076,9
782,-39.977005,9
783,-125.19359,9
784,-214.91289,9
785,-296.5038,9
786,-489.31186,9
787,-85.29548,9
788,-65.02768,9
789,-96.33002,9
790,-206.34102,9
791,-238.09369,9
792,-179.3575,9
793,-407.15814,9
794,-374.87564,9
795,-230.07765,9
796,-354.09406,9
797,-44.164383,9
798,-121.312126,9
799,-80.00317,9
