Image,Value,Label
0,-321.4207,0
1,-109.91551,0
2,-214.88863,0
3,-275.4065,0
4,-295.95627,0
5,-259.72238,0
6,-306.18234,0
7,-271.37436,0
8,-231.97841,0
9,-245.42749,0
10,-282.95255,0
11,-197.86969,0
12,-355.19342,0
13,-208.89217,0
14,-178.59135,0
15,-260.7753,0
16,-282.9672,0
17,-260.0368,0
18,-316.60324,0
19,-241.11761,0
20,-382.7496,0
21,-269.56934,0
22,-274.77914,0
23,-211.53592,0
24,-208.78679,0
25,-123.13286,0
26,-168.3939,0
27,-206.1893,0
28,-322.03397,0
29,-169.6512,0
30,-318.6841,0
31,-291.13583,0
32,-135.37524,0
33,-312.2003,0
34,-338.58884,0
35,-269.0649,0
36,-176.91075,0
37,-153.14595,0
38,-317.66464,0
39,-223.75806,0
40,-204.23633,0
41,-324.33743,0
42,-443.42703,0
43,-237.2254,0
44,-289.46008,0
45,-314.04703,0
46,-382.97998,0
47,-250.44527,0
48,-148.25682,0
49,-108.928085,0
50,-169.96361,0
51,-316.76935,0
52,-185.76448,0
53,-259.4995,0
54,-207.56375,0
55,-207.14217,0
56,-313.80753,0
57,-98.976944,0
58,-348.8065,0
59,-273.96576,0
60,-228.21701,0
61,-177.09747,0
62,-210.88106,0
63,-390.5682,0
64,-305.26837,0
65,-431.78802,0
66,-226.69432,0
67,-159.89526,0
68,-189.59377,0
69,-187.124,0
70,-320.8166,0
71,-330.83694,0
72,-250.57372,0
73,-405.9258,0
74,-315.3968,0
75,-133.15196,0
76,-355.3607,0
77,-395.45804,0
78,-190.74042,0
79,-185.13844,0
80,-126.396996,1
81,-77.47085,1
82,-188.52835,1
83,-150.95879,1
84,-137.10384,1
85,-106.616394,1
86,-128.35306,1
87,-131.96417,1
88,-164.25836,1
89,-166.37128,1
90,-127.46588,1
91,-117.443954,1
92,-116.551674,1
93,-161.87917,1
94,-160.97694,1
95,-94.256424,1
96,-166.23648,1
97,-113.448494,1
98,-97.19479,1
99,-178.48299,1
100,-133.64526,1
101,-117.93808,1
102,-190.2113,1
103,-110.02236,1
104,-93.906334,1
105,-152.1341,1
106,-168.19864,1
107,-169.96059,1
108,-118.2168,1
109,-109.9624,1
110,-160.92024,1
111,-124.07365,1
112,-163.96161,1
113,-135.55128,1
114,-156.3285,1
115,-105.68784,1
116,-206.49129,1
117,-123.19423,1
118,-139.37828,1
119,-114.69271,1
120,-106.47266,1
121,-131.75728,1
122,-101.482796,1
123,-126.67928,1
124,-101.75158,1
125,-103.163,1
126,-196.39693,1
127,-78.68368,1
128,-116.76951,1
129,-125.37444,1
130,-151.29192,1
131,-118.36945,1
132,-121.83099,1
133,-133.73558,1
134,-105.30862,1
135,-87.28974,1
136,-104.56084,1
137,-74.51802,1
138,-142.01714,1
139,-169.03468,1
140,-151.58482,1
141,-118.4503,1
142,-149.63031,1
143,-124.30964,1
144,-128.62564,1
145,-128.27074,1
146,-89.526634,1
147,-120.16265,1
148,-201.25111,1
149,-154.0372,1
150,-161.33006,1
151,-184.17871,1
152,-186.24393,1
153,-154.74507,1
154,-195.72208,1
155,-137.76851,1
156,-223.97069,1
157,-106.34449,1
158,-126.47365,1
159,-203.72755,1
160,-110.85438,2
161,-179.50099,2
162,-154.75624,2
163,-125.77583,2
164,-159.77657,2
165,-218.29771,2
166,-191.96867,2
167,-207.32846,2
168,-165.0991,2
169,-153.69524,2
170,-171.7237,2
171,-194.44218,2
172,-139.99466,2
173,-201.43031,2
174,-199.25432,2
175,-251.48419,2
176,-212.34485,2
177,-180.97289,2
178,-270.21805,2
179,-249.68716,2
180,-105.817604,2
181,-264.90756,2
182,-216.43727,2
183,-187.82764,2
184,-98.88535,2
185,-136.89423,2
186,-249.4565,2
187,-147.63783,2
188,-52.961666,2
189,-119.21199,2
190,-130.11813,2
191,-223.98756,2
192,-178.81181,2
193,-199.1131,2
194,-205.15718,2
195,-159.60518,2
196,-252.47589,2
197,-161.5776,2
198,-205.34431,2
199,-320.51907,2
200,-123.14456,2
201,-209.0426,2
202,-187.29008,2
203,-156.13797,2
204,-143.57613,2
205,-131.29086,2
206,-265.25458,2
207,-352.1171,2
208,-175.38724,2
209,-263.38358,2
210,-339.0532,2
211,-231.02971,2
212,-226.61844,2
213,-212.22946,2
214,-234.43192,2
215,-279.42084,2
216,-186.70436,2
217,-142.54736,2
218,-205.9204,2
219,-211.25328,2
220,-253.4557,2
221,-277.8133,2
222,-187.93047,2
223,-110.91692,2
224,-129.47537,2
225,-131.92476,2
226,-220.03474,2
227,-189.95224,2
228,-102.15925,2
229,-160.70993,2
230,-179.68082,2
231,-195.41838,2
232,-181.5751,2
233,-171.30917,2
234,-295.04016,2
235,-209.80489,2
236,-128.7054,2
237,-154.68657,2
238,-109.95042,2
239,-169.84755,2
240,-269.62076,3
241,-233.88753,3
242,-83.4385,3
243,-128.30296,3
244,-183.00972,3
245,-135.83415,3
246,-246.67049,3
247,-116.385826,3
248,-202.11415,3
249,-86.60885,3
250,-211.85017,3
251,-240.42854,3
252,-210.85065,3
253,-199.6392,3
254,-198.41273,3
255,-266.94522,3
256,-127.80282,3
257,-157.22841,3
258,-190.7052,3
259,-276.87485,3
260,-166.55705,3
261,-184.90358,3
262,-205.38411,3
263,-181.64687,3
264,-148.38861,3
265,-215.97632,3
266,-196.8995,3
267,-214.6627,3
268,-298.46017,3
269,-178.22911,3
270,-104.836365,3
271,-201.22366,3
272,-193.59009,3
273,-253.44408,3
274,-188.2997,3
275,-131.43633,3
276,-202.65375,3
277,-101.34287,3
278,-227.50339,3
279,-221.61028,3
280,-179.8026,3
281,-182.80045,3
282,-263.96307,3
283,-259.24445,3
284,-229.03741,3
285,-172.87093,3
286,-212.48439,3
287,-328.49716,3
288,-225.44502,3
289,-227.99886,3
290,-169.584,3
291,-173.06442,3
292,-228.78072,3
293,-208.18546,3
294,-277.2479,3
295,-312.941,3
296,-243.55565,3
297,-175.87077,3
298,-246.3525,3
299,-306.459,3
300,-220.05681,3
301,-340.304,3
302,-129.66869,3
303,-196.67036,3
304,-179.21558,3
305,-177.08017,3
306,-191.5786,3
307,-94.68822,3
308,-115.44021,3
309,-213.76839,3
310,-396.49017,3
311,-162.57854,3
312,-127.16343,3
313,-159.22179,3
314,-164.197,3
315,-194.22383,3
316,-152.82466,3
317,-254.8347,3
318,-184.09389,3
319,-222.5312,3
320,-257.88965,4
321,-174.6134,4
322,-143.8217,4
323,-188.21245,4
324,-243.00983,4
325,-172.32666,4
326,-251.21574,4
327,-199.12581,4
328,-340.4077,4
329,-145.84492,4
330,-132.75667,4
331,-124.41398,4
332,-214.91963,4
333,-215.07469,4
334,-202.54768,4
335,-101.06147,4
336,-157.65552,4
337,-290.00153,4
338,-143.91173,4
339,-194.20486,4
340,-268.68015,4
341,-112.994156,4
342,-250.68358,4
343,-245.87715,4
344,-240.49509,4
345,-200.808,4
346,-179.12798,4
347,-193.97243,4
348,-167.69695,4
349,-197.12086,4
350,-253.33464,4
351,-198.32346,4
352,-256.1879,4
353,-189.15724,4
354,-241.37447,4
355,-255.77342,4
356,-291.6353,4
357,-246.08685,4
358,-210.80702,4
359,-111.83933,4
360,-178.43845,4
361,-284.20663,4
362,-198.77968,4
363,-129.00526,4
364,-199.46135,4
365,-216.8751,4
366,-320.71762,4
367,-249.31929,4
368,-235.44398,4
369,-115.87461,4
370,-114.23557,4
371,-255.57776,4
372,-67.19666,4
373,-97.73043,4
374,-253.43073,4
375,-223.2917,4
376,-131.75296,4
377,-210.77736,4
378,-269.2484,4
379,-201.12814,4
380,-276.1431,4
381,-121.914154,4
382,-229.66837,4
383,-153.80943,4
384,-326.2316,4
385,-173.55884,4
386,-226.01608,4
387,-241.04414,4
388,-182.83463,4
389,-333.63287,4
390,-160.17139,4
391,-144.38263,4
392,-243.15973,4
393,-200.42235,4
394,-146.32262,4
395,-195.18361,4
396,-279.67752,4
397,-160.25887,4
398,-163.95287,4
399,-214.60979,4
400,-170.21013,5
401,-214.5494,5
402,-191.36293,5
403,-180.29375,5
404,-226.5609,5
405,-177.37277,5
406,-193.99289,5
407,-251.86327,5
408,-209.58846,5
409,-158.43755,5
410,-172.53304,5
411,-285.66464,5
412,-70.567696,5
413,-269.40698,5
414,-288.21127,5
415,-198.8119,5
416,-209.85765,5
417,-240.01923,5
418,-229.40369,5
419,-159.5816,5
420,-298.9719,5
421,-203.05,5
422,-325.00363,5
423,-283.49667,5
424,-123.66787,5
425,-120.38686,5
426,-207.91345,5
427,-334.8746,5
428,-241.75069,5
429,-161.53375,5
430,-271.91534,5
431,-250.30629,5
432,-220.01591,5
433,-167.18202,5
434,-160.2255,5
435,-222.61237,5
436,-221.43217,5
437,-289.93515,5
438,-197.69865,5
439,-209.8887,5
440,-194.40076,5
441,-317.99823,5
442,-231.60648,5
443,-230.97055,5
444,-162.28322,5
445,-164.63615,5
446,-288.00635,5
447,-248.2002,5
448,-307.2651,5
449,-263.31622,5
450,-208.19588,5
451,-106.91121,5
452,-225.53322,5
453,-182.23055,5
454,-187.56706,5
455,-244.97244,5
456,-161.09685,5
457,-222.2527,5
458,-140.78125,5
459,-236.19127,5
460,-174.46457,5
461,-240.07045,5
462,-168.9616,5
463,-152.2461,5
464,-188.4133,5
465,-166.58392,5
466,-279.98642,5
467,-192.83679,5
468,-174.4376,5
469,-295.8893,5
470,-243.06021,5
471,-129.17978,5
472,-204.51909,5
473,-168.61972,5
474,-143.21901,5
475,-237.33536,5
476,-170.56725,5
477,-106.039024,5
478,-247.8861,5
479,-188.8745,5
480,-177.82166,6
481,-125.94693,6
482,-218.60847,6
483,-152.7857,6
484,-137.07805,6
485,-155.02486,6
486,-266.69315,6
487,-343.38733,6
488,-298.1301,6
489,-174.9544,6
490,-125.82705,6
491,-165.38733,6
492,-129.33598,6
493,-150.77402,6
494,-113.583336,6
495,-325.67368,6
496,-224.28105,6
497,-239.62268,6
498,-91.4752,6
499,-396.18973,6
500,-173.26146,6
501,-93.2218,6
502,-151.78658,6
503,-124.63624,6
504,-185.71,6
505,-240.21672,6
506,-209.66908,6
507,-179.44652,6
508,-195.13115,6
509,-232.25267,6
510,-219.74889,6
511,-215.7632,6
512,-167.52014,6
513,-200.89888,6
514,-116.33633,6
515,-150.53044,6
516,-268.1187,6
517,-111.9922,6
518,-143.87679,6
519,-135.23404,6
520,-237.41179,6
521,-145.93394,6
522,-94.43021,6
523,-189.28624,6
524,-182.7069,6
525,-95.42609,6
526,-137.79294,6
527,-107.41677,6
528,-183.10683,6
529,-196.16927,6
530,-140.15303,6
531,-218.73103,6
532,-283.0674,6
533,-146.11069,6
534,-219.4117,6
535,-196.28426,6
536,-178.11899,6
537,-159.2231,6
538,-111.15525,6
539,-138.5114,6
540,-55.58511,6
541,-81.76768,6
542,-159.20346,6
543,-212.2387,6
544,-104.97538,6
545,-134.01146,6
546,-201.75554,6
547,-126.48675,6
548,-208.82268,6
549,-161.87749,6
550,-294.26993,6
551,-200.66362,6
552,-207.68733,6
553,-165.87239,6
554,-239.73424,6
555,-141.0776,6
556,-183.23343,6
557,-206.16124,6
558,-177.97714,6
559,-148.66377,6
560,-199.59169,7
561,-118.66045,7
562,-115.71563,7
563,-215.64305,7
564,-261.4946,7
565,-239.47093,7
566,-204.26257,7
567,-180.21068,7
568,-218.06004,7
569,-240.60915,7
570,-203.75746,7
571,-165.06534,7
572,-180.17546,7
573,-196.24147,7
574,-197.03893,7
575,-183.1108,7
576,-228.36183,7
577,-226.87819,7
578,-235.8416,7
579,-177.43141,7
580,-202.71547,7
581,-129.4252,7
582,-145.87463,7
583,-145.35521,7
584,-136.19579,7
585,-126.10549,7
586,-154.71701,7
587,-190.40782,7
588,-130.74031,7
589,-218.56108,7
590,-259.63263,7
591,-100.28481,7
592,-143.71681,7
593,-302.64227,7
594,-177.53072,7
595,-220.80928,7
596,-220.77333,7
597,-308.61945,7
598,-185.81657,7
599,-204.84517,7
600,-290.3997,7
601,-223.97789,7
602,-239.13676,7
603,-182.48567,7
604,-185.92484,7
605,-142.83104,7
606,-100.37378,7
607,-207.3579,7
608,-185.50763,7
609,-129.07503,7
610,-237.33153,7
611,-154.23796,7
612,-133.26707,7
613,-180.80588,7
614,-134.34447,7
615,-76.39968,7
616,-208.6464,7
617,-226.75764,7
618,-144.73976,7
619,-314.39667,7
620,-203.66394,7
621,-136.38866,7
622,-159.55688,7
623,-144.14272,7
624,-78.420784,7
625,-243.9676,7
626,-219.44609,7
627,-129.67188,7
628,-81.22846,7
629,-210.91414,7
630,-216.20459,7
631,-102.426674,7
632,-191.11412,7
633,-166.79738,7
634,-159.7484,7
635,-198.85757,7
636,-167.50499,7
637,-172.24388,7
638,-262.13052,7
639,-160.29669,7
640,-372.22818,8
641,-127.68507,8
642,-171.85182,8
643,-177.36232,8
644,-277.21402,8
645,-131.73541,8
646,-234.44243,8
647,-186.08461,8
648,-163.60005,8
649,-152.30258,8
650,-298.8912,8
651,-147.33083,8
652,-265.27316,8
653,-324.33893,8
654,-211.14812,8
655,-266.35736,8
656,-125.02245,8
657,-161.72368,8
658,-106.7229,8
659,-379.08374,8
660,-328.80917,8
661,-225.52332,8
662,-255.207,8
663,-174.45177,8
664,-334.51498,8
665,-89.655716,8
666,-305.94485,8
667,-128.86816,8
668,-168.60817,8
669,-322.61502,8
670,-177.03838,8
671,-165.68098,8
672,-250.42424,8
673,-332.54977,8
674,-216.15411,8
675,-342.652,8
676,-130.02742,8
677,-200.36797,8
678,-178.5811,8
679,-170.9387,8
680,-262.9491,8
681,-124.66858,8
682,-248.78981,8
683,-192.90596,8
684,-235.92517,8
685,-198.22209,8
686,-199.53886,8
687,-347.19086,8
688,-210.10599,8
689,-154.25723,8
690,-229.662,8
691,-267.44595,8
692,-278.28824,8
693,-307.41116,8
694,-249.19398,8
695,-173.90605,8
696,-298.81836,8
697,-240.29887,8
698,-219.43175,8
699,-231.7275,8
700,-299.51163,8
701,-211.55882,8
702,-145.52415,8
703,-123.858406,8
704,-288.81128,8
705,-249.84908,8
706,-237.05107,8
707,-245.08356,8
708,-167.30754,8
709,-318.79413,8
710,-135.2615,8
711,-164.9153,8
712,-244.21068,8
713,-124.845024,8
714,-169.409,8
715,-282.19113,8
716,-208.46825,8
717,-122.80746,8
718,-165.6175,8
719,-183.50963,8
720,-206.72511,9
721,-267.76224,9
722,-167.64354,9
723,-311.28885,9
724,-226.91664,9
725,-168.57764,9
726,-145.37328,9
727,-201.64238,9
728,-192.89342,9
729,-217.60048,9
730,-198.88432,9
731,-133.45174,9
732,-201.83083,9
733,-240.66911,9
734,-176.2972,9
735,-216.56488,9
736,-169.7922,9
737,-234.7031,9
738,-290.1215,9
739,-200.29686,9
740,-251.36458,9
741,-199.286,9
742,-209.02794,9
743,-247.54114,9
744,-216.82176,9
745,-289.34415,9
746,-161.46025,9
747,-191.33604,9
748,-144.2952,9
749,-194.35503,9
750,-175.84608,9
751,-223.0543,9
752,-242.089,9
753,-219.91801,9
754,-217.78342,9
755,-153.6646,9
756,-166.18929,9
757,-87.16146,9
758,-250.46751,9
759,-123.22849,9
760,-154.7485,9
761,-246.00508,9
762,-198.86751,9
763,-248.05885,9
764,-277.20212,9
765,-155.78528,9
766,-139.7126,9
767,-223.01244,9
768,-114.82087,9
769,-107.64383,9
770,-210.0033,9
771,-103.87258,9
772,-194.06827,9
773,-137.7604,9
774,-164.16087,9
775,-138.85957,9
776,-241.71928,9
777,-193.5063,9
778,-195.70877,9
779,-180.83568,9
780,-215.41937,9
781,-183.64821,9
782,-157.34297,9
783,-148.5242,9
784,-213.06633,9
785,-213.03273,9
786,-186.14319,9
787,-110.37876,9
788,-173.86876,9
789,-197.58347,9
790,-208.11833,9
791,-190.7994,9
792,-262.3831,9
793,-165.7531,9
794,-243.15718,9
795,-241.86787,9
796,-211.88522,9
797,-135.83118,9
798,-265.42166,9
799,-185.01628,9
