Image,Value,Label
0,-319.6143,0
1,-153.83957,0
2,-222.48013,0
3,-323.31662,0
4,-233.35657,0
5,-232.7404,0
6,-294.9419,0
7,-336.69824,0
8,-321.31976,0
9,-307.42334,0
10,-206.88405,0
11,-267.0402,0
12,-407.88553,0
13,-268.83664,0
14,-296.01004,0
15,-240.09401,0
16,-188.45685,0
17,-301.57648,0
18,-391.10767,0
19,-232.83238,0
20,-419.37415,0
21,-199.877,0
22,-322.54147,0
23,-215.0021,0
24,-311.37604,0
25,-135.67694,0
26,-354.9849,0
27,-233.15327,0
28,-316.67267,0
29,-238.87747,0
30,-251.8858,0
31,-193.3344,0
32,-180.13855,0
33,-163.58437,0
34,-350.31357,0
35,-236.0201,0
36,-167.28395,0
37,-177.52557,0
38,-266.63434,0
39,-185.3969,0
40,-277.73096,0
41,-287.09592,0
42,-415.15613,0
43,-237.62788,0
44,-258.73877,0
45,-341.81537,0
46,-317.9409,0
47,-283.4593,0
48,-156.59114,0
49,-167.658,0
50,-220.3435,0
51,-223.28123,0
52,-190.39497,0
53,-265.41473,0
54,-263.9816,0
55,-228.90163,0
56,-354.4076,0
57,-96.11415,0
58,-355.07382,0
59,-197.28366,0
60,-292.49203,0
61,-261.15826,0
62,-183.04367,0
63,-337.34503,0
64,-244.64357,0
65,-381.79056,0
66,-295.57477,0
67,-209.20332,0
68,-169.23563,0
69,-200.2946,0
70,-266.79987,0
71,-253.09529,0
72,-266.03442,0
73,-377.75525,0
74,-315.3573,0
75,-248.78899,0
76,-273.2486,0
77,-426.03165,0
78,-262.3,0
79,-228.57831,0
80,-160.54729,1
81,-65.58176,1
82,-140.11565,1
83,-142.96336,1
84,-114.841805,1
85,-135.24376,1
86,-105.0813,1
87,-128.22047,1
88,-148.38564,1
89,-152.95647,1
90,-93.29938,1
91,-110.125725,1
92,-106.200905,1
93,-167.43759,1
94,-149.46974,1
95,-85.84497,1
96,-169.39165,1
97,-97.06267,1
98,-136.0175,1
99,-156.16542,1
100,-125.21495,1
101,-93.71988,1
102,-182.62529,1
103,-85.76584,1
104,-85.76274,1
105,-133.56067,1
106,-161.68106,1
107,-188.61174,1
108,-128.78879,1
109,-122.3242,1
110,-158.73854,1
111,-132.39577,1
112,-163.20448,1
113,-164.49635,1
114,-182.47298,1
115,-132.80794,1
116,-159.13351,1
117,-92.85545,1
118,-148.06035,1
119,-104.85994,1
120,-127.64575,1
121,-118.55054,1
122,-116.075935,1
123,-137.90953,1
124,-90.99544,1
125,-71.81553,1
126,-135.2556,1
127,-131.72719,1
128,-153.11935,1
129,-95.4521,1
130,-133.91348,1
131,-94.34964,1
132,-128.03885,1
133,-130.49278,1
134,-84.63687,1
135,-146.18513,1
136,-126.86337,1
137,-96.03903,1
138,-184.40912,1
139,-148.89845,1
140,-129.50568,1
141,-97.80742,1
142,-156.95694,1
143,-175.41496,1
144,-137.85413,1
145,-137.23332,1
146,-157.98213,1
147,-180.29573,1
148,-191.24654,1
149,-197.18997,1
150,-163.58502,1
151,-170.24542,1
152,-192.78743,1
153,-188.02971,1
154,-199.22548,1
155,-181.81009,1
156,-129.07684,1
157,-88.65631,1
158,-113.30339,1
159,-165.42622,1
160,-154.49641,2
161,-135.39781,2
162,-213.58888,2
163,-149.72548,2
164,-258.54297,2
165,-225.50623,2
166,-182.8842,2
167,-265.65964,2
168,-161.82906,2
169,-237.60103,2
170,-165.78017,2
171,-161.42622,2
172,-194.05637,2
173,-201.46867,2
174,-190.36308,2
175,-214.78714,2
176,-75.98791,2
177,-192.0901,2
178,-286.59338,2
179,-273.17853,2
180,-55.716026,2
181,-254.30943,2
182,-257.03177,2
183,-194.72853,2
184,-165.9728,2
185,-285.51367,2
186,-174.36984,2
187,-227.42616,2
188,-111.344894,2
189,-104.40232,2
190,-152.61623,2
191,-138.72873,2
192,-240.77182,2
193,-326.38623,2
194,-110.806885,2
195,-161.67284,2
196,-283.5398,2
197,-275.44733,2
198,-126.84294,2
199,-373.5415,2
200,-174.02238,2
201,-267.1182,2
202,-92.07298,2
203,-179.15892,2
204,-128.38496,2
205,-39.906216,2
206,-113.66464,2
207,-370.06058,2
208,-168.37355,2
209,-231.93742,2
210,-232.89075,2
211,-276.39383,2
212,-418.7998,2
213,-207.61537,2
214,-249.22762,2
215,-184.68346,2
216,-248.43181,2
217,-141.80501,2
218,-313.9005,2
219,-332.33136,2
220,-252.77452,2
221,-259.81622,2
222,-308.28723,2
223,-175.57661,2
224,-134.99207,2
225,-282.93182,2
226,-270.43903,2
227,-193.709,2
228,-277.8959,2
229,-224.97438,2
230,-188.38988,2
231,-187.15971,2
232,-97.49997,2
233,-301.5467,2
234,-306.84213,2
235,-249.21057,2
236,-142.85754,2
237,-269.5249,2
238,-133.4874,2
239,-221.2971,2
240,-269.34714,3
241,-334.22437,3
242,-132.17189,3
243,-153.09508,3
244,-311.06537,3
245,-254.9274,3
246,-353.4538,3
247,-82.746925,3
248,-274.551,3
249,-157.11285,3
250,-283.61893,3
251,-164.8086,3
252,-274.27118,3
253,-267.0395,3
254,-265.1084,3
255,-306.06906,3
256,-155.52065,3
257,-208.57622,3
258,-256.93698,3
259,-379.25928,3
260,-284.8128,3
261,-223.32115,3
262,-198.42812,3
263,-189.8856,3
264,-200.30745,3
265,-241.62114,3
266,-244.3997,3
267,-284.2129,3
268,-400.30695,3
269,-229.68031,3
270,-204.50172,3
271,-243.97414,3
272,-192.66173,3
273,-199.52687,3
274,-232.86101,3
275,-176.93513,3
276,-358.30542,3
277,-185.05338,3
278,-325.86414,3
279,-136.01866,3
280,-194.24724,3
281,-305.04276,3
282,-337.89355,3
283,-218.4709,3
284,-125.15442,3
285,-230.13243,3
286,-267.7595,3
287,-320.74915,3
288,-314.6263,3
289,-257.71344,3
290,-257.52063,3
291,-259.2832,3
292,-291.05902,3
293,-223.01445,3
294,-311.06836,3
295,-263.82208,3
296,-255.13345,3
297,-302.3046,3
298,-240.17458,3
299,-364.00818,3
300,-261.30615,3
301,-382.08313,3
302,-164.95049,3
303,-175.52287,3
304,-160.67479,3
305,-170.6247,3
306,-273.9266,3
307,-126.41676,3
308,-75.062294,3
309,-319.74426,3
310,-431.3404,3
311,-192.33978,3
312,-228.50365,3
313,-158.42891,3
314,-232.32191,3
315,-285.27286,3
316,-171.07193,3
317,-333.78632,3
318,-187.69911,3
319,-293.9641,3
320,-236.9023,4
321,-193.68083,4
322,-221.02678,4
323,-212.21849,4
324,-196.29088,4
325,-195.06483,4
326,-226.34613,4
327,-110.26492,4
328,-219.43779,4
329,-131.85298,4
330,-181.91301,4
331,-148.59486,4
332,-164.06686,4
333,-171.28632,4
334,-155.72858,4
335,-204.65733,4
336,-132.00813,4
337,-275.20193,4
338,-212.25923,4
339,-212.01134,4
340,-349.12122,4
341,-130.80275,4
342,-269.98816,4
343,-188.15746,4
344,-221.7311,4
345,-190.27785,4
346,-153.00351,4
347,-132.32777,4
348,-61.755413,4
349,-204.95631,4
350,-229.25768,4
351,-159.76364,4
352,-195.42165,4
353,-156.35045,4
354,-174.67853,4
355,-249.53267,4
356,-270.23474,4
357,-167.60893,4
358,-159.95409,4
359,-128.48482,4
360,-261.88647,4
361,-202.00606,4
362,-172.57014,4
363,-128.8856,4
364,-175.67155,4
365,-177.34985,4
366,-295.8543,4
367,-220.0614,4
368,-175.59279,4
369,-123.97307,4
370,-114.48397,4
371,-123.69252,4
372,-117.578125,4
373,-155.30466,4
374,-247.51106,4
375,-181.56688,4
376,-113.12244,4
377,-133.66689,4
378,-186.37215,4
379,-181.71669,4
380,-230.07758,4
381,-143.93213,4
382,-131.07063,4
383,-165.45583,4
384,-193.26958,4
385,-126.147224,4
386,-186.94664,4
387,-161.74629,4
388,-162.47505,4
389,-188.34938,4
390,-157.2212,4
391,-184.88718,4
392,-166.40178,4
393,-221.881,4
394,-122.25414,4
395,-234.71077,4
396,-265.43576,4
397,-172.23947,4
398,-190.75873,4
399,-196.50374,4
400,-254.99657,5
401,-179.95424,5
402,-161.12343,5
403,-213.86348,5
404,-177.47813,5
405,-274.9645,5
406,-198.02052,5
407,-219.36049,5
408,-244.0705,5
409,-223.34532,5
410,-218.99666,5
411,-221.16542,5
412,-51.53337,5
413,-192.24895,5
414,-335.16946,5
415,-175.22697,5
416,-348.65533,5
417,-328.42715,5
418,-166.5295,5
419,-207.01039,5
420,-309.02576,5
421,-364.75925,5
422,-208.53424,5
423,-271.50043,5
424,-114.34554,5
425,-116.40527,5
426,-190.41795,5
427,-284.3393,5
428,-243.4216,5
429,-218.56068,5
430,-320.9812,5
431,-232.60689,5
432,-282.84796,5
433,-170.05905,5
434,-204.49991,5
435,-277.04858,5
436,-126.6122,5
437,-213.53838,5
438,-163.3272,5
439,-99.21912,5
440,-168.89197,5
441,-293.06903,5
442,-245.95059,5
443,-222.1923,5
444,-108.552216,5
445,-241.57414,5
446,-246.6158,5
447,-248.31673,5
448,-351.6657,5
449,-144.95457,5
450,-153.84465,5
451,-128.88707,5
452,-126.95586,5
453,-220.69858,5
454,-132.52802,5
455,-152.81892,5
456,-210.93933,5
457,-288.84003,5
458,-163.2241,5
459,-212.91747,5
460,-160.10643,5
461,-290.7041,5
462,-294.9951,5
463,-267.43564,5
464,-148.11974,5
465,-170.88483,5
466,-227.25772,5
467,-132.39742,5
468,-213.55217,5
469,-269.0819,5
470,-248.56342,5
471,-302.91537,5
472,-269.00674,5
473,-244.13759,5
474,-179.56023,5
475,-204.5128,5
476,-274.23984,5
477,-147.13057,5
478,-176.27515,5
479,-219.83858,5
480,-125.17285,6
481,-249.95238,6
482,-150.11247,6
483,-193.66571,6
484,-86.96243,6
485,-215.24088,6
486,-240.3867,6
487,-278.92892,6
488,-332.4294,6
489,-230.69408,6
490,-140.61638,6
491,-151.90504,6
492,-78.716934,6
493,-129.78773,6
494,-177.42563,6
495,-219.46027,6
496,-240.1354,6
497,-231.88829,6
498,-159.59612,6
499,-383.25757,6
500,-148.29301,6
501,-157.8062,6
502,-92.62299,6
503,-179.47371,6
504,-153.00163,6
505,-247.58266,6
506,-222.37541,6
507,-178.2742,6
508,-296.30923,6
509,-247.0126,6
510,-223.33534,6
511,-196.62924,6
512,-230.0946,6
513,-148.38936,6
514,-167.23074,6
515,-118.11052,6
516,-160.18642,6
517,-101.930336,6
518,-121.30331,6
519,-83.21344,6
520,-276.41748,6
521,-166.04457,6
522,-223.13133,6
523,-223.76842,6
524,-300.07382,6
525,-126.3344,6
526,-162.85863,6
527,-150.59976,6
528,-226.62093,6
529,-187.1475,6
530,-102.2156,6
531,-138.36432,6
532,-290.65173,6
533,-95.536644,6
534,-226.15274,6
535,-166.58852,6
536,-254.96614,6
537,-216.8015,6
538,-92.51272,6
539,-167.97131,6
540,-138.37175,6
541,-104.00281,6
542,-90.61542,6
543,-158.15685,6
544,-149.64665,6
545,-112.35865,6
546,-164.62338,6
547,-166.7793,6
548,-168.34056,6
549,-139.88005,6
550,-255.72719,6
551,-179.69038,6
552,-242.15163,6
553,-184.7198,6
554,-208.38597,6
555,-136.13203,6
556,-211.29863,6
557,-269.16577,6
558,-176.2011,6
559,-142.23987,6
560,-213.33221,7
561,-175.67963,7
562,-115.63472,7
563,-150.54239,7
564,-214.07022,7
565,-173.95961,7
566,-228.43027,7
567,-127.61919,7
568,-140.21147,7
569,-249.39458,7
570,-255.28604,7
571,-142.72798,7
572,-117.65289,7
573,-228.24332,7
574,-147.48726,7
575,-173.08434,7
576,-166.76637,7
577,-129.02516,7
578,-167.2405,7
579,-124.48108,7
580,-161.5677,7
581,-127.5721,7
582,-101.06991,7
583,-200.82295,7
584,-139.41586,7
585,-158.0575,7
586,-121.361435,7
587,-166.04561,7
588,-130.91856,7
589,-170.58505,7
590,-297.161,7
591,-102.62741,7
592,-138.57962,7
593,-258.12842,7
594,-167.31819,7
595,-221.65395,7
596,-195.84792,7
597,-283.96207,7
598,-135.36827,7
599,-187.57391,7
600,-206.51918,7
601,-175.40967,7
602,-198.24904,7
603,-165.73369,7
604,-185.8012,7
605,-145.48055,7
606,-160.72559,7
607,-224.55588,7
608,-145.04604,7
609,-119.425476,7
610,-235.59064,7
611,-197.50592,7
612,-214.13785,7
613,-177.45662,7
614,-149.01549,7
615,-67.47745,7
616,-118.51184,7
617,-173.52216,7
618,-201.05542,7
619,-224.38882,7
620,-205.4073,7
621,-130.478,7
622,-160.26572,7
623,-123.934654,7
624,-49.17874,7
625,-243.83556,7
626,-164.10963,7
627,-90.64073,7
628,-118.2867,7
629,-137.7943,7
630,-131.80301,7
631,-154.3347,7
632,-148.31703,7
633,-119.28862,7
634,-181.46138,7
635,-161.18167,7
636,-159.20076,7
637,-123.90627,7
638,-250.51491,7
639,-152.21843,7
640,-417.69446,8
641,-185.30437,8
642,-250.38547,8
643,-115.678444,8
644,-327.99542,8
645,-150.699,8
646,-193.72531,8
647,-150.32344,8
648,-133.81929,8
649,-195.65648,8
650,-241.60457,8
651,-264.62964,8
652,-279.00873,8
653,-402.24927,8
654,-210.15031,8
655,-192.22041,8
656,-190.21935,8
657,-207.16512,8
658,-118.40041,8
659,-469.7219,8
660,-294.74164,8
661,-214.51079,8
662,-202.46098,8
663,-279.195,8
664,-412.3233,8
665,-168.79878,8
666,-315.24295,8
667,-116.57978,8
668,-212.16953,8
669,-312.47797,8
670,-226.59474,8
671,-157.11339,8
672,-260.12622,8
673,-325.77246,8
674,-185.81078,8
675,-276.5846,8
676,-202.53894,8
677,-168.78487,8
678,-188.84709,8
679,-216.99524,8
680,-209.14346,8
681,-243.59837,8
682,-290.19714,8
683,-254.34239,8
684,-203.6556,8
685,-228.24803,8
686,-208.6019,8
687,-310.87402,8
688,-192.95805,8
689,-169.73685,8
690,-174.85463,8
691,-238.2785,8
692,-207.57568,8
693,-361.72052,8
694,-195.06734,8
695,-193.14339,8
696,-350.2385,8
697,-164.96303,8
698,-61.78437,8
699,-132.7543,8
700,-289.024,8
701,-197.47826,8
702,-264.99905,8
703,-140.18379,8
704,-302.3338,8
705,-224.68953,8
706,-275.42145,8
707,-138.29811,8
708,-170.78029,8
709,-281.50208,8
710,-214.7697,8
711,-135.29478,8
712,-131.79358,8
713,-203.23239,8
714,-101.041824,8
715,-256.4121,8
716,-215.90022,8
717,-174.39659,8
718,-191.5724,8
719,-156.89973,8
720,-142.02217,9
721,-303.7053,9
722,-197.97008,9
723,-356.93414,9
724,-155.62071,9
725,-192.57996,9
726,-219.4597,9
727,-186.26065,9
728,-171.87271,9
729,-148.8227,9
730,-199.16252,9
731,-100.13714,9
732,-247.36678,9
733,-216.79808,9
734,-139.43607,9
735,-166.77164,9
736,-112.79831,9
737,-259.24835,9
738,-190.90767,9
739,-236.39424,9
740,-252.56825,9
741,-240.27382,9
742,-157.22414,9
743,-226.83017,9
744,-230.58504,9
745,-249.52371,9
746,-80.592224,9
747,-173.33783,9
748,-107.58804,9
749,-158.08089,9
750,-188.93208,9
751,-179.76958,9
752,-332.02676,9
753,-193.04997,9
754,-315.0907,9
755,-141.8944,9
756,-159.89214,9
757,-150.0688,9
758,-263.38562,9
759,-65.731094,9
760,-182.41966,9
761,-196.86049,9
762,-192.10515,9
763,-170.3348,9
764,-264.46368,9
765,-199.76659,9
766,-168.81128,9
767,-170.43536,9
768,-125.826324,9
769,-152.35149,9
770,-226.699,9
771,-146.80482,9
772,-252.40578,9
773,-159.98117,9
774,-100.877914,9
775,-127.81377,9
776,-202.82677,9
777,-143.07457,9
778,-196.79906,9
779,-140.70564,9
780,-323.2385,9
781,-205.93803,9
782,-59.35823,9
783,-197.3564,9
784,-179.13829,9
785,-238.07587,9
786,-180.6684,9
787,-83.99056,9
788,-88.38973,9
789,-210.49812,9
790,-193.52563,9
791,-116.6479,9
792,-234.09885,9
793,-200.03516,9
794,-197.90553,9
795,-190.26408,9
796,-186.61649,9
797,-121.220764,9
798,-236.05858,9
799,-117.597,9
