Image,Value,Label
0,-351.12476,0
1,-209.00745,0
2,-221.86844,0
3,-449.09473,0
4,-329.12375,0
5,-298.30167,0
6,-365.38245,0
7,-326.7159,0
8,-264.13168,0
9,-294.38162,0
10,-334.03055,0
11,-309.20465,0
12,-448.9489,0
13,-258.5983,0
14,-239.07712,0
15,-249.9277,0
16,-295.98477,0
17,-299.40536,0
18,-446.63568,0
19,-396.5495,0
20,-532.8511,0
21,-298.6175,0
22,-420.95422,0
23,-284.89392,0
24,-388.77557,0
25,-191.92416,0
26,-272.88135,0
27,-273.719,0
28,-372.9878,0
29,-227.59756,0
30,-374.82312,0
31,-242.07101,0
32,-241.22433,0
33,-174.33134,0
34,-349.93805,0
35,-314.5291,0
36,-236.1549,0
37,-245.93243,0
38,-416.94788,0
39,-286.38647,0
40,-285.30408,0
41,-382.30844,0
42,-541.8021,0
43,-269.04315,0
44,-324.76178,0
45,-387.04266,0
46,-424.03436,0
47,-297.97974,0
48,-161.55437,0
49,-172.1427,0
50,-278.0296,0
51,-369.78333,0
52,-209.69543,0
53,-342.07855,0
54,-296.23785,0
55,-281.03003,0
56,-370.6646,0
57,-134.09698,0
58,-442.09277,0
59,-353.32413,0
60,-298.69873,0
61,-263.79758,0
62,-237.76271,0
63,-331.94656,0
64,-330.43417,0
65,-407.39365,0
66,-271.73486,0
67,-202.41766,0
68,-205.74635,0
69,-326.8017,0
70,-292.61737,0
71,-299.2312,0
72,-372.5228,0
73,-511.18686,0
74,-373.7132,0
75,-255.07657,0
76,-321.09277,0
77,-557.2678,0
78,-290.8465,0
79,-356.0052,0
80,-206.70569,1
81,-30.215391,1
82,-206.8573,1
83,-118.64248,1
84,-185.98637,1
85,-197.94034,1
86,-114.56087,1
87,-106.26009,1
88,-147.98935,1
89,-250.75107,1
90,-135.8677,1
91,-156.73376,1
92,-140.71997,1
93,-253.54626,1
94,-150.48425,1
95,-112.74093,1
96,-226.90866,1
97,-127.08666,1
98,-175.3715,1
99,-164.71127,1
100,-106.048256,1
101,-139.20717,1
102,-279.32166,1
103,-132.35075,1
104,-131.02612,1
105,-131.5667,1
106,-239.04703,1
107,-239.69922,1
108,-154.7619,1
109,-111.327034,1
110,-234.55815,1
111,-143.29659,1
112,-228.4013,1
113,-192.11264,1
114,-207.9881,1
115,-149.10262,1
116,-222.37726,1
117,-154.55434,1
118,-214.0865,1
119,-145.73029,1
120,-141.4039,1
121,-157.83499,1
122,-149.64084,1
123,-185.15787,1
124,-153.7531,1
125,-129.15172,1
126,-190.43077,1
127,-108.9558,1
128,-171.5869,1
129,-132.26218,1
130,-201.8934,1
131,-118.393745,1
132,-145.83418,1
133,-189.47867,1
134,-134.49646,1
135,-152.13644,1
136,-182.65804,1
137,-121.278984,1
138,-229.53873,1
139,-150.21848,1
140,-169.17464,1
141,-122.41787,1
142,-203.8648,1
143,-174.17865,1
144,-183.47678,1
145,-186.56506,1
146,-165.5987,1
147,-180.11316,1
148,-193.78238,1
149,-246.51904,1
150,-215.5788,1
151,-262.5315,1
152,-255.03531,1
153,-204.31143,1
154,-224.3166,1
155,-254.70987,1
156,-288.73282,1
157,-145.98788,1
158,-123.94522,1
159,-208.81451,1
160,-186.00873,2
161,-267.51093,2
162,-236.09146,2
163,-308.60687,2
164,-311.43643,2
165,-343.64023,2
166,-255.36261,2
167,-340.98703,2
168,-222.61633,2
169,-248.0711,2
170,-140.67053,2
171,-291.18073,2
172,-176.93094,2
173,-317.24567,2
174,-331.12836,2
175,-354.40417,2
176,-204.77957,2
177,-203.9212,2
178,-293.7608,2
179,-368.91357,2
180,-95.95759,2
181,-387.6826,2
182,-324.7207,2
183,-252.10109,2
184,-223.37195,2
185,-300.0354,2
186,-263.4923,2
187,-284.95908,2
188,-148.66998,2
189,-145.90137,2
190,-152.5452,2
191,-270.2281,2
192,-226.2526,2
193,-324.6557,2
194,-250.70901,2
195,-216.23625,2
196,-319.08914,2
197,-314.55634,2
198,-284.1164,2
199,-385.21655,2
200,-175.06738,2
201,-373.97604,2
202,-149.17972,2
203,-327.81378,2
204,-182.41153,2
205,-133.10023,2
206,-208.56989,2
207,-373.19183,2
208,-310.51105,2
209,-326.76315,2
210,-257.72656,2
211,-276.89703,2
212,-450.1577,2
213,-234.58139,2
214,-225.47234,2
215,-389.54242,2
216,-288.2337,2
217,-143.56863,2
218,-363.40546,2
219,-390.4443,2
220,-316.07684,2
221,-414.06122,2
222,-311.16412,2
223,-202.51387,2
224,-177.7782,2
225,-298.36273,2
226,-314.29926,2
227,-260.68256,2
228,-229.95679,2
229,-326.30157,2
230,-233.68527,2
231,-236.15262,2
232,-184.78485,2
233,-452.838,2
234,-381.058,2
235,-267.77625,2
236,-198.56656,2
237,-324.0847,2
238,-138.33398,2
239,-253.76729,2
240,-421.65945,3
241,-236.3293,3
242,-165.44904,3
243,-144.27408,3
244,-300.30347,3
245,-214.66693,3
246,-390.83667,3
247,-208.07587,3
248,-318.6533,3
249,-159.51315,3
250,-417.87378,3
251,-305.39307,3
252,-336.35196,3
253,-337.02496,3
254,-258.20758,3
255,-350.97302,3
256,-164.7807,3
257,-336.61874,3
258,-353.896,3
259,-393.19794,3
260,-255.20882,3
261,-305.8104,3
262,-320.11536,3
263,-258.41013,3
264,-256.6515,3
265,-321.5859,3
266,-287.37784,3
267,-286.51416,3
268,-378.3291,3
269,-227.01051,3
270,-215.01105,3
271,-296.3059,3
272,-309.41437,3
273,-246.56256,3
274,-297.36548,3
275,-156.67563,3
276,-331.40015,3
277,-188.59602,3
278,-319.61023,3
279,-307.6592,3
280,-259.1991,3
281,-380.117,3
282,-316.29755,3
283,-307.3412,3
284,-220.32922,3
285,-231.66008,3
286,-307.7288,3
287,-419.4793,3
288,-343.87067,3
289,-304.12354,3
290,-236.20972,3
291,-210.93124,3
292,-276.0117,3
293,-224.28339,3
294,-299.45755,3
295,-290.18933,3
296,-323.08655,3
297,-278.01605,3
298,-314.72217,3
299,-470.76248,3
300,-374.2381,3
301,-405.1261,3
302,-167.34122,3
303,-167.82446,3
304,-232.9454,3
305,-220.30466,3
306,-318.23633,3
307,-116.920265,3
308,-181.1973,3
309,-341.4945,3
310,-552.25555,3
311,-222.2612,3
312,-230.66502,3
313,-169.16988,3
314,-284.73193,3
315,-334.67828,3
316,-133.04536,3
317,-283.15356,3
318,-269.5867,3
319,-344.0058,3
320,-233.7356,4
321,-141.79474,4
322,-162.85576,4
323,-171.33057,4
324,-227.52646,4
325,-161.60693,4
326,-265.48166,4
327,-186.66826,4
328,-341.98993,4
329,-170.31912,4
330,-176.87839,4
331,-147.86641,4
332,-186.4855,4
333,-209.2753,4
334,-182.89568,4
335,-182.68434,4
336,-144.91904,4
337,-282.91177,4
338,-164.36523,4
339,-214.07812,4
340,-328.20703,4
341,-142.9982,4
342,-275.42465,4
343,-254.75047,4
344,-210.57559,4
345,-234.2472,4
346,-126.327385,4
347,-177.8317,4
348,-129.04135,4
349,-220.52486,4
350,-209.02344,4
351,-196.32697,4
352,-214.42914,4
353,-188.44962,4
354,-141.52643,4
355,-213.36981,4
356,-281.2919,4
357,-202.65785,4
358,-131.5434,4
359,-125.12118,4
360,-196.0791,4
361,-269.28848,4
362,-184.66763,4
363,-133.74115,4
364,-185.30971,4
365,-142.85777,4
366,-304.52075,4
367,-217.34744,4
368,-244.48862,4
369,-148.90465,4
370,-155.71646,4
371,-127.96821,4
372,-94.07203,4
373,-150.48428,4
374,-273.11948,4
375,-174.41673,4
376,-145.46794,4
377,-177.96143,4
378,-233.33403,4
379,-242.9035,4
380,-266.22073,4
381,-181.96472,4
382,-154.33945,4
383,-165.93098,4
384,-243.2023,4
385,-227.17215,4
386,-206.77426,4
387,-211.55592,4
388,-237.82632,4
389,-260.6751,4
390,-212.20206,4
391,-168.17714,4
392,-239.02458,4
393,-253.6085,4
394,-108.60842,4
395,-244.0947,4
396,-224.92755,4
397,-197.89835,4
398,-171.2334,4
399,-198.79852,4
400,-184.93054,5
401,-204.26642,5
402,-254.26556,5
403,-266.2702,5
404,-248.2533,5
405,-248.84576,5
406,-253.3233,5
407,-314.12885,5
408,-315.16064,5
409,-154.78154,5
410,-235.59608,5
411,-276.23737,5
412,-77.57201,5
413,-225.79855,5
414,-364.1053,5
415,-205.64157,5
416,-398.80887,5
417,-308.8769,5
418,-249.34364,5
419,-257.29663,5
420,-341.12927,5
421,-332.1996,5
422,-366.34235,5
423,-318.65393,5
424,-177.97723,5
425,-131.75269,5
426,-308.59805,5
427,-378.3744,5
428,-284.5573,5
429,-227.60455,5
430,-392.79565,5
431,-237.97083,5
432,-254.34325,5
433,-199.16093,5
434,-241.88507,5
435,-278.86237,5
436,-207.81339,5
437,-314.75592,5
438,-171.84283,5
439,-201.8104,5
440,-193.67093,5
441,-358.71707,5
442,-299.22516,5
443,-277.07794,5
444,-106.0003,5
445,-185.51065,5
446,-309.58972,5
447,-311.3683,5
448,-416.50714,5
449,-235.48184,5
450,-180.27188,5
451,-90.68014,5
452,-183.20834,5
453,-192.82977,5
454,-203.05307,5
455,-229.28442,5
456,-304.42444,5
457,-252.04974,5
458,-194.6415,5
459,-249.75641,5
460,-175.75635,5
461,-321.5016,5
462,-326.89142,5
463,-230.26366,5
464,-311.5055,5
465,-201.36041,5
466,-280.84482,5
467,-172.85513,5
468,-183.89313,5
469,-355.17776,5
470,-263.42923,5
471,-214.82587,5
472,-311.5857,5
473,-361.37744,5
474,-198.43585,5
475,-290.77264,5
476,-283.62222,5
477,-148.30486,5
478,-224.43005,5
479,-295.42322,5
480,-190.60712,6
481,-185.74466,6
482,-299.57715,6
483,-172.04767,6
484,-198.91489,6
485,-262.1597,6
486,-317.8497,6
487,-418.35867,6
488,-338.3217,6
489,-242.52167,6
490,-178.1756,6
491,-211.9033,6
492,-116.53077,6
493,-269.43484,6
494,-184.33145,6
495,-256.76526,6
496,-251.80421,6
497,-343.87604,6
498,-176.5336,6
499,-464.19653,6
500,-285.04343,6
501,-188.21051,6
502,-259.53613,6
503,-200.7272,6
504,-242.69583,6
505,-297.97974,6
506,-237.47845,6
507,-183.677,6
508,-202.72992,6
509,-281.27597,6
510,-239.88493,6
511,-323.04114,6
512,-235.24438,6
513,-282.96393,6
514,-126.43626,6
515,-178.44461,6
516,-273.86957,6
517,-132.56744,6
518,-149.64587,6
519,-183.74179,6
520,-323.39288,6
521,-265.4759,6
522,-146.8956,6
523,-242.3421,6
524,-289.34174,6
525,-181.3586,6
526,-149.18994,6
527,-251.78082,6
528,-295.70755,6
529,-255.65872,6
530,-194.59871,6
531,-197.22525,6
532,-319.3485,6
533,-162.38358,6
534,-213.97037,6
535,-256.79303,6
536,-197.43051,6
537,-329.23593,6
538,-225.26154,6
539,-181.49411,6
540,-172.1167,6
541,-115.70777,6
542,-147.69817,6
543,-215.24698,6
544,-176.09538,6
545,-165.9685,6
546,-266.98535,6
547,-120.78185,6
548,-258.672,6
549,-165.00021,6
550,-260.65747,6
551,-167.19267,6
552,-253.64764,6
553,-221.98471,6
554,-299.5725,6
555,-223.68129,6
556,-263.33618,6
557,-331.26447,6
558,-170.36743,6
559,-173.1816,6
560,-200.2843,7
561,-213.66861,7
562,-174.77693,7
563,-158.80467,7
564,-205.85341,7
565,-290.45428,7
566,-286.66846,7
567,-161.41206,7
568,-191.86765,7
569,-260.28912,7
570,-208.90292,7
571,-204.46198,7
572,-227.74377,7
573,-268.50995,7
574,-237.87537,7
575,-184.47409,7
576,-276.42468,7
577,-142.23474,7
578,-314.39658,7
579,-215.27136,7
580,-215.6617,7
581,-136.29178,7
582,-140.67847,7
583,-233.535,7
584,-141.61221,7
585,-195.3794,7
586,-192.30283,7
587,-223.45465,7
588,-164.6649,7
589,-157.75497,7
590,-296.98096,7
591,-116.280464,7
592,-165.3648,7
593,-332.6895,7
594,-218.01001,7
595,-234.6432,7
596,-145.82785,7
597,-367.29803,7
598,-164.1798,7
599,-257.89825,7
600,-296.20953,7
601,-261.12698,7
602,-224.68822,7
603,-272.53638,7
604,-249.1652,7
605,-179.61893,7
606,-182.6915,7
607,-231.84889,7
608,-161.06819,7
609,-166.36156,7
610,-328.19623,7
611,-209.9042,7
612,-174.5116,7
613,-171.16887,7
614,-180.15968,7
615,-91.856865,7
616,-231.4494,7
617,-255.45706,7
618,-191.67206,7
619,-286.46307,7
620,-252.2617,7
621,-249.25728,7
622,-198.83292,7
623,-72.73451,7
624,-93.236046,7
625,-232.85025,7
626,-193.29305,7
627,-141.63449,7
628,-159.84494,7
629,-182.20757,7
630,-283.25818,7
631,-167.32733,7
632,-204.39963,7
633,-157.6211,7
634,-213.76778,7
635,-216.69156,7
636,-161.71425,7
637,-193.78258,7
638,-212.76627,7
639,-176.17686,7
640,-431.97723,8
641,-220.27138,8
642,-212.3987,8
643,-212.82149,8
644,-380.0763,8
645,-145.39168,8
646,-385.34192,8
647,-241.71243,8
648,-207.05344,8
649,-211.50482,8
650,-323.6222,8
651,-188.43707,8
652,-403.54468,8
653,-473.40704,8
654,-292.07703,8
655,-241.10817,8
656,-219.99445,8
657,-209.90831,8
658,-207.7285,8
659,-513.8285,8
660,-466.7729,8
661,-273.43604,8
662,-344.53937,8
663,-289.55762,8
664,-494.59964,8
665,-143.18845,8
666,-322.3337,8
667,-165.55997,8
668,-273.00656,8
669,-466.6574,8
670,-241.69154,8
671,-186.26697,8
672,-248.99814,8
673,-338.48468,8
674,-216.35925,8
675,-377.28522,8
676,-202.67119,8
677,-280.329,8
678,-232.7674,8
679,-262.05548,8
680,-286.82993,8
681,-279.35297,8
682,-260.36243,8
683,-273.7945,8
684,-368.182,8
685,-235.37035,8
686,-288.20093,8
687,-343.55933,8
688,-361.1988,8
689,-222.68703,8
690,-310.9394,8
691,-380.02557,8
692,-279.04413,8
693,-384.74634,8
694,-204.67969,8
695,-198.47952,8
696,-363.12646,8
697,-297.03708,8
698,-228.55783,8
699,-285.27307,8
700,-328.49268,8
701,-271.6764,8
702,-186.55598,8
703,-210.82346,8
704,-363.4375,8
705,-196.79846,8
706,-349.68964,8
707,-283.14792,8
708,-142.04688,8
709,-421.1864,8
710,-180.20511,8
711,-266.83356,8
712,-308.8075,8
713,-265.7826,8
714,-209.6148,8
715,-345.84644,8
716,-325.3683,8
717,-226.00772,8
718,-277.06976,8
719,-237.86389,8
720,-161.17609,9
721,-273.8856,9
722,-250.55644,9
723,-370.85596,9
724,-189.225,9
725,-147.8768,9
726,-145.90094,9
727,-212.444,9
728,-179.58029,9
729,-262.0716,9
730,-195.98824,9
731,-158.62825,9
732,-262.58954,9
733,-215.99298,9
734,-155.56244,9
735,-233.99396,9
736,-154.89456,9
737,-276.3784,9
738,-286.9461,9
739,-200.00638,9
740,-301.11615,9
741,-333.6476,9
742,-178.14148,9
743,-255.00638,9
744,-214.07532,9
745,-242.582,9
746,-96.48556,9
747,-135.65552,9
748,-214.46233,9
749,-193.14508,9
750,-190.29214,9
751,-156.9605,9
752,-346.80615,9
753,-207.92639,9
754,-378.62494,9
755,-116.81742,9
756,-184.53493,9
757,-142.56746,9
758,-322.82556,9
759,-83.03777,9
760,-104.18743,9
761,-252.66042,9
762,-291.87854,9
763,-166.58151,9
764,-251.8501,9
765,-217.58493,9
766,-198.81192,9
767,-288.75458,9
768,-161.92093,9
769,-76.25722,9
770,-201.4677,9
771,-158.04459,9
772,-228.79985,9
773,-163.06488,9
774,-174.99628,9
775,-124.76422,9
776,-208.25145,9
777,-139.71967,9
778,-192.28967,9
779,-128.77716,9
780,-309.32385,9
781,-208.92131,9
782,-121.4858,9
783,-161.59998,9
784,-173.26132,9
785,-239.51709,9
786,-188.92636,9
787,-110.14343,9
788,-142.93927,9
789,-207.97247,9
790,-215.20901,9
791,-115.63615,9
792,-222.91624,9
793,-232.30841,9
794,-298.4357,9
795,-196.49457,9
796,-203.69376,9
797,-129.01318,9
798,-280.44928,9
799,-167.01031,9
