Image,Value,Label
0,134.9657,0
1,185.84358,0
2,35.840992,0
3,88.37689,0
4,191.97058,0
5,166.94614,0
6,323.72427,0
7,170.05997,0
8,213.19821,0
9,186.56177,0
10,197.70981,0
11,188.29027,0
12,81.88023,0
13,183.06497,0
14,149.33066,0
15,95.24916,0
16,248.29274,0
17,187.538,0
18,150.33952,0
19,67.03496,0
20,212.564,0
21,176.88759,0
22,33.915405,0
23,63.094673,0
24,146.57294,0
25,124.62231,0
26,194.75735,0
27,124.61665,0
28,194.186,0
29,178.11514,0
30,203.85716,0
31,173.75488,0
32,110.64068,0
33,73.50218,0
34,285.68307,0
35,56.315414,0
36,60.949787,0
37,43.623383,0
38,148.53465,0
39,242.41438,0
40,170.10303,0
41,106.03291,0
42,159.3757,0
43,244.45332,0
44,126.18959,0
45,30.1715,0
46,279.09586,0
47,233.40506,0
48,196.57225,0
49,196.93944,0
50,87.56267,0
51,166.00656,0
52,260.40167,0
53,232.39948,0
54,52.62114,0
55,-12.142401,0
56,200.12947,0
57,93.319954,0
58,14.175927,0
59,264.1613,0
60,161.2671,0
61,192.04625,0
62,152.15742,0
63,194.10184,0
64,243.17305,0
65,118.09837,0
66,233.29262,0
67,155.44666,0
68,156.2016,0
69,73.48498,0
70,117.04923,0
71,86.67871,0
72,-11.196268,0
73,331.64023,0
74,140.92027,0
75,84.85306,0
76,380.36282,0
77,150.05493,0
78,263.50882,0
79,-54.4589,0
80,172.91943,1
81,36.435356,1
82,108.28054,1
83,65.17706,1
84,118.52338,1
85,200.73192,1
86,80.949265,1
87,55.67747,1
88,71.30395,1
89,164.82986,1
90,98.014984,1
91,126.69534,1
92,78.71338,1
93,165.03297,1
94,124.26075,1
95,91.111206,1
96,106.29029,1
97,128.48172,1
98,133.13284,1
99,115.527725,1
100,61.191948,1
101,127.64467,1
102,142.99219,1
103,104.43424,1
104,127.4818,1
105,74.55448,1
106,102.45311,1
107,112.8584,1
108,162.5899,1
109,119.101105,1
110,120.40767,1
111,64.13947,1
112,144.96454,1
113,149.25615,1
114,126.258835,1
115,151.62068,1
116,84.38023,1
117,119.61878,1
118,138.54741,1
119,119.53,1
120,149.26785,1
121,58.200024,1
122,104.2616,1
123,198.33987,1
124,141.80548,1
125,143.91159,1
126,83.85104,1
127,141.5,1
128,105.715836,1
129,102.302444,1
130,122.46645,1
131,94.43431,1
132,32.045986,1
133,154.25555,1
134,141.1973,1
135,157.34639,1
136,173.6871,1
137,153.64862,1
138,156.04291,1
139,96.377716,1
140,92.24471,1
141,116.45668,1
142,127.18669,1
143,154.6747,1
144,110.40192,1
145,93.25981,1
146,135.90923,1
147,178.10306,1
148,100.277405,1
149,115.51153,1
150,172.55084,1
151,120.6833,1
152,-59.423664,1
153,187.23874,1
154,85.902306,1
155,149.80307,1
156,156.9714,1
157,121.14583,1
158,79.69854,1
159,144.36562,1
160,133.08582,2
161,90.28674,2
162,117.1539,2
163,-11.878955,2
164,62.004208,2
165,159.34595,2
166,181.57423,2
167,117.13836,2
168,201.68364,2
169,141.0091,2
170,120.62361,2
171,115.8261,2
172,189.11676,2
173,119.92568,2
174,92.0621,2
175,198.88326,2
176,112.80002,2
177,243.61592,2
178,363.5557,2
179,177.30637,2
180,71.42766,2
181,212.19556,2
182,183.6203,2
183,70.161194,2
184,238.30151,2
185,-31.894129,2
186,198.15013,2
187,76.01696,2
188,45.10631,2
189,42.60104,2
190,177.6495,2
191,42.635662,2
192,157.9777,2
193,34.650723,2
194,158.68709,2
195,295.24777,2
196,289.2426,2
197,83.95401,2
198,178.61118,2
199,294.67972,2
200,183.82785,2
201,67.98295,2
202,209.44508,2
203,153.25223,2
204,74.99472,2
205,18.215017,2
206,59.605907,2
207,318.57224,2
208,74.88549,2
209,96.328186,2
210,144.75085,2
211,268.68246,2
212,-4.1432886,2
213,197.38913,2
214,207.0664,2
215,266.4194,2
216,134.0074,2
217,229.10722,2
218,155.29037,2
219,-64.37583,2
220,162.37492,2
221,239.25282,2
222,107.20519,2
223,75.30339,2
224,92.17114,2
225,-138.37881,2
226,-145.26564,2
227,165.80844,2
228,171.08295,2
229,58.58824,2
230,125.90038,2
231,77.17321,2
232,196.70392,2
233,-58.74754,2
234,247.87268,2
235,186.08305,2
236,4.3777122,2
237,105.80686,2
238,98.81616,2
239,120.27234,2
240,333.96283,3
241,232.26,3
242,138.48648,3
243,164.6384,3
244,223.26436,3
245,265.60153,3
246,401.72226,3
247,189.42648,3
248,272.1584,3
249,159.63817,3
250,355.70947,3
251,114.01775,3
252,227.81537,3
253,271.925,3
254,319.03345,3
255,302.8928,3
256,196.7727,3
257,116.586205,3
258,380.0524,3
259,388.00336,3
260,229.87529,3
261,328.5701,3
262,253.88095,3
263,130.89156,3
264,88.87021,3
265,386.36148,3
266,329.62198,3
267,191.53345,3
268,297.63043,3
269,125.17673,3
270,187.71992,3
271,235.34341,3
272,221.767,3
273,294.00766,3
274,104.59955,3
275,229.29355,3
276,439.00876,3
277,175.90533,3
278,205.65775,3
279,178.20663,3
280,231.75705,3
281,240.36414,3
282,442.07474,3
283,334.90836,3
284,258.38058,3
285,248.1774,3
286,267.1296,3
287,274.41815,3
288,273.02716,3
289,231.58823,3
290,294.0094,3
291,244.82138,3
292,271.7072,3
293,228.92361,3
294,289.28214,3
295,228.03952,3
296,287.80197,3
297,274.61105,3
298,308.068,3
299,472.19736,3
300,253.85085,3
301,437.39322,3
302,203.17807,3
303,173.051,3
304,266.48752,3
305,238.92813,3
306,295.61276,3
307,209.08154,3
308,79.016235,3
309,221.80956,3
310,381.286,3
311,246.04865,3
312,240.20241,3
313,135.2779,3
314,273.48248,3
315,281.77338,3
316,148.78465,3
317,342.19495,3
318,284.32358,3
319,-8.235398,3
320,232.3049,4
321,149.69673,4
322,197.80557,4
323,163.50046,4
324,225.22998,4
325,148.17532,4
326,256.4426,4
327,140.093,4
328,272.71338,4
329,150.26501,4
330,200.66946,4
331,116.19915,4
332,197.87714,4
333,205.74069,4
334,191.73282,4
335,147.94606,4
336,71.40669,4
337,221.66855,4
338,163.13947,4
339,260.30234,4
340,264.90887,4
341,120.92886,4
342,250.24101,4
343,264.6879,4
344,223.2608,4
345,89.39809,4
346,87.51346,4
347,123.948044,4
348,101.15238,4
349,186.6432,4
350,213.3567,4
351,265.518,4
352,169.73505,4
353,178.24323,4
354,235.71208,4
355,241.11751,4
356,334.5115,4
357,186.62155,4
358,192.90558,4
359,149.38086,4
360,162.32004,4
361,226.76395,4
362,287.83957,4
363,85.36125,4
364,126.9145,4
365,195.4446,4
366,232.16052,4
367,263.9589,4
368,184.20107,4
369,131.50168,4
370,136.9567,4
371,189.50476,4
372,81.96028,4
373,152.84552,4
374,212.77606,4
375,199.55035,4
376,192.13971,4
377,174.43323,4
378,229.39424,4
379,167.20213,4
380,239.20697,4
381,150.85143,4
382,211.43843,4
383,181.49588,4
384,194.84213,4
385,142.83551,4
386,196.23062,4
387,208.79288,4
388,172.92276,4
389,142.81622,4
390,165.79382,4
391,163.76158,4
392,237.77127,4
393,216.6406,4
394,184.21642,4
395,274.0245,4
396,184.3826,4
397,107.13288,4
398,196.02197,4
399,159.46902,4
400,78.27767,5
401,88.626564,5
402,76.977806,5
403,145.48927,5
404,79.83386,5
405,82.90071,5
406,78.316376,5
407,-63.718586,5
408,90.3665,5
409,-18.64412,5
410,69.24465,5
411,67.83185,5
412,30.205172,5
413,26.414272,5
414,20.04048,5
415,47.679134,5
416,91.05611,5
417,61.193714,5
418,37.8323,5
419,212.5898,5
420,117.94391,5
421,144.09396,5
422,44.149967,5
423,119.81668,5
424,74.05518,5
425,99.532074,5
426,161.22234,5
427,190.39888,5
428,249.7423,5
429,159.39291,5
430,181.5264,5
431,125.510864,5
432,-21.796278,5
433,32.747105,5
434,126.159325,5
435,238.14445,5
436,121.54501,5
437,67.48375,5
438,150.1912,5
439,21.236208,5
440,95.23917,5
441,103.16134,5
442,164.43936,5
443,83.65358,5
444,-24.250689,5
445,12.222545,5
446,77.04554,5
447,215.93648,5
448,206.26103,5
449,47.36936,5
450,89.75788,5
451,168.82693,5
452,134.33896,5
453,110.089386,5
454,3.2395449,5
455,113.74956,5
456,-5.75731,5
457,233.72409,5
458,99.111694,5
459,216.79507,5
460,168.59549,5
461,241.99167,5
462,102.02809,5
463,234.26228,5
464,146.9391,5
465,115.1824,5
466,72.17775,5
467,20.464712,5
468,115.14409,5
469,82.000496,5
470,126.12015,5
471,83.1753,5
472,89.62581,5
473,109.56987,5
474,142.43497,5
475,91.1392,5
476,150.93767,5
477,-63.471256,5
478,51.874287,5
479,145.4628,5
480,6.6469717,6
481,-28.467215,6
482,-87.447815,6
483,5.1015606,6
484,3.345849,6
485,27.867811,6
486,-28.877785,6
487,47.264553,6
488,-3.715972,6
489,-42.86173,6
490,-15.322791,6
491,-21.237017,6
492,27.960161,6
493,-29.48144,6
494,27.714449,6
495,94.96057,6
496,75.21754,6
497,-0.57103443,6
498,44.809235,6
499,142.69821,6
500,52.98312,6
501,3.7310324,6
502,22.892374,6
503,-21.679369,6
504,42.244663,6
505,123.88983,6
506,-18.044315,6
507,17.192747,6
508,54.493393,6
509,-31.670351,6
510,-7.774044,6
511,-59.554214,6
512,-59.442463,6
513,-17.58362,6
514,13.901359,6
515,-8.046017,6
516,34.910072,6
517,23.019455,6
518,-6.330184,6
519,32.440044,6
520,36.246464,6
521,-16.921715,6
522,-6.5676584,6
523,30.455736,6
524,63.45714,6
525,39.505802,6
526,87.4881,6
527,18.273956,6
528,-4.3560514,6
529,37.216465,6
530,46.373775,6
531,63.09939,6
532,37.85354,6
533,61.236294,6
534,72.488106,6
535,17.541452,6
536,54.95511,6
537,53.08533,6
538,-10.034781,6
539,19.438234,6
540,1.8670588,6
541,27.329153,6
542,8.124135,6
543,-13.174447,6
544,24.800888,6
545,20.698048,6
546,-40.09129,6
547,114.111435,6
548,7.2342825,6
549,3.328395,6
550,27.304817,6
551,4.1969976,6
552,-20.336414,6
553,40.19806,6
554,73.09266,6
555,18.070257,6
556,62.926964,6
557,-86.66742,6
558,93.24392,6
559,35.24955,6
560,374.4039,7
561,180.51648,7
562,173.93643,7
563,248.44644,7
564,242.12653,7
565,287.5123,7
566,258.48297,7
567,188.36626,7
568,277.83755,7
569,419.79086,7
570,323.28036,7
571,199.89563,7
572,274.15057,7
573,274.04993,7
574,215.01952,7
575,252.45541,7
576,219.71625,7
577,332.86935,7
578,251.50027,7
579,299.42163,7
580,295.27814,7
581,160.50827,7
582,230.34512,7
583,328.5626,7
584,322.99393,7
585,250.03223,7
586,406.71317,7
587,308.19003,7
588,131.33882,7
589,202.11462,7
590,358.46524,7
591,199.86496,7
592,167.32526,7
593,394.60284,7
594,275.38626,7
595,287.81204,7
596,161.20956,7
597,378.2488,7
598,233.9698,7
599,315.03378,7
600,353.94827,7
601,219.68327,7
602,259.46088,7
603,308.5781,7
604,220.35912,7
605,234.0619,7
606,163.37453,7
607,366.88126,7
608,124.373245,7
609,174.24852,7
610,378.50894,7
611,295.41476,7
612,241.61765,7
613,272.60098,7
614,274.23016,7
615,132.61363,7
616,253.46024,7
617,290.4966,7
618,215.39735,7
619,357.4671,7
620,198.17972,7
621,239.52692,7
622,227.81404,7
623,142.61052,7
624,143.92404,7
625,465.5329,7
626,281.02017,7
627,170.10963,7
628,104.44666,7
629,338.69095,7
630,321.42014,7
631,181.00183,7
632,242.67867,7
633,179.96045,7
634,263.09067,7
635,272.0508,7
636,244.01688,7
637,331.27164,7
638,455.23013,7
639,204.81361,7
640,176.8467,8
641,99.2296,8
642,221.03864,8
643,33.64883,8
644,104.39844,8
645,64.67885,8
646,88.27038,8
647,99.68248,8
648,73.22487,8
649,179.28041,8
650,120.42818,8
651,142.58315,8
652,228.18341,8
653,242.8014,8
654,116.88983,8
655,93.47393,8
656,143.70221,8
657,163.62506,8
658,82.96041,8
659,217.4331,8
660,189.93144,8
661,36.683617,8
662,102.688644,8
663,175.05168,8
664,178.46407,8
665,113.75737,8
666,163.96118,8
667,99.48105,8
668,59.86922,8
669,102.36533,8
670,62.13485,8
671,37.468685,8
672,297.26212,8
673,164.94766,8
674,84.78755,8
675,84.99947,8
676,68.92122,8
677,32.74327,8
678,78.0622,8
679,141.72893,8
680,117.46011,8
681,153.38348,8
682,245.72046,8
683,129.83472,8
684,214.86978,8
685,158.65012,8
686,64.57106,8
687,104.45567,8
688,98.74878,8
689,37.343105,8
690,238.14066,8
691,220.05177,8
692,182.65082,8
693,194.1576,8
694,214.46106,8
695,116.252525,8
696,424.61575,8
697,72.66374,8
698,44.03872,8
699,141.86899,8
700,126.594124,8
701,75.16069,8
702,124.069626,8
703,111.294174,8
704,200.29912,8
705,157.64938,8
706,140.9313,8
707,-9.752036,8
708,67.61896,8
709,102.69801,8
710,82.805435,8
711,80.398705,8
712,12.95325,8
713,83.59819,8
714,126.98919,8
715,118.368515,8
716,94.39691,8
717,101.371185,8
718,91.58038,8
719,76.112366,8
720,181.55133,9
721,162.5929,9
722,199.63432,9
723,160.41777,9
724,226.89801,9
725,234.46974,9
726,80.38818,9
727,215.19626,9
728,233.31233,9
729,110.62596,9
730,149.35904,9
731,148.63806,9
732,284.1068,9
733,260.423,9
734,166.03752,9
735,167.71893,9
736,190.0951,9
737,276.27603,9
738,263.43143,9
739,160.45154,9
740,201.91293,9
741,149.52975,9
742,344.48532,9
743,231.04715,9
744,167.52283,9
745,239.56686,9
746,149.82315,9
747,229.05539,9
748,105.40513,9
749,172.06427,9
750,158.47183,9
751,254.1508,9
752,221.52573,9
753,201.9675,9
754,188.285,9
755,182.63892,9
756,139.8689,9
757,149.56033,9
758,215.44589,9
759,133.82794,9
760,98.299355,9
761,239.93317,9
762,235.43881,9
763,248.2204,9
764,268.50064,9
765,136.24991,9
766,91.948814,9
767,244.23555,9
768,91.937614,9
769,66.575966,9
770,220.00601,9
771,147.57574,9
772,242.42148,9
773,162.3682,9
774,209.34576,9
775,131.96664,9
776,182.30429,9
777,138.85648,9
778,188.66354,9
779,159.86156,9
780,213.54303,9
781,172.70224,9
782,125.03267,9
783,150.57751,9
784,243.51404,9
785,183.35004,9
786,156.65503,9
787,113.832924,9
788,155.60997,9
789,204.11969,9
790,159.0636,9
791,149.50012,9
792,301.3809,9
793,174.04382,9
794,227.71829,9
795,247.03162,9
796,207.48477,9
797,115.13939,9
798,208.89803,9
799,144.56273,9
