Image,Value,Label
0,-215.07278,0
1,-113.93511,0
2,-173.0811,0
3,-222.80974,0
4,-191.32237,0
5,-226.22935,0
6,-237.11945,0
7,-235.86914,0
8,-197.56447,0
9,-212.53682,0
10,-190.11514,0
11,-194.4901,0
12,-318.75992,0
13,-227.07765,0
14,-151.4841,0
15,-158.49576,0
16,-173.45525,0
17,-249.88646,0
18,-337.1145,0
19,-232.32823,0
20,-293.12714,0
21,-158.55473,0
22,-219.96364,0
23,-161.56194,0
24,-235.23799,0
25,-127.75943,0
26,-206.67397,0
27,-204.19621,0
28,-273.71082,0
29,-162.82536,0
30,-186.51158,0
31,-163.77138,0
32,-125.464775,0
33,-179.78851,0
34,-282.08392,0
35,-173.94514,0
36,-185.546,0
37,-137.32086,0
38,-225.96211,0
39,-134.32664,0
40,-225.70891,0
41,-223.06908,0
42,-319.347,0
43,-168.14519,0
44,-230.85127,0
45,-267.04868,0
46,-240.73921,0
47,-259.8743,0
48,-132.89128,0
49,-137.44403,0
50,-112.45461,0
51,-181.73006,0
52,-205.40666,0
53,-199.35927,0
54,-136.62741,0
55,-157.4024,0
56,-224.03189,0
57,-99.07856,0
58,-261.46317,0
59,-183.0679,0
60,-218.81563,0
61,-268.8825,0
62,-142.03589,0
63,-277.07227,0
64,-218.73332,0
65,-280.71573,0
66,-209.34804,0
67,-211.75981,0
68,-117.72186,0
69,-165.03366,0
70,-205.5693,0
71,-248.99773,0
72,-235.352,0
73,-314.9151,0
74,-233.19789,0
75,-177.22008,0
76,-199.75749,0
77,-395.78494,0
78,-151.02693,0
79,-152.55876,0
80,-115.801254,1
81,-50.770515,1
82,-109.57033,1
83,-72.411156,1
84,-87.35968,1
85,-159.14946,1
86,-51.018394,1
87,-65.15882,1
88,-96.25627,1
89,-182.53929,1
90,-64.949425,1
91,-79.98591,1
92,-101.15159,1
93,-158.56023,1
94,-124.86872,1
95,-28.424728,1
96,-121.61003,1
97,-68.47749,1
98,-71.87431,1
99,-103.68243,1
100,-77.771935,1
101,-73.799416,1
102,-205.79645,1
103,-58.897324,1
104,-78.44386,1
105,-95.16871,1
106,-172.45598,1
107,-160.75568,1
108,-99.95052,1
109,-112.71266,1
110,-185.73418,1
111,-107.6201,1
112,-153.01088,1
113,-160.08636,1
114,-147.28404,1
115,-100.16184,1
116,-109.09051,1
117,-61.27817,1
118,-173.45299,1
119,-73.16769,1
120,-80.06342,1
121,-73.27482,1
122,-111.105675,1
123,-103.62507,1
124,-117.01396,1
125,-74.33769,1
126,-109.42019,1
127,-97.1213,1
128,-137.32477,1
129,-67.39942,1
130,-96.35176,1
131,-59.90333,1
132,-45.85328,1
133,-94.752205,1
134,-72.06075,1
135,-122.28091,1
136,-101.14141,1
137,-84.48572,1
138,-155.65599,1
139,-88.55862,1
140,-69.19497,1
141,-77.22922,1
142,-153.1276,1
143,-141.62735,1
144,-113.14393,1
145,-156.74724,1
146,-109.54714,1
147,-151.3191,1
148,-112.41859,1
149,-173.65242,1
150,-173.88797,1
151,-194.86836,1
152,-178.57365,1
153,-176.88051,1
154,-150.72295,1
155,-170.38904,1
156,-212.54796,1
157,-86.88821,1
158,-53.664734,1
159,-135.62651,1
160,-104.89244,2
161,-183.74225,2
162,-217.12001,2
163,-72.647865,2
164,-259.10556,2
165,-223.03424,2
166,-225.5605,2
167,-261.01965,2
168,-199.4551,2
169,-269.78815,2
170,-114.87679,2
171,-211.5816,2
172,-163.225,2
173,-136.87204,2
174,-207.88292,2
175,-192.20906,2
176,-147.53143,2
177,-178.1323,2
178,-233.1837,2
179,-279.118,2
180,-54.52216,2
181,-237.12654,2
182,-207.73857,2
183,-218.31041,2
184,-234.45448,2
185,-172.98006,2
186,-156.89621,2
187,-135.68712,2
188,-72.83199,2
189,-100.43705,2
190,-137.21376,2
191,-174.09734,2
192,-222.19879,2
193,-219.8853,2
194,-167.11015,2
195,-182.28558,2
196,-231.69684,2
197,-240.7345,2
198,-122.00644,2
199,-202.75002,2
200,-154.68959,2
201,-193.80632,2
202,-130.68742,2
203,-206.41667,2
204,-197.77171,2
205,-126.24152,2
206,-159.9823,2
207,-282.4688,2
208,-201.66588,2
209,-299.4583,2
210,-250.23708,2
211,-206.22214,2
212,-348.92212,2
213,-170.9926,2
214,-231.05374,2
215,-191.63846,2
216,-110.852776,2
217,-132.88138,2
218,-273.33954,2
219,-253.48305,2
220,-243.64488,2
221,-220.6239,2
222,-256.8153,2
223,-160.872,2
224,-143.61688,2
225,-198.62437,2
226,-301.1528,2
227,-214.85573,2
228,-247.6955,2
229,-184.63509,2
230,-125.18205,2
231,-214.43692,2
232,-151.11565,2
233,-294.35608,2
234,-303.52316,2
235,-276.69214,2
236,-103.28209,2
237,-245.91447,2
238,-116.09124,2
239,-196.40366,2
240,-251.35094,3
241,-169.7815,3
242,-86.95945,3
243,-85.73873,3
244,-307.68158,3
245,-229.50584,3
246,-341.3011,3
247,-71.47111,3
248,-242.26646,3
249,-143.9047,3
250,-284.90802,3
251,-191.62367,3
252,-198.24892,3
253,-193.46196,3
254,-236.74437,3
255,-281.32703,3
256,-182.49309,3
257,-145.9836,3
258,-273.84387,3
259,-318.78235,3
260,-301.46896,3
261,-261.93732,3
262,-182.12749,3
263,-145.09496,3
264,-109.34727,3
265,-339.64365,3
266,-237.28601,3
267,-201.50296,3
268,-347.80762,3
269,-173.91113,3
270,-138.23866,3
271,-257.3023,3
272,-181.06569,3
273,-182.01094,3
274,-193.25406,3
275,-170.35934,3
276,-381.00366,3
277,-177.54659,3
278,-236.28555,3
279,-216.62398,3
280,-218.42766,3
281,-255.49808,3
282,-362.8379,3
283,-238.26512,3
284,-177.66432,3
285,-147.76051,3
286,-284.50684,3
287,-296.19635,3
288,-277.0761,3
289,-316.40796,3
290,-237.72978,3
291,-192.88792,3
292,-207.71223,3
293,-247.87337,3
294,-260.0432,3
295,-248.20372,3
296,-246.03387,3
297,-233.27596,3
298,-299.56573,3
299,-301.86453,3
300,-230.73622,3
301,-344.49332,3
302,-151.57492,3
303,-127.371956,3
304,-152.07219,3
305,-144.70485,3
306,-213.94534,3
307,-162.07121,3
308,-82.45071,3
309,-240.26884,3
310,-434.4234,3
311,-204.77815,3
312,-173.74821,3
313,-147.24829,3
314,-207.78062,3
315,-232.82535,3
316,-108.936455,3
317,-275.89505,3
318,-182.46764,3
319,-225.7028,3
320,-229.72708,4
321,-133.95442,4
322,-186.75291,4
323,-194.01636,4
324,-183.32047,4
325,-129.2479,4
326,-235.57707,4
327,-143.59654,4
328,-226.502,4
329,-95.74535,4
330,-194.96382,4
331,-109.22345,4
332,-142.3813,4
333,-110.274605,4
334,-159.05452,4
335,-151.7628,4
336,-102.45917,4
337,-243.49477,4
338,-238.78233,4
339,-199.56271,4
340,-266.16403,4
341,-153.01924,4
342,-240.2377,4
343,-200.77525,4
344,-199.37206,4
345,-208.30293,4
346,-140.34366,4
347,-169.54208,4
348,-126.44047,4
349,-182.28453,4
350,-249.18613,4
351,-176.82814,4
352,-242.38826,4
353,-212.79825,4
354,-173.50725,4
355,-188.40225,4
356,-285.44867,4
357,-151.87822,4
358,-171.81769,4
359,-118.48463,4
360,-202.82158,4
361,-173.29543,4
362,-194.97105,4
363,-123.41353,4
364,-223.32312,4
365,-191.87767,4
366,-309.7678,4
367,-216.2085,4
368,-229.14671,4
369,-144.94243,4
370,-114.91102,4
371,-127.23812,4
372,-99.969734,4
373,-145.8445,4
374,-274.31448,4
375,-223.94305,4
376,-111.937706,4
377,-118.86678,4
378,-180.26118,4
379,-130.74564,4
380,-198.5739,4
381,-126.788734,4
382,-141.78535,4
383,-196.24944,4
384,-197.91763,4
385,-106.11451,4
386,-231.13792,4
387,-179.67348,4
388,-101.23527,4
389,-210.61177,4
390,-150.00035,4
391,-170.2199,4
392,-183.12462,4
393,-253.80084,4
394,-150.61974,4
395,-201.4033,4
396,-219.8537,4
397,-186.47777,4
398,-171.0344,4
399,-188.53859,4
400,-162.7226,5
401,-137.29869,5
402,-160.83571,5
403,-151.0254,5
404,-206.77315,5
405,-204.5803,5
406,-204.93944,5
407,-266.3954,5
408,-209.90755,5
409,-195.06624,5
410,-203.50401,5
411,-238.05225,5
412,-68.1959,5
413,-118.00038,5
414,-290.62543,5
415,-172.45735,5
416,-324.27277,5
417,-216.14961,5
418,-192.72098,5
419,-215.46817,5
420,-272.75238,5
421,-279.04965,5
422,-280.48126,5
423,-273.44632,5
424,-161.02983,5
425,-137.92284,5
426,-177.52782,5
427,-350.73523,5
428,-246.97961,5
429,-192.35509,5
430,-292.2345,5
431,-235.86012,5
432,-265.06708,5
433,-172.66112,5
434,-194.1333,5
435,-272.57355,5
436,-171.09508,5
437,-250.84837,5
438,-172.56624,5
439,-179.15947,5
440,-173.94551,5
441,-324.86346,5
442,-308.74274,5
443,-189.31245,5
444,-143.85783,5
445,-240.87599,5
446,-196.2975,5
447,-290.11795,5
448,-383.48138,5
449,-195.01036,5
450,-126.18092,5
451,-195.33852,5
452,-145.34355,5
453,-131.98541,5
454,-152.33896,5
455,-205.59024,5
456,-163.91335,5
457,-274.70135,5
458,-159.55748,5
459,-256.26843,5
460,-191.33469,5
461,-291.86023,5
462,-204.45525,5
463,-257.2315,5
464,-157.19109,5
465,-89.7814,5
466,-262.4442,5
467,-156.0056,5
468,-201.01111,5
469,-280.63373,5
470,-196.23888,5
471,-212.49939,5
472,-240.6454,5
473,-185.08846,5
474,-225.73163,5
475,-211.00156,5
476,-257.6402,5
477,-118.32138,5
478,-229.3282,5
479,-250.38843,5
480,-131.46953,6
481,-206.69176,6
482,-201.33392,6
483,-171.69917,6
484,-114.519005,6
485,-164.46033,6
486,-250.63884,6
487,-305.3706,6
488,-305.1023,6
489,-150.93887,6
490,-155.01526,6
491,-110.62289,6
492,-122.17589,6
493,-176.87968,6
494,-192.3659,6
495,-243.86996,6
496,-234.85022,6
497,-158.1177,6
498,-165.68782,6
499,-348.45435,6
500,-194.14128,6
501,-161.16809,6
502,-166.02373,6
503,-158.44797,6
504,-131.67278,6
505,-204.61061,6
506,-228.33812,6
507,-211.07161,6
508,-234.34894,6
509,-263.28033,6
510,-197.49501,6
511,-200.57819,6
512,-189.66743,6
513,-170.58464,6
514,-121.3571,6
515,-114.65821,6
516,-212.67784,6
517,-112.32371,6
518,-158.97783,6
519,-117.9645,6
520,-285.03555,6
521,-146.76399,6
522,-186.27504,6
523,-204.98157,6
524,-253.29042,6
525,-125.826546,6
526,-218.12202,6
527,-122.731125,6
528,-227.18634,6
529,-168.53256,6
530,-134.09766,6
531,-181.56465,6
532,-287.0998,6
533,-129.64772,6
534,-224.14725,6
535,-219.92287,6
536,-167.23549,6
537,-206.03319,6
538,-130.52467,6
539,-170.32913,6
540,-137.33516,6
541,-93.42565,6
542,-116.37788,6
543,-161.847,6
544,-168.33426,6
545,-104.6468,6
546,-219.04204,6
547,-154.97601,6
548,-230.39873,6
549,-146.09038,6
550,-216.27557,6
551,-194.04678,6
552,-171.03299,6
553,-170.85089,6
554,-217.24228,6
555,-169.97414,6
556,-171.70671,6
557,-233.13808,6
558,-220.04759,6
559,-158.67073,6
560,-187.60173,7
561,-109.25443,7
562,-125.69243,7
563,-113.24755,7
564,-202.7102,7
565,-191.29924,7
566,-204.55298,7
567,-134.51265,7
568,-120.47799,7
569,-270.81204,7
570,-170.91113,7
571,-151.4847,7
572,-120.86895,7
573,-224.44177,7
574,-175.64345,7
575,-82.69677,7
576,-172.69476,7
577,-141.01797,7
578,-246.9437,7
579,-124.469086,7
580,-182.57336,7
581,-119.641075,7
582,-136.51686,7
583,-168.77046,7
584,-117.0779,7
585,-177.00253,7
586,-112.58586,7
587,-170.48903,7
588,-99.09104,7
589,-116.94097,7
590,-274.441,7
591,-48.69019,7
592,-140.49907,7
593,-228.67873,7
594,-108.7474,7
595,-245.4254,7
596,-162.91264,7
597,-267.7796,7
598,-139.5096,7
599,-165.19962,7
600,-192.00734,7
601,-144.1866,7
602,-139.40791,7
603,-211.18239,7
604,-174.92267,7
605,-88.69453,7
606,-175.14235,7
607,-175.36606,7
608,-126.24076,7
609,-144.53752,7
610,-218.846,7
611,-213.3565,7
612,-248.03716,7
613,-138.04225,7
614,-135.45299,7
615,-88.03598,7
616,-109.35435,7
617,-152.35368,7
618,-144.55817,7
619,-184.56773,7
620,-183.77327,7
621,-157.52025,7
622,-160.91827,7
623,-128.44142,7
624,-82.84339,7
625,-206.4806,7
626,-154.39888,7
627,-99.39004,7
628,-133.62221,7
629,-158.36075,7
630,-165.24792,7
631,-143.99162,7
632,-196.99944,7
633,-88.36527,7
634,-162.9446,7
635,-159.15794,7
636,-121.55187,7
637,-175.60591,7
638,-196.90407,7
639,-134.1163,7
640,-484.87112,8
641,-206.98694,8
642,-303.9344,8
643,-138.77048,8
644,-315.4688,8
645,-138.7527,8
646,-215.32564,8
647,-187.47916,8
648,-138.63393,8
649,-223.62251,8
650,-308.06046,8
651,-215.07832,8
652,-305.737,8
653,-400.86035,8
654,-311.5299,8
655,-232.92796,8
656,-144.87105,8
657,-212.739,8
658,-212.29764,8
659,-414.32666,8
660,-287.3272,8
661,-193.37587,8
662,-285.52826,8
663,-372.49432,8
664,-389.08383,8
665,-223.8379,8
666,-328.8494,8
667,-181.7566,8
668,-205.27002,8
669,-292.8251,8
670,-282.6671,8
671,-176.50508,8
672,-287.0373,8
673,-253.68744,8
674,-190.81721,8
675,-292.1409,8
676,-202.4254,8
677,-160.47847,8
678,-158.32423,8
679,-242.90794,8
680,-230.62534,8
681,-314.68262,8
682,-290.77316,8
683,-237.02896,8
684,-238.49727,8
685,-207.55745,8
686,-207.57863,8
687,-399.14502,8
688,-267.46915,8
689,-145.81024,8
690,-226.13036,8
691,-320.69363,8
692,-289.5468,8
693,-377.96442,8
694,-283.7124,8
695,-159.71251,8
696,-375.00403,8
697,-181.58044,8
698,-166.15373,8
699,-197.7358,8
700,-305.9306,8
701,-230.37288,8
702,-254.71178,8
703,-184.77,8
704,-335.53546,8
705,-266.74548,8
706,-221.39064,8
707,-210.22401,8
708,-124.804985,8
709,-270.6521,8
710,-221.18614,8
711,-166.49028,8
712,-199.17589,8
713,-178.04594,8
714,-137.309,8
715,-288.10474,8
716,-249.41406,8
717,-194.30908,8
718,-180.34554,8
719,-186.94,8
720,-192.99904,9
721,-286.18347,9
722,-128.56992,9
723,-369.64532,9
724,-177.70851,9
725,-158.95381,9
726,-177.01817,9
727,-129.74136,9
728,-166.32295,9
729,-143.04613,9
730,-213.35353,9
731,-134.46304,9
732,-189.9528,9
733,-169.76314,9
734,-163.70485,9
735,-190.86597,9
736,-138.98035,9
737,-185.76381,9
738,-207.17424,9
739,-175.9238,9
740,-237.53055,9
741,-178.3824,9
742,-133.03041,9
743,-162.79964,9
744,-245.54951,9
745,-248.93098,9
746,-116.53362,9
747,-199.18013,9
748,-191.62068,9
749,-175.71745,9
750,-192.08777,9
751,-145.03496,9
752,-289.22998,9
753,-214.3817,9
754,-278.1433,9
755,-142.35542,9
756,-186.27405,9
757,-162.83572,9
758,-212.14323,9
759,-109.8201,9
760,-188.84471,9
761,-189.71184,9
762,-117.862724,9
763,-103.48999,9
764,-227.59325,9
765,-218.46112,9
766,-179.58826,9
767,-176.28246,9
768,-113.76006,9
769,-166.65819,9
770,-180.61308,9
771,-157.45001,9
772,-186.76915,9
773,-116.24995,9
774,-171.1151,9
775,-182.59679,9
776,-207.45143,9
777,-170.24947,9
778,-162.15181,9
779,-163.72244,9
780,-277.79562,9
781,-142.58308,9
782,-103.23858,9
783,-195.92212,9
784,-173.25143,9
785,-222.22112,9
786,-182.63364,9
787,-135.62904,9
788,-155.6428,9
789,-199.74037,9
790,-165.20706,9
791,-191.18076,9
792,-263.3193,9
793,-161.81166,9
794,-160.50232,9
795,-148.25838,9
796,-164.3113,9
797,-165.80731,9
798,-230.62425,9
799,-137.94446,9
