Image,Value,Label
0,-128.40439,0
1,-108.89655,0
2,43.4452,0
3,-19.231195,0
4,-93.494064,0
5,-112.300964,0
6,-8.352816,0
7,-7.6535664,0
8,-19.046488,0
9,16.832748,0
10,-142.69734,0
11,-38.752766,0
12,-80.21982,0
13,-130.0635,0
14,-87.580795,0
15,-54.119614,0
16,-25.8591,0
17,15.454816,0
18,-23.931276,0
19,64.890884,0
20,-43.72977,0
21,-46.8725,0
22,37.537792,0
23,-98.41182,0
24,-178.00095,0
25,-136.75784,0
26,-103.41606,0
27,-161.116,0
28,14.122404,0
29,-17.195467,0
30,-118.54593,0
31,-254.72171,0
32,-151.91855,0
33,-176.74706,0
34,57.531975,0
35,-11.201414,0
36,-213.29453,0
37,-52.375973,0
38,-97.70693,0
39,-255.87582,0
40,-115.931175,0
41,-112.71066,0
42,-185.4994,0
43,-36.744488,0
44,-131.09848,0
45,-66.95181,0
46,25.777283,0
47,-121.050156,0
48,-16.246119,0
49,-93.6807,0
50,-90.46024,0
51,-48.447445,0
52,-66.93184,0
53,-117.61487,0
54,-45.08437,0
55,30.208082,0
56,-8.767324,0
57,-161.30649,0
58,-218.17572,0
59,-160.65051,0
60,0.09430489,0
61,-129.18231,0
62,-186.69565,0
63,45.221664,0
64,-145.74895,0
65,-136.07526,0
66,-115.791374,0
67,-185.11351,0
68,-105.93013,0
69,-60.85364,0
70,-9.558462,0
71,-34.249325,0
72,-127.31393,0
73,-19.572134,0
74,-62.836185,0
75,-207.2359,0
76,71.377625,0
77,-79.09102,0
78,-122.07601,0
79,-175.10779,0
80,-129.75516,1
81,-135.47882,1
82,-161.20364,1
83,-156.12445,1
84,-179.23178,1
85,-139.22752,1
86,-166.98332,1
87,-171.95438,1
88,-140.15594,1
89,-169.58661,1
90,-186.9834,1
91,-158.82764,1
92,-208.80164,1
93,-131.2603,1
94,-253.48058,1
95,-203.91632,1
96,-205.3899,1
97,-149.54002,1
98,-105.224625,1
99,-137.80817,1
100,-162.09918,1
101,-161.63898,1
102,-156.13486,1
103,-180.09035,1
104,-137.86018,1
105,-162.38129,1
106,-231.36774,1
107,-180.46051,1
108,-134.23561,1
109,-118.603424,1
110,-217.94234,1
111,-149.03189,1
112,-126.14838,1
113,-147.53824,1
114,-167.57458,1
115,-131.70557,1
116,-182.26315,1
117,-201.49353,1
118,-147.9623,1
119,-174.4501,1
120,-118.28275,1
121,-175.76764,1
122,-192.5939,1
123,-113.88008,1
124,-150.52068,1
125,-153.65887,1
126,-171.44046,1
127,-113.67756,1
128,-146.52332,1
129,-155.43526,1
130,-229.3724,1
131,-180.46088,1
132,-196.60901,1
133,-161.21379,1
134,-127.6059,1
135,-132.46237,1
136,-138.34335,1
137,-95.2554,1
138,-163.49867,1
139,-152.75421,1
140,-159.63359,1
141,-176.37859,1
142,-227.73727,1
143,-140.42018,1
144,-198.65753,1
145,-173.0959,1
146,-103.851685,1
147,-94.377304,1
148,-101.17455,1
149,-196.1481,1
150,-137.38351,1
151,-205.54042,1
152,-228.2026,1
153,-117.05437,1
154,-127.06128,1
155,-168.95059,1
156,-289.87888,1
157,-144.86932,1
158,-161.75938,1
159,-92.4725,1
160,-200.60312,2
161,-179.43149,2
162,-9.976912,2
163,-289.64996,2
164,-76.98642,2
165,97.0598,2
166,-89.52611,2
167,-289.89325,2
168,5.618683,2
169,45.42725,2
170,-112.36054,2
171,-83.15491,2
172,-37.245358,2
173,6.194336,2
174,-114.78408,2
175,51.096134,2
176,-24.362263,2
177,56.41502,2
178,82.40239,2
179,36.753643,2
180,-130.40341,2
181,61.226936,2
182,-172.61673,2
183,36.100266,2
184,-70.33114,2
185,-219.99744,2
186,-138.75449,2
187,75.01254,2
188,-253.06516,2
189,-159.51302,2
190,-70.754005,2
191,-43.838013,2
192,-9.140724,2
193,-265.49426,2
194,53.093452,2
195,67.22334,2
196,-20.50072,2
197,12.217157,2
198,-27.45125,2
199,-13.462306,2
200,-89.4944,2
201,-285.31512,2
202,-3.174156,2
203,-146.87473,2
204,-54.305088,2
205,-68.055824,2
206,-48.487564,2
207,-217.28877,2
208,-64.505806,2
209,-64.35626,2
210,-82.11867,2
211,-64.40203,2
212,-32.42482,2
213,-113.396454,2
214,94.61729,2
215,53.231266,2
216,-192.33276,2
217,-51.306057,2
218,-65.727,2
219,-176.63036,2
220,3.2015703,2
221,-178.09909,2
222,-47.05918,2
223,-165.43431,2
224,-110.08925,2
225,-296.89032,2
226,-13.254427,2
227,-100.51573,2
228,-6.152033,2
229,-46.12913,2
230,-143.97174,2
231,-70.45964,2
232,85.79289,2
233,-242.33456,2
234,102.22165,2
235,56.653328,2
236,-249.2405,2
237,-187.14072,2
238,-28.288172,2
239,31.674261,2
240,-22.262209,3
241,-47.18091,3
242,-156.32034,3
243,-33.358677,3
244,-5.2863445,3
245,-90.341835,3
246,91.40843,3
247,-29.356937,3
248,-96.334114,3
249,-91.80611,3
250,3.7431238,3
251,31.864305,3
252,-63.961826,3
253,-68.922104,3
254,86.090935,3
255,56.1929,3
256,-60.08549,3
257,-170.02165,3
258,-110.58718,3
259,30.787245,3
260,-81.43981,3
261,-43.618557,3
262,-56.386818,3
263,-94.663506,3
264,-125.52332,3
265,9.948311,3
266,-111.35216,3
267,-64.5183,3
268,-141.39694,3
269,-110.952705,3
270,-155.73376,3
271,33.179325,3
272,-29.39612,3
273,-16.417574,3
274,-46.596256,3
275,-45.643826,3
276,-29.17737,3
277,-137.064,3
278,-43.886765,3
279,-79.800705,3
280,47.373898,3
281,-54.21306,3
282,-10.819422,3
283,174.53766,3
284,50.818424,3
285,-109.582695,3
286,36.098797,3
287,93.67651,3
288,-63.3511,3
289,-24.889467,3
290,-50.106236,3
291,-101.23145,3
292,8.437159,3
293,-17.102852,3
294,1.7449702,3
295,-135.04414,3
296,-136.33424,3
297,-132.87341,3
298,87.358154,3
299,30.19766,3
300,-88.82995,3
301,100.48087,3
302,-66.97719,3
303,1.5275964,3
304,71.58857,3
305,-36.802963,3
306,-68.24408,3
307,-38.85501,3
308,-182.09267,3
309,-85.99769,3
310,-19.291136,3
311,-19.192543,3
312,-127.19174,3
313,-67.24167,3
314,-16.326193,3
315,-4.9849873,3
316,-89.33133,3
317,-75.30854,3
318,-145.31398,3
319,-155.3745,3
320,-38.60857,4
321,-20.0232,4
322,44.64787,4
323,-39.888798,4
324,21.729912,4
325,8.174776,4
326,5.242746,4
327,42.21807,4
328,2.793718,4
329,20.908854,4
330,28.167053,4
331,-11.229204,4
332,-3.941923,4
333,-35.611027,4
334,76.22306,4
335,0.4383944,4
336,-68.15675,4
337,41.504032,4
338,105.62619,4
339,65.789185,4
340,121.7358,4
341,18.326292,4
342,34.620007,4
343,48.15989,4
344,57.478024,4
345,41.755043,4
346,8.560422,4
347,-92.20472,4
348,-130.47394,4
349,-60.765514,4
350,134.99173,4
351,-12.880461,4
352,4.4729996,4
353,-76.88008,4
354,11.858814,4
355,-1.1366063,4
356,70.06673,4
357,75.97691,4
358,9.499285,4
359,9.466211,4
360,45.287563,4
361,60.503628,4
362,-9.857779,4
363,-5.6171684,4
364,26.251478,4
365,23.020765,4
366,48.41277,4
367,44.534607,4
368,17.631094,4
369,9.120726,4
370,-37.47328,4
371,-12.498917,4
372,25.297163,4
373,9.663909,4
374,72.0836,4
375,45.75395,4
376,-14.672712,4
377,-30.011904,4
378,35.91942,4
379,13.526415,4
380,88.11183,4
381,3.4300783,4
382,27.576841,4
383,43.57236,4
384,50.310047,4
385,-87.8743,4
386,87.25641,4
387,31.703325,4
388,23.17021,4
389,-82.22642,4
390,-38.501762,4
391,89.590256,4
392,94.454384,4
393,38.57661,4
394,3.3623884,4
395,-14.6973095,4
396,68.517975,4
397,-74.14178,4
398,-113.63934,4
399,16.98107,4
400,-138.1921,5
401,99.736374,5
402,74.71723,5
403,109.466324,5
404,199.18774,5
405,103.043236,5
406,2.8473356,5
407,-18.619692,5
408,148.81511,5
409,-154.00458,5
410,57.32074,5
411,125.96374,5
412,-157.15578,5
413,17.623116,5
414,241.8615,5
415,-93.00981,5
416,181.20364,5
417,52.78707,5
418,-20.882734,5
419,38.91018,5
420,222.5727,5
421,71.741776,5
422,-113.128784,5
423,250.95558,5
424,-96.75812,5
425,-218.96442,5
426,-1.2197763,5
427,263.13266,5
428,172.94693,5
429,154.50739,5
430,172.20499,5
431,204.91678,5
432,141.0084,5
433,-36.778385,5
434,106.23488,5
435,161.20773,5
436,-73.01222,5
437,160.79425,5
438,-41.779045,5
439,-226.5557,5
440,-21.873236,5
441,254.06772,5
442,201.83615,5
443,62.497276,5
444,-135.7982,5
445,108.71269,5
446,119.257706,5
447,128.4705,5
448,147.81937,5
449,50.014595,5
450,93.59095,5
451,40.154453,5
452,4.7397985,5
453,90.001,5
454,74.36718,5
455,139.12761,5
456,-162.77414,5
457,77.69186,5
458,124.68906,5
459,77.24382,5
460,170.54489,5
461,127.114944,5
462,128.3362,5
463,63.543217,5
464,9.489111,5
465,104.41592,5
466,122.39897,5
467,-160.4235,5
468,173.96588,5
469,165.07526,5
470,183.63705,5
471,-36.269985,5
472,167.63443,5
473,-17.667173,5
474,98.898544,5
475,62.858585,5
476,145.38277,5
477,4.293442,5
478,101.4041,5
479,90.655396,5
480,-25.883127,6
481,-46.344944,6
482,6.603771,6
483,21.96154,6
484,-2.6838133,6
485,-41.44685,6
486,0.31175408,6
487,72.33765,6
488,-9.409845,6
489,-31.485655,6
490,-19.084063,6
491,-42.76877,6
492,-30.106829,6
493,12.861221,6
494,-114.842255,6
495,49.46355,6
496,-91.55175,6
497,50.44449,6
498,-152.20923,6
499,-142.67465,6
500,4.167721,6
501,-70.30269,6
502,-91.37961,6
503,-75.287636,6
504,-74.506035,6
505,-198.20009,6
506,1.4290332,6
507,-3.2746594,6
508,-35.46751,6
509,53.47365,6
510,193.36444,6
511,-7.8370132,6
512,-153.42708,6
513,-80.69887,6
514,68.423874,6
515,33.64938,6
516,45.295666,6
517,-9.036478,6
518,-68.12276,6
519,-45.152977,6
520,2.7467096,6
521,-53.82943,6
522,85.20802,6
523,-51.089382,6
524,88.58145,6
525,-67.98602,6
526,27.229074,6
527,-71.42965,6
528,-91.26722,6
529,-44.360886,6
530,-50.623253,6
531,-30.576458,6
532,18.495665,6
533,-91.238785,6
534,-42.26237,6
535,-44.13988,6
536,35.1864,6
537,-49.650967,6
538,-99.46921,6
539,-95.70867,6
540,-59.942127,6
541,-69.163704,6
542,-63.17425,6
543,-54.843987,6
544,-42.934536,6
545,-64.47778,6
546,100.707016,6
547,79.49861,6
548,65.91643,6
549,59.995365,6
550,140.45569,6
551,49.20532,6
552,-44.58047,6
553,-33.67161,6
554,93.16737,6
555,-1.7273408,6
556,-86.012985,6
557,-88.10328,6
558,-185.6445,6
559,31.90135,6
560,136.5489,7
561,57.600018,7
562,62.85614,7
563,150.45958,7
564,168.92473,7
565,241.98384,7
566,19.467808,7
567,89.986664,7
568,79.75715,7
569,236.31284,7
570,156.1243,7
571,60.178577,7
572,116.126175,7
573,188.9359,7
574,98.52596,7
575,175.4255,7
576,-31.604265,7
577,185.00269,7
578,104.29971,7
579,158.9389,7
580,160.36217,7
581,122.347244,7
582,167.5964,7
583,85.128136,7
584,59.18308,7
585,-65.65556,7
586,187.74295,7
587,70.08072,7
588,126.750435,7
589,10.224541,7
590,-53.184505,7
591,100.733894,7
592,107.847305,7
593,-28.858698,7
594,105.6239,7
595,66.95981,7
596,-102.47827,7
597,14.122152,7
598,195.00543,7
599,184.24406,7
600,151.49799,7
601,2.3424394,7
602,96.81028,7
603,102.64686,7
604,121.65369,7
605,100.68251,7
606,-6.8241787,7
607,-36.586437,7
608,163.07114,7
609,128.67604,7
610,99.616776,7
611,144.61353,7
612,5.5746174,7
613,233.31113,7
614,43.090237,7
615,78.59831,7
616,177.42621,7
617,243.50693,7
618,145.91685,7
619,18.483667,7
620,-22.253412,7
621,141.47925,7
622,92.547066,7
623,160.43956,7
624,-68.35518,7
625,159.09926,7
626,167.3272,7
627,164.71465,7
628,47.64118,7
629,240.0168,7
630,237.64842,7
631,93.677475,7
632,125.20014,7
633,136.90747,7
634,-27.783895,7
635,214.10555,7
636,108.31679,7
637,212.2117,7
638,24.495428,7
639,76.58506,7
640,100.1126,8
641,-17.610102,8
642,101.70476,8
643,-161.0202,8
644,22.513636,8
645,21.356659,8
646,-27.08251,8
647,23.999472,8
648,-64.40142,8
649,106.04811,8
650,37.872948,8
651,32.442703,8
652,72.62324,8
653,129.76677,8
654,93.65999,8
655,120.23326,8
656,0.82897365,8
657,-30.505026,8
658,-110.52388,8
659,-52.06347,8
660,-75.454025,8
661,-1.6580116,8
662,8.838686,8
663,58.989136,8
664,54.029743,8
665,66.44323,8
666,44.670307,8
667,60.03805,8
668,-36.709442,8
669,39.68317,8
670,30.54151,8
671,53.90108,8
672,117.21492,8
673,46.46448,8
674,-111.711464,8
675,132.80487,8
676,-32.753532,8
677,-21.320436,8
678,50.691936,8
679,73.235,8
680,16.396412,8
681,-2.9883292,8
682,88.17843,8
683,-2.2294,8
684,-39.666607,8
685,131.00371,8
686,-17.049696,8
687,17.847544,8
688,41.361816,8
689,5.861858,8
690,-80.55519,8
691,-42.45792,8
692,75.69518,8
693,117.04213,8
694,39.60135,8
695,-97.27193,8
696,53.469868,8
697,36.581944,8
698,-109.36924,8
699,67.56212,8
700,17.398363,8
701,-49.608093,8
702,75.9225,8
703,103.04031,8
704,-84.53714,8
705,92.513664,8
706,20.70434,8
707,-72.09481,8
708,-86.58114,8
709,9.966349,8
710,96.248795,8
711,-18.04962,8
712,-116.91577,8
713,-69.144196,8
714,63.50826,8
715,66.85067,8
716,2.2460363,8
717,-157.88214,8
718,-47.14574,8
719,82.03162,8
720,198.35272,9
721,123.14607,9
722,72.965004,9
723,148.46318,9
724,151.60004,9
725,203.72705,9
726,104.25048,9
727,118.38805,9
728,142.61476,9
729,100.28545,9
730,162.89441,9
731,143.88637,9
732,159.57246,9
733,101.93681,9
734,164.195,9
735,153.65302,9
736,153.89572,9
737,138.05562,9
738,123.06622,9
739,39.03317,9
740,250.85999,9
741,169.94696,9
742,111.813484,9
743,199.86331,9
744,137.75317,9
745,166.40831,9
746,123.09849,9
747,186.90085,9
748,171.8057,9
749,174.74628,9
750,127.027435,9
751,167.23276,9
752,179.44902,9
753,238.44023,9
754,229.96162,9
755,73.766426,9
756,70.93804,9
757,90.319305,9
758,121.69374,9
759,59.517925,9
760,104.68251,9
761,215.10565,9
762,181.69232,9
763,58.238434,9
764,115.770706,9
765,110.14444,9
766,91.198296,9
767,140.3075,9
768,145.53052,9
769,74.793884,9
770,141.89087,9
771,119.62483,9
772,83.21302,9
773,119.429855,9
774,232.61914,9
775,147.88243,9
776,206.56165,9
777,140.87816,9
778,113.82245,9
779,116.61905,9
780,32.919,9
781,86.941284,9
782,74.559814,9
783,26.371965,9
784,97.13754,9
785,69.83069,9
786,170.37238,9
787,125.00966,9
788,140.7301,9
789,168.68526,9
790,111.85722,9
791,119.39102,9
792,214.7913,9
793,142.44745,9
794,116.90242,9
795,222.81998,9
796,137.0374,9
797,164.52945,9
798,213.1706,9
799,138.63202,9
