Image,Value,Label
0,-732.34424,0
1,-130.59776,0
2,-207.33484,0
3,-474.955,0
4,-268.03046,0
5,-60.05647,0
6,-379.85806,0
7,-253.57846,0
8,-407.2083,0
9,-188.09442,0
10,-187.28128,0
11,-371.33215,0
12,-530.37744,0
13,-210.09201,0
14,-514.51074,0
15,-130.992,0
16,-187.30096,0
17,-289.69647,0
18,-620.878,0
19,-319.084,0
20,-594.14044,0
21,-80.898476,0
22,-427.3566,0
23,25.216007,0
24,-641.1465,0
25,-64.53639,0
26,-520.0585,0
27,-14.269392,0
28,-362.67093,0
29,-499.78662,0
30,-140.74571,0
31,-336.66617,0
32,-445.2303,0
33,-366.18137,0
34,-275.35837,0
35,-439.42728,0
36,-180.02579,0
37,-470.86194,0
38,-4.5919323,0
39,-321.66525,0
40,-480.6968,0
41,-143.69371,0
42,-407.13016,0
43,-241.03362,0
44,-63.661304,0
45,-290.29727,0
46,-317.1633,0
47,-311.11923,0
48,-94.750984,0
49,-172.80797,0
50,-352.52863,0
51,4.0645,0
52,-205.71744,0
53,-312.25876,0
54,-660.7379,0
55,-543.3517,0
56,-339.33063,0
57,-126.833496,0
58,-556.95605,0
59,-153.69357,0
60,-282.89935,0
61,-180.28629,0
62,-98.24979,0
63,-399.41513,0
64,-62.00421,0
65,-517.05664,0
66,-206.94284,0
67,-223.93506,0
68,-89.37536,0
69,-537.4944,0
70,-562.23645,0
71,-500.4609,0
72,-335.80008,0
73,-341.89453,0
74,-128.58014,0
75,-227.43921,0
76,-347.717,0
77,-935.0497,0
78,-538.1602,0
79,-457.36676,0
80,-133.28534,1
81,-83.30166,1
82,-103.145996,1
83,-162.25803,1
84,-71.034645,1
85,-211.15659,1
86,-128.50346,1
87,-138.88132,1
88,-110.950966,1
89,-236.23932,1
90,-82.77837,1
91,-87.9113,1
92,-177.108,1
93,-163.2157,1
94,4.0606565,1
95,-66.491356,1
96,-76.04229,1
97,-54.864456,1
98,-136.39249,1
99,-155.66312,1
100,-141.38351,1
101,-52.225487,1
102,-173.97952,1
103,-57.70213,1
104,-81.72779,1
105,-158.05585,1
106,-150.26022,1
107,-104.8075,1
108,-101.810936,1
109,-77.067,1
110,-178.38744,1
111,-104.181915,1
112,-102.074875,1
113,-140.63937,1
114,-108.49536,1
115,-112.282646,1
116,-71.587456,1
117,-60.626724,1
118,-177.74982,1
119,-45.00218,1
120,-94.582436,1
121,-129.47906,1
122,-108.82452,1
123,-173.69696,1
124,-160.8872,1
125,-97.482666,1
126,-81.293816,1
127,-121.56813,1
128,-113.140976,1
129,-110.371445,1
130,-37.288357,1
131,-60.021023,1
132,-27.201406,1
133,-89.44955,1
134,-95.51546,1
135,-149.6671,1
136,-126.62203,1
137,-128.00731,1
138,-130.38567,1
139,-166.59967,1
140,-128.04248,1
141,-95.84601,1
142,-184.85005,1
143,-155.9203,1
144,-96.03419,1
145,-160.35583,1
146,-159.03719,1
147,-173.2746,1
148,-141.41106,1
149,-113.04523,1
150,-179.25105,1
151,-173.94086,1
152,-20.926361,1
153,-183.9687,1
154,-145.177,1
155,-148.52914,1
156,-342.08286,1
157,-87.304924,1
158,-152.25684,1
159,-168.1846,1
160,-174.6181,2
161,-201.61671,2
162,-240.29808,2
163,-129.46565,2
164,-273.4511,2
165,-299.22794,2
166,-123.82836,2
167,-387.94962,2
168,-248.37628,2
169,-357.58017,2
170,-91.42806,2
171,-409.87167,2
172,-202.42906,2
173,-200.04225,2
174,-144.2284,2
175,-358.68332,2
176,-168.46631,2
177,-246.80338,2
178,-312.46255,2
179,-317.80984,2
180,-11.633031,2
181,-289.244,2
182,-282.36954,2
183,-339.76474,2
184,-312.01538,2
185,-249.371,2
186,-249.92897,2
187,-262.42075,2
188,-39.44991,2
189,-64.03597,2
190,-135.04483,2
191,-116.471214,2
192,-290.7103,2
193,-240.8393,2
194,-129.43268,2
195,-280.96796,2
196,-266.861,2
197,-227.03108,2
198,-249.13344,2
199,-328.2286,2
200,-244.39767,2
201,-310.4916,2
202,-147.08176,2
203,-171.21938,2
204,-91.756805,2
205,-137.67087,2
206,-223.3125,2
207,-221.40594,2
208,-274.67093,2
209,-181.74548,2
210,-158.44934,2
211,-393.08853,2
212,-168.73264,2
213,-246.55681,2
214,-237.27266,2
215,-254.57494,2
216,-292.08444,2
217,-152.17351,2
218,-373.15024,2
219,-187.75038,2
220,-206.14648,2
221,-337.18625,2
222,-344.88608,2
223,-205.92366,2
224,-142.07544,2
225,-61.947544,2
226,-337.99585,2
227,-25.705442,2
228,-336.9384,2
229,-145.07077,2
230,-42.006794,2
231,-214.81714,2
232,-241.47195,2
233,-307.73544,2
234,-272.97473,2
235,-246.4721,2
236,-194.6694,2
237,-338.29562,2
238,-26.291164,2
239,-121.39385,2
240,-369.99298,3
241,-242.28342,3
242,-147.91684,3
243,-72.187325,3
244,-233.44807,3
245,-219.35788,3
246,-386.48358,3
247,-215.18263,3
248,-308.06476,3
249,-189.36502,3
250,-311.95706,3
251,-184.08163,3
252,-208.18997,3
253,-174.11005,3
254,-352.317,3
255,-341.06113,3
256,-106.66496,3
257,-318.19485,3
258,-504.5781,3
259,-307.14883,3
260,-238.55959,3
261,-367.66855,3
262,-311.07346,3
263,-47.862747,3
264,-175.89362,3
265,-306.8878,3
266,-366.65213,3
267,-249.08238,3
268,-79.181625,3
269,-229.68553,3
270,-171.87021,3
271,-354.90408,3
272,-235.37927,3
273,-172.76953,3
274,-204.29953,3
275,-123.62483,3
276,-353.46835,3
277,-163.96678,3
278,-270.33136,3
279,-356.07193,3
280,-233.77155,3
281,-381.01608,3
282,-348.85483,3
283,-150.2215,3
284,-323.9123,3
285,-223.5179,3
286,-298.97766,3
287,-394.74698,3
288,-258.93372,3
289,-397.04016,3
290,-246.65515,3
291,-184.15959,3
292,-147.5812,3
293,-245.56264,3
294,-193.05101,3
295,-208.94833,3
296,-195.81874,3
297,-277.88083,3
298,-223.75978,3
299,-445.54404,3
300,-273.44025,3
301,-308.04166,3
302,-78.23185,3
303,-90.5667,3
304,-199.64479,3
305,-97.54307,3
306,-228.27975,3
307,-143.12274,3
308,-86.94967,3
309,-147.80734,3
310,-458.9092,3
311,-181.53806,3
312,-90.32513,3
313,-55.368855,3
314,-307.08493,3
315,-289.3876,3
316,-174.41753,3
317,-288.3497,3
318,-255.6083,3
319,-518.2832,3
320,13.873267,4
321,12.630801,4
322,-72.905136,4
323,-29.971289,4
324,-95.51405,4
325,-51.508114,4
326,44.81689,4
327,39.713657,4
328,-72.2336,4
329,36.4757,4
330,-192.70837,4
331,20.971426,4
332,-57.98562,4
333,-101.34823,4
334,-44.12009,4
335,4.1747932,4
336,-20.403585,4
337,-278.01166,4
338,-177.4334,4
339,-19.64354,4
340,-213.65883,4
341,-161.96686,4
342,-111.88107,4
343,-71.46666,4
344,-55.691116,4
345,-61.074474,4
346,82.35263,4
347,-225.21613,4
348,-107.96027,4
349,35.44163,4
350,-76.691795,4
351,-91.84315,4
352,-170.80789,4
353,-101.66894,4
354,-266.20743,4
355,-144.56818,4
356,-134.92635,4
357,-56.598766,4
358,-0.78127974,4
359,-95.51476,4
360,-105.2085,4
361,-5.5344095,4
362,-133.66512,4
363,15.880576,4
364,2.4680202,4
365,-82.850395,4
366,-203.80853,4
367,-112.80838,4
368,-70.79043,4
369,-77.92141,4
370,-81.4155,4
371,15.182343,4
372,49.426357,4
373,-154.84837,4
374,-240.06609,4
375,-79.58764,4
376,47.652702,4
377,38.49066,4
378,-102.367836,4
379,-134.92197,4
380,-73.24371,4
381,-107.20075,4
382,-4.8714075,4
383,-157.14458,4
384,-213.76117,4
385,37.221706,4
386,-102.90266,4
387,-19.284697,4
388,-35.832005,4
389,-34.067833,4
390,-90.08545,4
391,-133.20917,4
392,-78.50663,4
393,-217.28061,4
394,-47.88794,4
395,-226.80118,4
396,-38.96194,4
397,-114.14196,4
398,-97.47854,4
399,-204.82623,4
400,-150.47089,5
401,-116.06635,5
402,-109.18223,5
403,-235.2731,5
404,-127.67012,5
405,-143.9324,5
406,-139.63159,5
407,-106.22767,5
408,-161.47525,5
409,-57.579052,5
410,33.24155,5
411,-173.81169,5
412,-45.20272,5
413,-3.0240576,5
414,-136.40976,5
415,-49.884422,5
416,-579.74976,5
417,7.445346,5
418,-150.72215,5
419,-264.41647,5
420,-113.47132,5
421,-114.48952,5
422,-310.56924,5
423,-116.814125,5
424,-59.101295,5
425,-88.42878,5
426,-11.383401,5
427,-290.33328,5
428,-185.53185,5
429,-167.35808,5
430,-336.3641,5
431,-140.69652,5
432,-164.96248,5
433,37.372555,5
434,-171.88171,5
435,-182.5969,5
436,-295.57468,5
437,-193.30205,5
438,-147.5423,5
439,-215.07988,5
440,-10.614875,5
441,-156.52429,5
442,-142.47144,5
443,-32.84791,5
444,-204.89627,5
445,-101.00292,5
446,-177.0172,5
447,-71.28466,5
448,-296.9554,5
449,-217.86896,5
450,-66.683205,5
451,-105.522194,5
452,-106.43345,5
453,-101.44898,5
454,129.20071,5
455,-11.565991,5
456,-84.86016,5
457,-211.04108,5
458,20.904917,5
459,-258.64948,5
460,10.034947,5
461,-167.12933,5
462,-57.38956,5
463,-156.83313,5
464,-241.39342,5
465,-165.67255,5
466,-199.81122,5
467,-247.9375,5
468,-158.46478,5
469,-73.389755,5
470,-87.81781,5
471,-126.839355,5
472,-220.76791,5
473,-243.08423,5
474,-135.78314,5
475,-145.08897,5
476,-59.679512,5
477,18.144634,5
478,-183.9018,5
479,-31.829077,5
480,165.34183,6
481,-23.268753,6
482,209.70636,6
483,179.41708,6
484,129.16682,6
485,175.24506,6
486,101.84479,6
487,74.82519,6
488,224.97958,6
489,-108.44799,6
490,235.8323,6
491,156.91217,6
492,127.40859,6
493,203.56837,6
494,114.82307,6
495,38.68386,6
496,136.05505,6
497,33.13311,6
498,-175.24274,6
499,-350.29053,6
500,210.83063,6
501,87.78681,6
502,147.19035,6
503,184.16306,6
504,202.64365,6
505,-88.20255,6
506,97.17565,6
507,78.325356,6
508,-5.606618,6
509,6.7246485,6
510,35.130108,6
511,158.99713,6
512,-281.12064,6
513,158.77942,6
514,138.35907,6
515,176.57861,6
516,232.88586,6
517,170.49828,6
518,186.51443,6
519,134.90506,6
520,243.25833,6
521,155.119,6
522,-63.54756,6
523,95.600624,6
524,-284.45892,6
525,92.771095,6
526,-12.415887,6
527,174.20618,6
528,-73.7885,6
529,119.34049,6
530,184.03612,6
531,78.30364,6
532,39.310055,6
533,124.42388,6
534,86.586136,6
535,264.34512,6
536,-118.6839,6
537,116.55975,6
538,179.14166,6
539,238.2687,6
540,141.81325,6
541,161.353,6
542,105.0742,6
543,245.17444,6
544,101.000404,6
545,92.151886,6
546,205.88669,6
547,150.23994,6
548,214.51074,6
549,212.35196,6
550,-140.05417,6
551,144.34065,6
552,-198.30516,6
553,218.33534,6
554,252.3227,6
555,152.67656,6
556,191.17545,6
557,-603.6323,6
558,-204.61816,6
559,218.25122,6
560,-273.09006,7
561,-163.6052,7
562,-135.32361,7
563,-88.743195,7
564,-129.48341,7
565,-271.35147,7
566,-258.58636,7
567,-106.969734,7
568,-160.8855,7
569,-247.89537,7
570,-340.394,7
571,-73.80852,7
572,-207.61191,7
573,-327.56433,7
574,-99.528435,7
575,-106.65011,7
576,-256.2508,7
577,-205.83511,7
578,-284.99823,7
579,-183.86392,7
580,-218.91629,7
581,-253.28958,7
582,-153.68564,7
583,-292.49643,7
584,-195.31082,7
585,-100.02117,7
586,-185.33179,7
587,-210.33182,7
588,-107.148155,7
589,-72.76269,7
590,-313.68213,7
591,-115.46429,7
592,-78.58567,7
593,-207.48285,7
594,-171.67845,7
595,-188.25037,7
596,-97.92069,7
597,-178.32616,7
598,-117.81705,7
599,-189.38828,7
600,-194.60709,7
601,-208.56322,7
602,-294.69492,7
603,-325.1956,7
604,-223.70522,7
605,-184.62363,7
606,-181.06984,7
607,-272.62564,7
608,-87.918205,7
609,-176.7534,7
610,-272.85275,7
611,-194.97462,7
612,-201.80855,7
613,-183.92813,7
614,-190.40576,7
615,-118.7795,7
616,-93.09733,7
617,-200.04506,7
618,-171.82042,7
619,-175.1508,7
620,-44.81234,7
621,-245.4013,7
622,-138.95026,7
623,-11.50977,7
624,-130.93867,7
625,-295.15738,7
626,-213.60358,7
627,-196.5659,7
628,-186.18137,7
629,-144.3589,7
630,-160.51001,7
631,-225.24493,7
632,-219.28668,7
633,-117.33134,7
634,-249.34305,7
635,-193.57338,7
636,-182.67566,7
637,-148.5065,7
638,-209.25458,7
639,-88.600845,7
640,-498.57956,8
641,-175.89987,8
642,-234.49643,8
643,-68.93363,8
644,-156.60338,8
645,-135.01944,8
646,-142.15463,8
647,-91.29122,8
648,-50.458584,8
649,-222.47897,8
650,-152.57027,8
651,-218.94778,8
652,-167.94019,8
653,-324.7669,8
654,-130.55783,8
655,-321.66034,8
656,-65.1575,8
657,-175.13147,8
658,-167.23903,8
659,-414.96484,8
660,-266.49136,8
661,-153.65848,8
662,-108.12882,8
663,-249.4014,8
664,-250.45624,8
665,-136.82324,8
666,-246.07175,8
667,-23.959291,8
668,-81.7193,8
669,-25.995901,8
670,-91.26825,8
671,-74.2465,8
672,-347.4952,8
673,-312.63272,8
674,-158.59674,8
675,-137.75702,8
676,-195.98251,8
677,34.02925,8
678,-61.038868,8
679,-147.56091,8
680,-173.51273,8
681,-212.5168,8
682,-206.96231,8
683,-133.35233,8
684,-284.38828,8
685,-124.57564,8
686,-165.17511,8
687,-373.45303,8
688,-127.9602,8
689,-13.512342,8
690,-114.86922,8
691,-327.75845,8
692,-267.0057,8
693,-224.30884,8
694,-246.23221,8
695,-203.65742,8
696,-455.40216,8
697,-104.38999,8
698,-227.02423,8
699,-30.276508,8
700,-265.9986,8
701,-118.969666,8
702,-225.67558,8
703,-42.8278,8
704,-315.22433,8
705,-144.92183,8
706,-157.46347,8
707,-283.9264,8
708,-141.16563,8
709,-113.409706,8
710,-205.7207,8
711,-105.267815,8
712,-186.53905,8
713,-72.58897,8
714,-81.40774,8
715,-187.49542,8
716,-179.7721,8
717,-95.09592,8
718,-116.80944,8
719,-94.6899,8
720,-54.61446,9
721,-175.75964,9
722,-170.91107,9
723,-165.08417,9
724,-70.2621,9
725,-182.08478,9
726,-85.33501,9
727,-148.328,9
728,-19.887548,9
729,-98.70044,9
730,18.739769,9
731,16.123337,9
732,-280.32397,9
733,-176.68045,9
734,-120.96078,9
735,-168.20532,9
736,-22.895493,9
737,-207.99078,9
738,-69.33026,9
739,-20.13878,9
740,-117.68519,9
741,-73.03744,9
742,-227.39972,9
743,-145.69954,9
744,-223.17053,9
745,-226.82294,9
746,16.212545,9
747,-98.142265,9
748,-104.38535,9
749,-153.05847,9
750,-98.75068,9
751,-126.305565,9
752,-114.10923,9
753,-134.79483,9
754,-295.72537,9
755,-130.0882,9
756,19.98787,9
757,-9.983563,9
758,-228.29738,9
759,-41.866013,9
760,-125.58376,9
761,-80.54963,9
762,-180.71765,9
763,-215.73154,9
764,-148.7854,9
765,-241.60213,9
766,-116.31029,9
767,-83.12652,9
768,-63.035843,9
769,-162.65851,9
770,-141.97806,9
771,-96.44172,9
772,-218.09929,9
773,-73.34046,9
774,-128.50797,9
775,-12.678107,9
776,-56.92996,9
777,-89.52881,9
778,-144.45016,9
779,-43.32864,9
780,-198.15227,9
781,-224.77838,9
782,24.632475,9
783,-110.28173,9
784,-117.57658,9
785,-125.87435,9
786,-384.37067,9
787,43.329647,9
788,-16.738379,9
789,-84.33859,9
790,23.05672,9
791,-154.2622,9
792,-220.33405,9
793,-204.54872,9
794,-85.61355,9
795,-105.34937,9
796,-165.12567,9
797,-68.01068,9
798,-99.92454,9
799,-122.61793,9
