Image,Value,Label
0,-351.6177,0
1,-156.73062,0
2,-58.78355,0
3,-360.9094,0
4,-119.49826,0
5,-110.940186,0
6,-104.71092,0
7,-138.19247,0
8,-185.55545,0
9,-95.31743,0
10,-138.09657,0
11,-178.09319,0
12,-237.07736,0
13,-216.28348,0
14,-275.0332,0
15,-43.74613,0
16,-112.02649,0
17,-172.58063,0
18,-191.14867,0
19,-299.64877,0
20,-248.9878,0
21,-143.7822,0
22,-309.05542,0
23,-119.749695,0
24,-471.30243,0
25,-128.07462,0
26,-250.13957,0
27,-52.204674,0
28,-182.34308,0
29,-266.79492,0
30,-97.49956,0
31,-256.35083,0
32,-262.31516,0
33,-322.58447,0
34,-49.331036,0
35,-98.7789,0
36,-37.06445,0
37,-292.2556,0
38,-84.806854,0
39,-160.99382,0
40,-258.4738,0
41,-144.61038,0
42,-115.58825,0
43,-122.43404,0
44,-98.785126,0
45,-268.42523,0
46,-87.78862,0
47,-195.58464,0
48,-82.9787,0
49,-129.7404,0
50,-167.00519,0
51,-84.18224,0
52,-147.79088,0
53,-151.79767,0
54,-354.82684,0
55,-318.41052,0
56,-66.62479,0
57,-158.47333,0
58,-323.81036,0
59,-129.8672,0
60,-80.94203,0
61,-288.89886,0
62,-175.15862,0
63,-321.70935,0
64,-111.87482,0
65,-416.25073,0
66,-199.22206,0
67,-191.13832,0
68,-114.14014,0
69,-345.68945,0
70,-380.3511,0
71,-318.5208,0
72,-176.75986,0
73,-15.101223,0
74,-81.49286,0
75,-372.5355,0
76,-116.12912,0
77,-245.27838,0
78,-307.47363,0
79,-389.0925,0
80,-130.33168,1
81,-41.185623,1
82,-66.322464,1
83,-52.664036,1
84,-102.88423,1
85,-146.15413,1
86,-69.48709,1
87,-55.276752,1
88,-71.74287,1
89,-99.703766,1
90,-122.2097,1
91,-163.45998,1
92,-111.50305,1
93,-95.01423,1
94,-63.620777,1
95,-85.55492,1
96,-3.4655962,1
97,-149.25638,1
98,-173.94879,1
99,-80.09243,1
100,-33.990486,1
101,-133.74017,1
102,-75.41414,1
103,-161.29803,1
104,-160.16603,1
105,-35.77964,1
106,-90.21344,1
107,-89.14108,1
108,-129.22644,1
109,-134.94841,1
110,-119.86348,1
111,-56.67965,1
112,-105.779526,1
113,-116.14081,1
114,-96.55928,1
115,-160.08151,1
116,-39.532772,1
117,-145.65733,1
118,-136.80838,1
119,-136.15787,1
120,-156.8874,1
121,-45.611885,1
122,-137.82077,1
123,-158.75925,1
124,-127.24778,1
125,-142.97018,1
126,20.413567,1
127,-159.06998,1
128,-141.4952,1
129,-94.69145,1
130,-109.60617,1
131,-102.18224,1
132,-68.83862,1
133,-150.29936,1
134,-171.5727,1
135,-145.69003,1
136,-178.27426,1
137,-163.87582,1
138,-123.43389,1
139,-64.295395,1
140,-111.952934,1
141,-104.99823,1
142,-100.77272,1
143,-121.104355,1
144,-99.34574,1
145,-93.17876,1
146,-161.46335,1
147,-140.8736,1
148,-42.034428,1
149,-93.2556,1
150,-107.868675,1
151,-90.548355,1
152,-11.610055,1
153,-99.10657,1
154,-7.0077915,1
155,-99.92351,1
156,-106.867516,1
157,-139.83029,1
158,-82.78531,1
159,-121.88429,1
160,-92.23142,2
161,-85.69946,2
162,-234.98752,2
163,-48.983166,2
164,-43.750416,2
165,-93.59901,2
166,-239.87589,2
167,-70.567924,2
168,-150.08237,2
169,-100.50862,2
170,-142.85461,2
171,4.597327,2
172,-159.47928,2
173,-11.125019,2
174,58.601376,2
175,7.270253,2
176,-103.164536,2
177,-139.90372,2
178,-267.89532,2
179,-153.54698,2
180,-94.16864,2
181,-36.575386,2
182,-124.04345,2
183,-97.01877,2
184,-102.60585,2
185,-136.07358,2
186,-171.19759,2
187,-235.73885,2
188,-133.20537,2
189,-142.62465,2
190,-124.14818,2
191,-55.09236,2
192,-125.73361,2
193,-84.74154,2
194,-168.67206,2
195,-83.45167,2
196,-189.98575,2
197,-274.97028,2
198,-109.94852,2
199,-113.16797,2
200,-201.45706,2
201,46.0493,2
202,-210.98648,2
203,-177.43332,2
204,-188.35669,2
205,-156.44894,2
206,-53.720135,2
207,-292.81635,2
208,-51.160076,2
209,29.3264,2
210,-73.73027,2
211,-177.71631,2
212,-112.32063,2
213,-61.49474,2
214,-151.2348,2
215,-95.25627,2
216,-116.82028,2
217,-212.93228,2
218,-114.56688,2
219,-101.47468,2
220,-173.26344,2
221,-177.72192,2
222,-165.77222,2
223,-65.54681,2
224,-127.99753,2
225,-106.61032,2
226,-170.60274,2
227,-71.1163,2
228,-170.02908,2
229,-16.024504,2
230,-199.21024,2
231,-204.59058,2
232,-199.12201,2
233,-168.98723,2
234,-198.5375,2
235,-143.09576,2
236,-69.74023,2
237,-52.847145,2
238,-127.98027,2
239,-12.380603,2
240,17.146559,3
241,-42.711338,3
242,8.079286,3
243,-71.61766,3
244,-34.25861,3
245,-36.218056,3
246,-101.99498,3
247,-48.241993,3
248,49.244946,3
249,2.690755,3
250,15.7593775,3
251,-0.8783407,3
252,-59.497196,3
253,53.914516,3
254,9.808051,3
255,-2.8078203,3
256,-88.541214,3
257,63.545914,3
258,-58.107586,3
259,-87.40202,3
260,-5.319804,3
261,-12.216914,3
262,44.503757,3
263,56.061214,3
264,-99.7612,3
265,-100.395966,3
266,14.908938,3
267,45.80691,3
268,-161.10332,3
269,-116.27723,3
270,0.3379126,3
271,-54.73153,3
272,54.876522,3
273,-31.09956,3
274,-36.431004,3
275,-77.496605,3
276,-86.56653,3
277,-46.14887,3
278,-106.60541,3
279,-97.64389,3
280,15.75717,3
281,18.725164,3
282,-57.340057,3
283,-42.37477,3
284,-125.165764,3
285,-54.937244,3
286,-131.26886,3
287,-2.475832,3
288,4.328973,3
289,-114.606445,3
290,-6.353112,3
291,-90.20361,3
292,31.261879,3
293,-183.63562,3
294,14.545285,3
295,-58.671764,3
296,-125.25921,3
297,-58.839245,3
298,126.99129,3
299,-271.11685,3
300,18.067625,3
301,-76.29397,3
302,-95.08467,3
303,-10.507979,3
304,-59.910015,3
305,21.418661,3
306,-87.907394,3
307,-62.959957,3
308,-39.988297,3
309,-61.207592,3
310,-105.358765,3
311,5.8685865,3
312,-36.737473,3
313,1.8603601,3
314,17.288473,3
315,-177.5433,3
316,-36.615368,3
317,-59.2672,3
318,46.686108,3
319,-250.54599,3
320,-154.65067,4
321,-15.315782,4
322,-128.7362,4
323,3.80515,4
324,-90.288315,4
325,-108.240845,4
326,-49.57932,4
327,9.719975,4
328,80.67848,4
329,-132.21996,4
330,-80.44234,4
331,-83.68394,4
332,-102.86882,4
333,-96.9611,4
334,-12.693323,4
335,-80.39125,4
336,-88.234695,4
337,-173.31535,4
338,-126.22139,4
339,1.6197567,4
340,-23.487123,4
341,-110.92851,4
342,-118.94612,4
343,-138.19153,4
344,-41.874004,4
345,-81.93705,4
346,46.158382,4
347,-168.60672,4
348,-106.403305,4
349,-50.76775,4
350,51.16932,4
351,-208.42407,4
352,-130.93262,4
353,-81.390915,4
354,-159.51828,4
355,16.466082,4
356,-316.88232,4
357,39.84912,4
358,-107.46636,4
359,-97.0277,4
360,-195.20169,4
361,-64.729004,4
362,-228.15285,4
363,-65.40439,4
364,-25.201468,4
365,-116.02989,4
366,-99.07591,4
367,-118.79422,4
368,-64.910995,4
369,-70.06669,4
370,-140.68665,4
371,-86.41911,4
372,-77.021774,4
373,-116.62208,4
374,-195.49257,4
375,-69.08437,4
376,-64.65487,4
377,-2.652667,4
378,-87.31471,4
379,-129.09601,4
380,-109.737305,4
381,-157.71533,4
382,-119.917786,4
383,-46.9147,4
384,-99.37621,4
385,-56.17718,4
386,-13.154134,4
387,47.005283,4
388,-107.48033,4
389,-112.89648,4
390,-243.124,4
391,-51.493748,4
392,-56.538055,4
393,-222.0462,4
394,-156.8547,4
395,-249.01561,4
396,1.0754156,4
397,-73.96945,4
398,-195.56694,4
399,-98.18015,4
400,-124.587395,5
401,114.71306,5
402,-40.84498,5
403,-78.459854,5
404,102.48323,5
405,72.11732,5
406,-74.57464,5
407,226.71626,5
408,-50.10472,5
409,65.34049,5
410,-14.927073,5
411,112.208565,5
412,-158.77576,5
413,94.631676,5
414,200.04663,5
415,6.800088,5
416,-4.8381376,5
417,29.34318,5
418,-14.936888,5
419,113.5629,5
420,21.499836,5
421,-49.506115,5
422,-14.767013,5
423,175.01343,5
424,61.304897,5
425,-131.42924,5
426,28.193941,5
427,156.32146,5
428,237.94148,5
429,130.7038,5
430,9.55136,5
431,177.84201,5
432,126.387405,5
433,107.30245,5
434,180.23521,5
435,8.74005,5
436,-55.594814,5
437,165.61514,5
438,-116.44894,5
439,-68.66879,5
440,-28.218384,5
441,180.2963,5
442,142.44435,5
443,136.94823,5
444,-63.705082,5
445,79.30472,5
446,15.878325,5
447,107.33457,5
448,57.566692,5
449,-35.783516,5
450,-41.156757,5
451,-15.076215,5
452,-38.656242,5
453,158.01254,5
454,104.95996,5
455,49.238117,5
456,-31.470888,5
457,89.55743,5
458,47.73882,5
459,19.31653,5
460,49.790916,5
461,177.7427,5
462,144.46178,5
463,-32.53857,5
464,-4.3639936,5
465,-7.54391,5
466,25.534044,5
467,-151.88066,5
468,95.4915,5
469,208.0584,5
470,123.60283,5
471,29.436638,5
472,138.44096,5
473,-151.3445,5
474,74.35007,5
475,-22.030313,5
476,148.55444,5
477,117.35289,5
478,-12.91729,5
479,249.2234,5
480,96.810295,6
481,-221.14322,6
482,108.62504,6
483,27.99318,6
484,37.613033,6
485,28.487993,6
486,11.59345,6
487,124.701996,6
488,100.822914,6
489,-92.73547,6
490,-43.129807,6
491,94.620964,6
492,-44.37128,6
493,47.899334,6
494,-64.84493,6
495,78.97292,6
496,21.772871,6
497,100.19774,6
498,-194.08098,6
499,-451.83173,6
500,26.121761,6
501,-46.035225,6
502,54.657505,6
503,-75.35055,6
504,83.06499,6
505,-162.9322,6
506,-61.51304,6
507,43.76869,6
508,-140.87793,6
509,-23.66223,6
510,-12.58509,6
511,140.08733,6
512,-265.32043,6
513,125.92673,6
514,23.632025,6
515,28.898748,6
516,160.21648,6
517,49.254566,6
518,114.23178,6
519,80.28311,6
520,70.33541,6
521,119.14607,6
522,-172.44946,6
523,62.4323,6
524,-226.62218,6
525,-1.8286123,6
526,-141.11105,6
527,36.77144,6
528,-35.17688,6
529,35.42346,6
530,-8.271513,6
531,13.715053,6
532,3.8020506,6
533,-9.603821,6
534,-37.709232,6
535,65.77719,6
536,-29.37197,6
537,134.59744,6
538,96.846565,6
539,11.06503,6
540,-157.39352,6
541,-35.24081,6
542,55.57563,6
543,98.112595,6
544,-81.14702,6
545,133.45828,6
546,152.25177,6
547,-167.24106,6
548,107.45708,6
549,70.641045,6
550,104.10774,6
551,29.659777,6
552,65.37126,6
553,75.01352,6
554,42.226566,6
555,15.678371,6
556,101.5526,6
557,-277.37402,6
558,-193.3821,6
559,-2.5412169,6
560,7.6609163,7
561,-11.780047,7
562,0.5909052,7
563,-67.82135,7
564,34.670364,7
565,-38.84085,7
566,-186.33295,7
567,68.86221,7
568,0.17232612,7
569,-113.44756,7
570,-129.25188,7
571,9.120258,7
572,-104.13054,7
573,-124.50995,7
574,58.137894,7
575,-45.65641,7
576,-84.73451,7
577,-75.13548,7
578,12.904059,7
579,-89.512535,7
580,-27.21516,7
581,20.601593,7
582,-95.90294,7
583,-43.128803,7
584,7.938157,7
585,-62.97852,7
586,-215.16643,7
587,-84.51677,7
588,-0.9664717,7
589,-140.55539,7
590,-133.93408,7
591,-45.720123,7
592,-36.8087,7
593,-120.7977,7
594,-64.14996,7
595,-29.572031,7
596,-88.50142,7
597,-15.501002,7
598,-59.438663,7
599,-18.508116,7
600,44.89741,7
601,0.8406954,7
602,-92.37155,7
603,-130.08006,7
604,-51.40604,7
605,-20.806885,7
606,-55.354435,7
607,-111.78293,7
608,88.2048,7
609,20.62444,7
610,-108.595825,7
611,-226.08536,7
612,-127.02426,7
613,-31.147793,7
614,23.082552,7
615,-72.406746,7
616,-37.936115,7
617,-112.52331,7
618,-60.575912,7
619,-125.26836,7
620,-45.104446,7
621,-65.83169,7
622,-53.561398,7
623,-64.063866,7
624,-23.526606,7
625,-217.86133,7
626,-37.356968,7
627,-73.454926,7
628,-2.6356764,7
629,-39.62345,7
630,-50.97464,7
631,-5.2326155,7
632,-52.41129,7
633,-25.815954,7
634,-19.896395,7
635,-41.828922,7
636,-6.6672792,7
637,-76.12086,7
638,-162.6007,7
639,-25.468826,7
640,147.10242,8
641,126.94984,8
642,-37.389175,8
643,52.694233,8
644,172.43637,8
645,96.24468,8
646,264.84378,8
647,188.6047,8
648,96.96692,8
649,149.64796,8
650,309.1143,8
651,46.029404,8
652,233.72461,8
653,44.93824,8
654,216.41919,8
655,112.91521,8
656,19.040834,8
657,140.79398,8
658,194.4032,8
659,-95.127426,8
660,53.20105,8
661,345.82086,8
662,274.86053,8
663,66.972404,8
664,-81.47042,8
665,-54.34042,8
666,-55.98748,8
667,194.23338,8
668,166.10829,8
669,197.48833,8
670,240.38448,8
671,254.52324,8
672,-130.82832,8
673,280.45215,8
674,53.397533,8
675,255.34262,8
676,9.578845,8
677,74.43033,8
678,169.06255,8
679,149.55038,8
680,231.01305,8
681,120.121666,8
682,140.91362,8
683,82.98966,8
684,142.69995,8
685,-13.53835,8
686,109.19191,8
687,189.95587,8
688,231.91953,8
689,97.43982,8
690,-31.822954,8
691,194.18256,8
692,85.72667,8
693,156.56828,8
694,84.08455,8
695,163.00986,8
696,-43.818317,8
697,179.2987,8
698,7.4630365,8
699,-4.131257,8
700,294.0526,8
701,168.09341,8
702,41.554558,8
703,146.40327,8
704,233.38873,8
705,115.50684,8
706,24.790094,8
707,107.45686,8
708,167.10461,8
709,196.44443,8
710,67.290726,8
711,224.80276,8
712,69.73197,8
713,151.59082,8
714,125.19848,8
715,285.33508,8
716,-87.137596,8
717,133.58415,8
718,85.9747,8
719,169.36162,8
720,99.88194,9
721,208.2535,9
722,19.334078,9
723,-61.338665,9
724,74.45215,9
725,64.03285,9
726,105.22928,9
727,4.2356005,9
728,73.04657,9
729,42.985012,9
730,79.44725,9
731,11.550661,9
732,-77.47528,9
733,4.562112,9
734,24.574694,9
735,117.4989,9
736,59.490707,9
737,41.844982,9
738,82.86721,9
739,58.38268,9
740,52.604404,9
741,46.808754,9
742,-148.4851,9
743,-47.256725,9
744,-99.83883,9
745,-100.77289,9
746,-10.106386,9
747,87.32878,9
748,162.25876,9
749,108.31786,9
750,47.868847,9
751,71.69854,9
752,-104.28727,9
753,95.50061,9
754,-94.37915,9
755,50.824352,9
756,129.40295,9
757,100.3477,9
758,81.93889,9
759,34.1079,9
760,41.33359,9
761,108.18089,9
762,-104.30498,9
763,10.054241,9
764,107.02633,9
765,0.2824488,9
766,3.8911238,9
767,-3.1386442,9
768,40.18409,9
769,39.637257,9
770,113.78241,9
771,80.358315,9
772,72.103714,9
773,36.615223,9
774,132.09488,9
775,78.48851,9
776,144.39377,9
777,19.742922,9
778,-89.1535,9
779,54.776497,9
780,-87.43138,9
781,51.47815,9
782,51.10877,9
783,-12.244536,9
784,88.81439,9
785,54.0716,9
786,-40.334747,9
787,42.54553,9
788,-4.523719,9
789,65.301056,9
790,124.60736,9
791,45.464577,9
792,63.624897,9
793,185.0502,9
794,107.91691,9
795,30.62412,9
796,-10.908749,9
797,122.45415,9
798,66.63675,9
799,114.35017,9
