Image,Value,Label
0,10.016093,0
1,-88.60946,0
2,-197.2881,0
3,-205.07051,0
4,-250.91896,0
5,-268.3755,0
6,-305.35898,0
7,-191.16069,0
8,-147.67305,0
9,-148.92082,0
10,0.6384935,0
11,-179.60164,0
12,-198.69032,0
13,-146.86151,0
14,-50.567177,0
15,-114.7347,0
16,-166.01207,0
17,-145.9116,0
18,-333.0639,0
19,-181.19096,0
20,-269.42285,0
21,-187.0301,0
22,-171.0887,0
23,-131.43236,0
24,5.5684924,0
25,-135.20155,0
26,-38.84461,0
27,-173.085,0
28,-184.11296,0
29,-44.236763,0
30,-174.36577,0
31,-56.846607,0
32,-10.228869,0
33,-99.44793,0
34,-265.32828,0
35,-186.57753,0
36,-164.99638,0
37,-57.697758,0
38,-228.53998,0
39,-7.843877,0
40,-83.456375,0
41,-242.292,0
42,-231.35786,0
43,-215.97249,0
44,-181.63255,0
45,-364.94006,0
46,-137.32962,0
47,-189.32335,0
48,-140.36177,0
49,-119.70678,0
50,-112.43953,0
51,-200.37393,0
52,-155.36182,0
53,-147.83754,0
54,13.067562,0
55,3.9549274,0
56,-299.43903,0
57,-56.755554,0
58,-222.94862,0
59,-82.59833,0
60,-165.24907,0
61,-166.56975,0
62,-164.40785,0
63,-166.21645,0
64,-132.87779,0
65,-180.33131,0
66,-111.19936,0
67,-90.98232,0
68,-107.87943,0
69,69.02882,0
70,-19.010984,0
71,-157.62126,0
72,-130.41116,0
73,-184.86403,0
74,-223.63676,0
75,-80.182175,0
76,-275.6535,0
77,-256.26938,0
78,22.772703,0
79,-22.53024,0
80,113.88587,1
81,40.357426,1
82,15.691944,1
83,-66.588196,1
84,68.43074,1
85,113.67145,1
86,2.5347378,1
87,2.416748,1
88,38.64077,1
89,54.200665,1
90,21.263437,1
91,105.67262,1
92,72.75671,1
93,137.65083,1
94,60.15358,1
95,19.977625,1
96,71.309235,1
97,105.947914,1
98,107.02575,1
99,41.11721,1
100,5.974908,1
101,91.36001,1
102,100.64635,1
103,86.574844,1
104,87.76438,1
105,-6.8467207,1
106,47.46779,1
107,128.29688,1
108,96.1448,1
109,159.09592,1
110,84.0893,1
111,89.910286,1
112,135.07271,1
113,144.48276,1
114,118.26413,1
115,112.261185,1
116,20.661009,1
117,76.97553,1
118,94.23425,1
119,122.55249,1
120,134.94908,1
121,-16.570532,1
122,72.7662,1
123,59.582092,1
124,72.0326,1
125,56.88755,1
126,-26.85071,1
127,127.4898,1
128,128.14914,1
129,26.002504,1
130,129.97652,1
131,70.57779,1
132,6.4088287,1
133,122.05673,1
134,60.546833,1
135,144.8345,1
136,126.69256,1
137,89.668816,1
138,87.8753,1
139,11.328024,1
140,24.374687,1
141,39.359074,1
142,64.78622,1
143,133.33018,1
144,26.572659,1
145,114.484474,1
146,124.517914,1
147,125.087494,1
148,-17.182562,1
149,110.84287,1
150,90.82449,1
151,87.03397,1
152,23.673937,1
153,131.50757,1
154,-14.686184,1
155,142.43782,1
156,101.36151,1
157,86.37023,1
158,-3.1807308,1
159,38.02241,1
160,116.16901,2
161,185.03813,2
162,200.03253,2
163,-124.34796,2
164,180.05309,2
165,148.46727,2
166,299.84915,2
167,171.23491,2
168,249.60931,2
169,201.56435,2
170,125.02475,2
171,276.75385,2
172,187.37474,2
173,210.21297,2
174,86.96621,2
175,50.434677,2
176,180.07661,2
177,224.57375,2
178,139.66823,2
179,213.71504,2
180,5.8422947,2
181,270.99957,2
182,267.99487,2
183,171.86119,2
184,139.8567,2
185,153.35905,2
186,142.70259,2
187,102.48447,2
188,58.934124,2
189,72.10516,2
190,137.13213,2
191,152.56712,2
192,260.63672,2
193,198.43275,2
194,195.78828,2
195,-15.066791,2
196,233.64865,2
197,239.47269,2
198,168.11699,2
199,111.57906,2
200,73.22506,2
201,50.129375,2
202,156.22101,2
203,-254.99866,2
204,120.04197,2
205,48.60437,2
206,69.805435,2
207,220.58542,2
208,199.64578,2
209,78.66348,2
210,87.66062,2
211,230.19069,2
212,162.87335,2
213,200.01021,2
214,287.57242,2
215,240.9683,2
216,131.11234,2
217,51.392,2
218,192.64296,2
219,-54.310753,2
220,241.61061,2
221,81.059715,2
222,312.24847,2
223,97.34121,2
224,36.05021,2
225,-28.889236,2
226,166.28777,2
227,2.6889715,2
228,288.3056,2
229,-56.664433,2
230,36.719425,2
231,-44.673668,2
232,196.54222,2
233,19.585646,2
234,336.5312,2
235,179.45439,2
236,11.767547,2
237,184.84276,2
238,120.05906,2
239,154.60626,2
240,-112.64576,3
241,47.0606,3
242,-132.03487,3
243,-119.32342,3
244,-211.20766,3
245,-84.9049,3
246,-227.62881,3
247,30.065105,3
248,-2.1210194,3
249,-125.14531,3
250,-298.5163,3
251,63.393333,3
252,-59.003334,3
253,-299.40765,3
254,24.27486,3
255,2.5718627,3
256,-224.4683,3
257,-97.14788,3
258,-147.60695,3
259,-157.76237,3
260,-205.62712,3
261,-359.1513,3
262,-113.66846,3
263,-3.175233,3
264,-36.733795,3
265,-88.42285,3
266,-288.46405,3
267,-94.131645,3
268,-193.6621,3
269,-179.80252,3
270,7.3108835,3
271,44.79842,3
272,-172.14699,3
273,-97.14743,3
274,-38.80149,3
275,-230.78581,3
276,-317.56592,3
277,47.87158,3
278,-201.98518,3
279,53.927475,3
280,-57.502296,3
281,44.45929,3
282,-32.6152,3
283,-327.22678,3
284,105.270256,3
285,9.000464,3
286,-222.91473,3
287,-238.5223,3
288,-193.79832,3
289,6.088023,3
290,-233.58327,3
291,-324.60187,3
292,-345.14645,3
293,-414.37433,3
294,-208.81914,3
295,-49.910835,3
296,-100.24602,3
297,-170.60718,3
298,-71.771515,3
299,-68.16629,3
300,-90.82258,3
301,-336.40768,3
302,45.46877,3
303,-136.19095,3
304,128.15704,3
305,-166.09883,3
306,-123.98222,3
307,-66.8381,3
308,-106.83105,3
309,-97.30663,3
310,-245.73967,3
311,20.74544,3
312,-78.152596,3
313,-87.796844,3
314,-46.616558,3
315,-125.51777,3
316,16.870848,3
317,-167.91647,3
318,-215.84103,3
319,-146.93233,3
320,-255.96382,4
321,-16.90101,4
322,-122.95342,4
323,-66.70575,4
324,-272.35754,4
325,-226.14427,4
326,-10.330106,4
327,-128.89818,4
328,-68.900795,4
329,-30.538168,4
330,-201.58504,4
331,-131.22072,4
332,-157.49663,4
333,-195.29347,4
334,-133.02507,4
335,11.958365,4
336,13.283744,4
337,-330.4967,4
338,-260.24518,4
339,-48.63716,4
340,-206.92839,4
341,-107.66117,4
342,-237.1951,4
343,-36.677643,4
344,-211.93164,4
345,-164.45183,4
346,-26.893951,4
347,-23.529612,4
348,-66.35378,4
349,-59.38423,4
350,-318.29697,4
351,-67.85963,4
352,-89.835075,4
353,-75.5104,4
354,-3.736104,4
355,-145.83147,4
356,-439.9353,4
357,-159.43199,4
358,-61.645752,4
359,-145.261,4
360,-102.86941,4
361,-247.41121,4
362,-208.75731,4
363,-17.257658,4
364,-70.12388,4
365,-178.66577,4
366,-265.69604,4
367,-292.95776,4
368,-122.89733,4
369,-58.171177,4
370,-89.07573,4
371,-95.92165,4
372,13.769273,4
373,-9.877152,4
374,-570.954,4
375,-241.54143,4
376,-27.192236,4
377,-84.37569,4
378,-195.63419,4
379,-35.385887,4
380,-164.80322,4
381,-4.131482,4
382,-173.76498,4
383,-51.752274,4
384,-171.31697,4
385,-17.513542,4
386,-173.41747,4
387,-133.76482,4
388,-45.35119,4
389,-242.50244,4
390,-229.14099,4
391,-49.459827,4
392,-115.60205,4
393,-199.87366,4
394,-134.21825,4
395,-199.52608,4
396,-86.37197,4
397,-115.84065,4
398,-195.68399,4
399,-89.04079,4
400,-181.1357,5
401,-187.07216,5
402,-192.94255,5
403,-264.3121,5
404,-211.53084,5
405,-102.931435,5
406,-348.4469,5
407,-24.31317,5
408,-335.7423,5
409,-223.45369,5
410,-96.08837,5
411,-304.32162,5
412,-40.613438,5
413,-131.92891,5
414,-107.53522,5
415,-51.05057,5
416,-124.935585,5
417,-345.08154,5
418,-128.92119,5
419,-105.35699,5
420,-184.58061,5
421,-164.98123,5
422,-120.11219,5
423,-455.30188,5
424,-80.04304,5
425,-247.10854,5
426,-123.417076,5
427,-413.60138,5
428,-409.4224,5
429,-359.14197,5
430,-466.00098,5
431,-201.12015,5
432,-153.44237,5
433,-102.60854,5
434,-358.96994,5
435,-199.07997,5
436,-89.19422,5
437,-157.24269,5
438,-115.07288,5
439,-73.06398,5
440,-189.1821,5
441,-241.59453,5
442,-420.69098,5
443,-44.456505,5
444,-102.643295,5
445,-218.41872,5
446,-215.06154,5
447,-185.57027,5
448,-467.33023,5
449,-22.355543,5
450,-187.79634,5
451,-36.618507,5
452,-207.00793,5
453,-162.03188,5
454,41.055515,5
455,-315.27402,5
456,-62.21774,5
457,-379.36777,5
458,-211.86638,5
459,-329.28088,5
460,-164.87381,5
461,-356.08585,5
462,-239.709,5
463,-105.83766,5
464,-88.741295,5
465,-81.32623,5
466,-396.84842,5
467,-161.86473,5
468,-243.3133,5
469,-401.3891,5
470,-154.65224,5
471,-195.98717,5
472,-293.9504,5
473,-4.9836855,5
474,-373.1706,5
475,-133.30191,5
476,-348.27594,5
477,5.143771,5
478,20.901203,5
479,-155.03185,5
480,31.712183,6
481,-77.820946,6
482,-90.98317,6
483,-75.26307,6
484,-22.411715,6
485,-53.863426,6
486,-203.07333,6
487,-147.65633,6
488,-275.9264,6
489,-77.47921,6
490,-110.38047,6
491,-35.26293,6
492,-24.333364,6
493,-86.4602,6
494,-79.32578,6
495,-119.29137,6
496,-118.78437,6
497,-62.96458,6
498,-46.30601,6
499,-48.488686,6
500,-24.795584,6
501,-82.75163,6
502,-12.534875,6
503,-29.188154,6
504,-27.815798,6
505,-147.62639,6
506,-115.29264,6
507,-89.16181,6
508,-73.94361,6
509,-123.0118,6
510,-148.23944,6
511,-87.06575,6
512,-78.76217,6
513,-71.71309,6
514,-4.78983,6
515,-75.13814,6
516,-36.365643,6
517,-42.53491,6
518,-76.28028,6
519,-46.854305,6
520,-157.0957,6
521,-94.550316,6
522,-35.239113,6
523,-240.72005,6
524,43.983116,6
525,-148.1977,6
526,-71.20193,6
527,-44.153336,6
528,-101.02682,6
529,18.855774,6
530,-32.676247,6
531,26.02204,6
532,-63.79857,6
533,-10.531587,6
534,-85.88729,6
535,-51.192772,6
536,-83.742714,6
537,-233.81303,6
538,-132.4789,6
539,-75.5335,6
540,-20.20495,6
541,-59.802826,6
542,-50.038807,6
543,-70.36032,6
544,-11.534085,6
545,6.9186344,6
546,5.4121237,6
547,-12.956125,6
548,-93.8726,6
549,-84.42134,6
550,-90.829735,6
551,-125.16665,6
552,-65.961006,6
553,-17.297354,6
554,-127.74552,6
555,-139.80733,6
556,-173.44864,6
557,1.3041066,6
558,-22.613556,6
559,-60.67597,6
560,-167.57202,7
561,64.26792,7
562,83.12476,7
563,-214.46223,7
564,-400.90295,7
565,-32.008057,7
566,-361.78076,7
567,-69.27531,7
568,-250.43367,7
569,156.10245,7
570,-331.51218,7
571,83.759964,7
572,37.388268,7
573,-510.01068,7
574,109.319695,7
575,-23.555534,7
576,-82.334854,7
577,26.280996,7
578,11.904534,7
579,54.158928,7
580,109.5922,7
581,-5.36515,7
582,15.697545,7
583,-237.92375,7
584,-173.75716,7
585,-71.25452,7
586,-93.42449,7
587,-6.769331,7
588,32.87393,7
589,-414.01245,7
590,-553.10345,7
591,25.641748,7
592,-165.91461,7
593,154.85017,7
594,10.116625,7
595,-0.15543088,7
596,-641.4446,7
597,-72.79885,7
598,-235.6096,7
599,-218.22002,7
600,-615.71716,7
601,51.58629,7
602,-51.290627,7
603,135.40173,7
604,-49.517365,7
605,-243.74449,7
606,-168.49406,7
607,-508.80157,7
608,-205.88908,7
609,-15.377372,7
610,62.675903,7
611,-364.08636,7
612,-259.3778,7
613,-206.2896,7
614,-170.25569,7
615,53.508793,7
616,-69.95526,7
617,52.150826,7
618,26.17822,7
619,-153.34811,7
620,61.877613,7
621,36.59374,7
622,-155.2449,7
623,-89.57954,7
624,77.00087,7
625,-327.17242,7
626,75.70614,7
627,15.127566,7
628,41.946815,7
629,53.287395,7
630,-19.9071,7
631,62.845848,7
632,-45.01309,7
633,-172.93776,7
634,-366.47577,7
635,28.001574,7
636,-309.06842,7
637,-15.978734,7
638,9.554996,7
639,74.01009,7
640,-302.3663,8
641,-187.11919,8
642,-159.58095,8
643,-22.482616,8
644,-73.93887,8
645,-29.02532,8
646,41.114925,8
647,-94.97278,8
648,-164.10374,8
649,-136.92053,8
650,-174.77419,8
651,-131.43387,8
652,-252.12984,8
653,-174.45842,8
654,-235.27296,8
655,-233.72374,8
656,-154.4775,8
657,-71.848465,8
658,-95.37377,8
659,-209.74702,8
660,-240.30046,8
661,-3.4314127,8
662,-35.445976,8
663,-258.61694,8
664,-151.48094,8
665,-114.20256,8
666,-251.53459,8
667,-73.81048,8
668,-162.42174,8
669,-240.47124,8
670,-118.59914,8
671,-89.76269,8
672,-271.5719,8
673,-52.661476,8
674,0.25700846,8
675,-142.52397,8
676,88.09605,8
677,-99.53001,8
678,-29.446041,8
679,-186.29813,8
680,-109.37345,8
681,-42.415073,8
682,-262.46463,8
683,-197.48378,8
684,-59.31431,8
685,-247.50844,8
686,-106.71751,8
687,-317.3819,8
688,-263.73242,8
689,-27.943884,8
690,-122.15915,8
691,-200.82283,8
692,-348.31964,8
693,-259.1689,8
694,-165.36224,8
695,-35.282852,8
696,-509.42352,8
697,-64.89063,8
698,12.048898,8
699,-225.25601,8
700,-206.19975,8
701,-118.004456,8
702,-147.13934,8
703,-37.4403,8
704,-98.38685,8
705,-162.25954,8
706,-127.64346,8
707,-42.99009,8
708,-141.38847,8
709,-118.026405,8
710,-93.51443,8
711,-73.987656,8
712,-49.277824,8
713,-4.197339,8
714,-113.05189,8
715,-121.70539,8
716,-169.35959,8
717,-99.401054,8
718,-109.51803,8
719,-24.846418,8
720,-201.48929,9
721,-461.3844,9
722,-277.1424,9
723,-369.3382,9
724,-158.23677,9
725,-334.13556,9
726,-143.00378,9
727,-63.484505,9
728,-247.50214,9
729,-169.13934,9
730,-194.87471,9
731,-40.303253,9
732,-270.8109,9
733,-257.4193,9
734,-245.19072,9
735,-112.57,9
736,-79.75098,9
737,-307.82178,9
738,-308.2228,9
739,-306.16263,9
740,-187.6386,9
741,-327.90833,9
742,-136.0309,9
743,-225.14351,9
744,-114.78695,9
745,-192.40662,9
746,-103.7247,9
747,-299.72293,9
748,-51.009926,9
749,-121.62929,9
750,-176.92952,9
751,-312.5316,9
752,-276.03235,9
753,-226.2914,9
754,-515.7988,9
755,-177.75255,9
756,-220.75157,9
757,-151.56935,9
758,-272.28687,9
759,-64.73815,9
760,-400.75824,9
761,-77.06681,9
762,-82.119194,9
763,-258.45053,9
764,-360.03943,9
765,-143.90623,9
766,-136.76483,9
767,-298.99136,9
768,-190.8298,9
769,-205.62029,9
770,-421.09094,9
771,-215.40414,9
772,-302.7595,9
773,-148.91864,9
774,-245.14204,9
775,-87.3644,9
776,-388.2511,9
777,-178.1563,9
778,-125.70108,9
779,-157.22,9
780,-721.8158,9
781,-136.9085,9
782,-3.1849751,9
783,-333.01965,9
784,-250.118,9
785,-259.51202,9
786,-51.465523,9
787,-41.637215,9
788,-91.33808,9
789,-121.8935,9
790,-207.83061,9
791,-219.47673,9
792,-302.517,9
793,-216.71346,9
794,-157.67024,9
795,-120.470116,9
796,-210.7674,9
797,-182.8989,9
798,-243.25702,9
799,-87.9065,9
